1570182425121 1.0885628461837769 0
1570182426685 0.9555719494819641 0
1570182428004 0.7325866222381592 0
1570182429404 0.8333189487457275 0
1570182430807 0.622380256652832 0
1570182432116 0.6151491403579712 0
1570182433349 0.9995854496955872 0
1570182434688 0.8248403668403625 0
1570182436176 0.927655816078186 0
1570182437671 0.7548867464065552 0
1570182439150 0.7149335741996765 0
1570182440477 0.722663402557373 0
1570182441908 0.6429196000099182 0
1570182443273 0.45324599742889404 0
1570182444737 0.5153541564941406 0
1570182446072 0.49194180965423584 0
1570182447501 0.7858823537826538 0
1570182448803 0.6906995177268982 0
1570182450198 0.5425529479980469 0
1570182451566 0.6841491460800171 0
1570182452938 0.5890687704086304 0
1570182454214 0.6138455867767334 0
1570182455833 0.5897942781448364 0
1570182457436 0.6001918315887451 0
1570182458888 0.5363758206367493 0
1570182460217 0.5828791856765747 0
1570182461585 0.628195583820343 0
1570182463032 0.5259028673171997 0
1570182464363 0.5793256759643555 0
1570182465736 0.6400116682052612 0
1570182466997 0.5756384134292603 0
1570182468292 0.537268877029419 0
1570182469766 0.5267728567123413 0
1570182471447 0.5472078323364258 0
1570182472898 0.6108013391494751 0
1570182474407 0.6456336379051208 0
1570182475884 0.6254391074180603 0
1570182477193 0.42502278089523315 0
1570182478401 0.64066481590271 0
1570182479636 0.45840802788734436 0
1570182480875 0.5610125064849854 0
1570182482251 0.6070932149887085 0
1570182483640 0.640112042427063 0
1570182485226 0.5364071726799011 0
1570182486605 0.5101883411407471 0
1570182487900 0.45557552576065063 0
1570182489116 0.5287967920303345 0
1570182490537 0.5139118432998657 0
1570182491991 0.6347877383232117 0
1570182493346 0.5678991079330444 0
1570182494583 0.5713473558425903 0
1570182495986 0.43836307525634766 0
1570182497458 0.5508303642272949 0
1570182498778 0.4911094605922699 0
1570182500143 0.5334571599960327 0
1570182501467 0.6394023895263672 0
1570182502737 0.5041240453720093 0
1570182504083 0.4895314574241638 0
1570182505512 0.5046700835227966 0
1570182507007 0.4380536377429962 0
1570182508520 0.5751625299453735 0
1570182510066 0.5498318076133728 0
1570182511633 0.5749372243881226 0
1570182513066 0.5003746747970581 0
1570182514457 0.5595183968544006 0
1570182515699 0.42254722118377686 0
1570182516946 0.5441935062408447 0
1570182518229 0.5122270584106445 0
1570182519558 0.5509957075119019 0
1570182521000 0.5527868270874023 0
1570182522336 0.45367616415023804 0
1570182523722 0.5465124249458313 0
1570182525140 0.5769040584564209 0
1570182526436 0.624524712562561 0
1570182527748 0.6068947315216064 0
1570182528993 0.4626109302043915 0
1570182530300 0.4803234934806824 0
1570182531716 0.4914247393608093 0
1570182533240 0.42912524938583374 0
1570182534630 0.42331090569496155 0
1570182535946 0.495266854763031 0
1570182537499 0.5334891676902771 0
1570182539034 0.5088548064231873 0
1570182540318 0.5625215768814087 0
1570182541916 0.49710726737976074 0
1570182543340 0.4258387088775635 0
1570182544735 0.4405410587787628 0
1570182546243 0.5047192573547363 0
1570182547672 0.43099337816238403 0
1570182549068 0.5032819509506226 0
1570182550662 0.42666465044021606 0
1570182552311 0.4102305471897125 0
1570182553683 0.5189896821975708 0
1570182555014 0.450701504945755 0
1570182556635 0.42542263865470886 0
1570182558180 0.4544885754585266 0
1570182559526 0.48345643281936646 0
1570182561130 0.4211117923259735 0
1570182562622 0.5528541207313538 0
1570182564246 0.48094579577445984 0
1570182565724 0.4345241189002991 0
1570182567321 0.484706848859787 0
1570182568663 0.36749503016471863 0
1570182570016 0.41555362939834595 0
1570182571848 0.3693980574607849 0
1570182573462 0.43208375573158264 0
1570182574884 0.5166624784469604 0
1570182576418 0.44960349798202515 0
1570182577968 0.5223138332366943 0
1570182579483 0.34920796751976013 0
1570182580825 0.4668586850166321 0
1570182582293 0.3636445999145508 0
1570182583819 0.4218892455101013 0
1570182586694 0.398076593875885 0
1570182588032 0.40345314145088196 0
1570182589482 0.3272702991962433 0
1570182590888 0.4228505492210388 0
1570182592466 0.45794597268104553 0
1570182593952 0.44223710894584656 0
1570182595601 0.4509789049625397 0
1570182596925 0.34274786710739136 0
1570182598456 0.4773281216621399 0
1570182600010 0.4752694368362427 0
1570182601572 0.42368340492248535 0
1570182603112 0.5157890915870667 0
1570182604523 0.41996434330940247 0
1570182605891 0.404397189617157 0
1570182607410 0.34412717819213867 0
1570182609017 0.37711089849472046 0
1570182610537 0.35779500007629395 0
1570182612104 0.33839237689971924 0
1570182613696 0.44057872891426086 0
1570182615031 0.376465380191803 0
1570182616574 0.40112555027008057 0
1570182618222 0.3494613766670227 0
1570182619832 0.5072687864303589 0
1570182621313 0.3811207413673401 0
1570182622763 0.34894680976867676 0
1570182624149 0.36893847584724426 0
1570182625505 0.46536529064178467 0
1570182626831 0.40116608142852783 0
1570182628365 0.42197754979133606 0
1570182630002 0.3006235361099243 0
1570182631588 0.37287580966949463 0
1570182632953 0.4466957449913025 0
1570182634411 0.3828640580177307 0
1570182635939 0.36247697472572327 0
1570182637576 0.3502533435821533 0
1570182639061 0.43590444326400757 0
1570182640556 0.3794793486595154 0
1570182641971 0.39092129468917847 0
1570182643478 0.4227968156337738 0
1570182644977 0.39557772874832153 0
1570182646400 0.5427360534667969 0
1570182647801 0.4824424088001251 0
1570182649276 0.4238797128200531 0
1570182650733 0.4486289620399475 0
1570182652491 0.4278240501880646 0
1570182653837 0.32205772399902344 0
1570182655195 0.4388353228569031 0
1570182657725 0.5259019732475281 0
1570182659167 0.3932594954967499 0
1570182660493 0.38030776381492615 0
1570182661931 0.32504627108573914 0
1570182663328 0.4014773666858673 0
1570182664770 0.30484068393707275 0
1570182666368 0.31977224349975586 0
1570182667749 0.3686981797218323 0
1570182669254 0.4039830267429352 0
1570182670765 0.4114518165588379 0
1570182672439 0.3638048768043518 0
1570182674160 0.37711861729621887 0
1570182675737 0.3479492664337158 0
1570182677037 0.3648145794868469 0
1570182678564 0.3247053325176239 0
1570182679987 0.3636034429073334 0
1570182681497 0.3586089015007019 0
1570182683030 0.3385874330997467 0
1570182684763 0.42556923627853394 0
1570182686219 0.34384292364120483 0
1570182687594 0.3300803303718567 0
1570182689022 0.3921052813529968 0
1570182690454 0.32302385568618774 0
1570182691943 0.4282433092594147 0
1570182693554 0.3398367166519165 0
1570182695026 0.558551549911499 0
1570182696349 0.3507651090621948 0
1570182697802 0.3159099519252777 0
1570182699389 0.5149847865104675 0
1570182701320 0.29424434900283813 0
1570182702870 0.4253584146499634 0
1570182704366 0.26693883538246155 0
1570182705734 0.34304553270339966 0
1570182707172 0.381258487701416 0
1570182708653 0.34565743803977966 0
1570182710217 0.3191937804222107 0
1570182711856 0.3703652620315552 0
1570182713368 0.35820239782333374 0
1570182714629 0.39329472184181213 0
1570182716136 0.4108549952507019 0
1570182717620 0.28989139199256897 0
1570182719147 0.35945653915405273 0
1570182720619 0.35820192098617554 0
1570182722106 0.31828176975250244 0
1570182723758 0.3219011425971985 0
1570182725174 0.31059354543685913 0
1570182726683 0.3255581259727478 0
1570182728031 0.3489195704460144 0
1570182729401 0.34327584505081177 0
1570182730907 0.38544708490371704 0
1570182732150 0.3444485068321228 0
1570182733467 0.2810510993003845 0
1570182734843 0.396220326423645 0
1570182737082 0.3073345422744751 0
1570182738479 0.35012438893318176 0
1570182739799 0.4404882788658142 0
1570182741222 0.3051282465457916 0
1570182742550 0.3999360203742981 0
1570182744124 0.41196128726005554 0
1570182745534 0.2870681881904602 0
1570182747224 0.3716243803501129 0
1570182748709 0.3687504529953003 0
1570182750436 0.2669825553894043 0
1570182752106 0.27787619829177856 0
1570182753641 0.3409622609615326 0
1570182755247 0.43143096566200256 0
1570182756822 0.34203892946243286 0
1570182758406 0.3498188853263855 0
1570182759819 0.45218801498413086 0
1570182761315 0.4350886940956116 0
1570182762914 0.4288195073604584 0
1570182764450 0.32412493228912354 0
1570182765916 0.29548126459121704 0
1570182767572 0.33188629150390625 0
1570182769186 0.3927900791168213 0
1570182770653 0.40634435415267944 0
1570182771962 0.33381593227386475 0
1570182773264 0.2865341305732727 0
1570182774625 0.23999157547950745 0
1570182776243 0.3108343482017517 0
1570182777645 0.3255012631416321 0
1570182779031 0.34957045316696167 0
1570182780389 0.335595965385437 0
1570182781675 0.32369744777679443 0
1570182783288 0.4417109489440918 0
1570182784648 0.329740047454834 0
1570182786054 0.37656980752944946 0
1570182787543 0.34022486209869385 0
1570182788989 0.26518747210502625 0
1570182790442 0.36145684123039246 0
1570182791951 0.3226951062679291 0
1570182793399 0.3290805220603943 0
1570182794751 0.31135833263397217 0
1570182796182 0.22168508172035217 0
1570182797841 0.44043606519699097 0
1570182799380 0.30154237151145935 0
1570182800939 0.4282974302768707 0
1570182802638 0.24996435642242432 0
1570182804323 0.25699400901794434 0
1570182805990 0.4649401307106018 0
1570182807488 0.3691314458847046 0
1570182808901 0.34342801570892334 0
1570182810464 0.30630502104759216 0
1570182811959 0.29958152770996094 0
1570182813412 0.32355326414108276 0
1570182814916 0.3266526460647583 0
1570182816566 0.3248444199562073 0
1570182818106 0.36798012256622314 0
1570182819675 0.2573137879371643 0
1570182821342 0.32129478454589844 0
1570182823078 0.33427557349205017 0
1570182824548 0.28480273485183716 0
1570182825854 0.3635997772216797 0
1570182827309 0.3286631107330322 0
1570182828807 0.2972163259983063 0
1570182830122 0.30530592799186707 0
1570182831493 0.2686222791671753 0
1570182832920 0.3751294016838074 0
1570182834658 0.3326669931411743 0
1570182836195 0.3177601099014282 0
1570182837612 0.21940268576145172 0
1570182839023 0.29556286334991455 0
1570182840591 0.3386809825897217 0
1570182842151 0.3780083954334259 0
1570182843784 0.3813784122467041 0
1570182845348 0.3819568455219269 0
1570182847918 0.2559911906719208 0
1570182849526 0.33369916677474976 0
1570182851266 0.3812694847583771 0
1570182852716 0.30096128582954407 0
1570182854103 0.3277641534805298 0
1570182855430 0.343106210231781 0
1570182857197 0.24119412899017334 0
1570182858613 0.19528105854988098 0
1570182859945 0.40511247515678406 0
1570182861293 0.35562843084335327 0
1570182862615 0.2421019971370697 0
1570182864044 0.37251466512680054 0
1570182865807 0.3292120695114136 0
1570182867425 0.31261497735977173 0
1570182869032 0.33328866958618164 0
1570182870700 0.3107624053955078 0
1570182872354 0.2954432964324951 0
1570182873867 0.30355000495910645 0
1570182875372 0.3617684841156006 0
1570182876708 0.2977139949798584 0
1570182878027 0.3347339928150177 0
1570182879450 0.375210165977478 0
1570182880873 0.25245144963264465 0
1570182882358 0.25147804617881775 0
1570182883917 0.3909018039703369 0
1570182885305 0.3023170232772827 0
1570182886742 0.32425153255462646 0
1570182888339 0.3557913899421692 0
1570182889956 0.2588915228843689 0
1570182891660 0.3324558734893799 0
1570182893096 0.3066878020763397 0
1570182894399 0.3944666385650635 0
1570182895778 0.3367423415184021 0
1570182897176 0.24328672885894775 0
1570182898649 0.32956400513648987 0
1570182900816 0.30087810754776 0
1570182902335 0.35036417841911316 0
1570182903835 0.4841923415660858 0
1570182905345 0.27147161960601807 0
1570182906943 0.3456638753414154 0
1570182908396 0.2344067245721817 0
1570182909740 0.35655298829078674 0
1570182911175 0.37798571586608887 0
1570182912832 0.2750905752182007 0
1570182914367 0.3151623010635376 0
1570182915686 0.29111146926879883 0
1570182917010 0.300031840801239 0
1570182918505 0.2682958245277405 0
1570182919970 0.36509838700294495 0
1570182921436 0.29426872730255127 0
1570182922880 0.4515482187271118 0
1570182924375 0.4379117488861084 0
1570182925952 0.35150575637817383 0
1570182927529 0.3513333201408386 0
1570182928926 0.31726136803627014 0
1570182930391 0.2860230803489685 0
1570182932012 0.26825597882270813 0
1570182933443 0.26863425970077515 0
1570182934868 0.2968791723251343 0
1570182936639 0.3239065110683441 0
1570182938087 0.22989806532859802 0
1570182939563 0.2936399281024933 0
1570182941047 0.2822301983833313 0
1570182942403 0.2410707026720047 0
1570182943900 0.3814951479434967 0
1570182945664 0.25142496824264526 0
1570182947296 0.34127476811408997 0
1570182948882 0.28088170289993286 0
1570182950524 0.2531648576259613 0
1570182952144 0.33248960971832275 0
1570182953690 0.3561895787715912 0
1570182955227 0.28895488381385803 0
1570182956789 0.279681921005249 0
1570182958208 0.3753141164779663 0
1570182959733 0.2734726667404175 0
1570182961334 0.26635074615478516 0
1570182962606 0.39333418011665344 0
1570182963844 0.2509722113609314 0
1570182965077 0.23262163996696472 0
1570182966423 0.269168496131897 0
1570182967932 0.2522880733013153 0
1570182969372 0.23750458657741547 0
1570182971056 0.41567695140838623 0
1570182972690 0.2459488958120346 0
1570182974325 0.3972086012363434 0
1570182975696 0.3488186001777649 0
1570182977173 0.2921360433101654 0
1570182978593 0.3698961138725281 0
1570182980187 0.32780027389526367 0
1570182981925 0.21089310944080353 0
1570182983550 0.24189236760139465 0
1570182985232 0.3751506209373474 0
1570182986609 0.3453579545021057 0
1570182987994 0.31859689950942993 0
1570182989589 0.29435694217681885 0
1570182991241 0.2498822808265686 0
1570182992875 0.31701815128326416 0
1570182994502 0.2660961151123047 0
1570182996175 0.27221688628196716 0
1570182997893 0.2671812176704407 0
1570182999740 0.2655789256095886 0
1570183001479 0.3175446391105652 0
1570183003260 0.34654945135116577 0
1570183004827 0.3222888708114624 0
1570183006443 0.27519625425338745 0
1570183007938 0.3634793162345886 0
1570183009354 0.387032151222229 0
1570183010780 0.19816747307777405 0
1570183012243 0.30431365966796875 0
1570183013905 0.37500470876693726 0
1570183015504 0.33514153957366943 0
1570183016918 0.26725971698760986 0
1570183018236 0.43571653962135315 0
1570183019714 0.36998504400253296 0
1570183021116 0.31660282611846924 0
1570183022806 0.24816226959228516 0
1570183024331 0.2904227375984192 0
1570183026070 0.3496738374233246 0
1570183027490 0.23358023166656494 0
1570183028764 0.3183087110519409 0
1570183030159 0.4258190393447876 0
1570183031644 0.35911834239959717 0
1570183033258 0.22595088183879852 0
1570183034868 0.3438722789287567 0
1570183036270 0.2658880949020386 0
1570183037759 0.2708454728126526 0
1570183039157 0.2576555907726288 0
1570183040585 0.2423272281885147 0
1570183042012 0.31951671838760376 0
1570183043483 0.283928245306015 0
1570183045347 0.2942417860031128 0
1570183047104 0.26788952946662903 0
1570183048818 0.26171451807022095 0
1570183050358 0.25819042325019836 0
1570183051991 0.3788432478904724 0
1570183053523 0.3831331729888916 0
1570183055074 0.23882177472114563 0
1570183056768 0.25870779156684875 0
1570183058469 0.24799658358097076 0
1570183059998 0.3050723075866699 0
1570183061510 0.3660483956336975 0
1570183063128 0.29797548055648804 0
1570183064803 0.26514288783073425 0
1570183066340 0.24736866354942322 0
1570183068085 0.36562860012054443 0
1570183069640 0.19789674878120422 0
1570183071248 0.3004791736602783 0
1570183073027 0.3453834354877472 0
1570183074826 0.2624453902244568 0
1570183076576 0.3268325924873352 0
1570183078111 0.36440521478652954 0
1570183079602 0.3433895409107208 0
1570183081257 0.3371369242668152 0
1570183083030 0.2298976182937622 0
1570183084522 0.2962683141231537 0
1570183086066 0.36658552289009094 0
1570183087505 0.2717050313949585 0
1570183088911 0.3001912832260132 0
1570183090594 0.28291600942611694 0
1570183092412 0.304694801568985 0
1570183094104 0.33891957998275757 0
1570183095728 0.38133811950683594 0
1570183097187 0.26865729689598083 0
1570183098879 0.13865157961845398 0
1570183100548 0.26705577969551086 0
1570183102162 0.2696525454521179 0
1570183103959 0.337359219789505 0
1570183105694 0.23792685568332672 0
1570183107429 0.2593293786048889 0
1570183109179 0.21927715837955475 0
1570183110774 0.33987197279930115 0
1570183112385 0.3923131227493286 0
1570183114164 0.3491831421852112 0
1570183116026 0.24071140587329865 0
1570183117567 0.27428486943244934 0
1570183119253 0.2952248454093933 0
1570183120759 0.24016009271144867 0
1570183122291 0.39639055728912354 0
1570183123736 0.2695389986038208 0
1570183125207 0.36480605602264404 0
1570183126737 0.47004371881484985 0
1570183128372 0.26735132932662964 0
1570183129917 0.32135438919067383 0
1570183131399 0.18183138966560364 0
1570183132926 0.31337857246398926 0
1570183134337 0.33539605140686035 0
1570183135812 0.2827874422073364 0
1570183137367 0.28688859939575195 0
1570183139018 0.3329641819000244 0
1570183140527 0.3160807192325592 0
1570183141998 0.28989413380622864 0
1570183143561 0.21605077385902405 0
1570183145141 0.32655224204063416 0
1570183146762 0.2578715682029724 0
1570183148225 0.3808667063713074 0
1570183149709 0.22524012625217438 0
1570183151294 0.3362566828727722 0
1570183152813 0.2615448832511902 0
1570183154201 0.33511096239089966 0
1570183155749 0.22164933383464813 0
1570183157297 0.2657470703125 0
1570183158865 0.366832971572876 0
1570183160257 0.2868460416793823 0
1570183161945 0.25071457028388977 0
1570183163516 0.319558709859848 0
1570183165196 0.3257371187210083 0
1570183166804 0.25741541385650635 0
1570183168258 0.2909688353538513 0
1570183169746 0.24768206477165222 0
1570183171412 0.2537759840488434 0
1570183173119 0.3044450283050537 0
1570183174734 0.23724935948848724 0
1570183176347 0.28421342372894287 0
1570183177791 0.4165773391723633 0
1570183179322 0.37431636452674866 0
1570183180777 0.22029192745685577 0
1570183182348 0.21499034762382507 0
1570183183848 0.23868471384048462 0
1570183185409 0.24368761479854584 0
1570183186984 0.3563392162322998 0
1570183188664 0.32850658893585205 0
1570183190552 0.2845231294631958 0
1570183192415 0.28644680976867676 0
1570183194090 0.2579023241996765 0
1570183195669 0.412060022354126 0
1570183197322 0.40141531825065613 0
1570183198861 0.3699606955051422 0
1570183200249 0.2621433138847351 0
1570183201782 0.3382222354412079 0
1570183203285 0.25551944971084595 0
1570183204720 0.2834002375602722 0
1570183206051 0.24608996510505676 0
1570183207393 0.30219489336013794 0
1570183208812 0.4546349346637726 0
1570183210229 0.3244892656803131 0
1570183211748 0.33272239565849304 0
1570183213215 0.3404991030693054 0
1570183214570 0.3276115655899048 0
1570183215985 0.3263458013534546 0
1570183217523 0.32482194900512695 0
1570183219119 0.2566118538379669 0
1570183220609 0.2936120927333832 0
1570183222133 0.23829683661460876 0
1570183223657 0.226120263338089 0
1570183225153 0.30657756328582764 0
1570183226832 0.2652372121810913 0
1570183228816 0.39718014001846313 0
1570183230697 0.23977185785770416 0
1570183232229 0.27752217650413513 0
1570183233686 0.22169774770736694 0
1570183235185 0.32021719217300415 0
1570183236764 0.24620041251182556 0
1570183238239 0.26609647274017334 0
1570183239753 0.1846132129430771 0
1570183241448 0.31451529264450073 0
1570183243357 0.29732242226600647 0
1570183244987 0.2397668957710266 0
1570183246489 0.24565604329109192 0
1570183248249 0.38565999269485474 0
1570183250160 0.1736665666103363 0
1570183251624 0.28535619378089905 0
1570183253175 0.2561074197292328 0
1570183254792 0.35630130767822266 0
1570183256309 0.33558934926986694 0
1570183257920 0.18387985229492188 0
1570183259577 0.20246323943138123 0
1570183261197 0.21925446391105652 0
1570183262817 0.19950686395168304 0
1570183264541 0.25346487760543823 0
1570183266151 0.31104934215545654 0
1570183267915 0.23325787484645844 0
1570183269799 0.3462585210800171 0
1570183271600 0.27025550603866577 0
1570183273001 0.44104331731796265 0
1570183274772 0.27469658851623535 0
1570183276544 0.30626779794692993 0
1570183278110 0.32596248388290405 0
1570183279880 0.27776432037353516 0
1570183281655 0.2995603680610657 0
1570183283100 0.3675277829170227 0
1570183284952 0.26730453968048096 0
1570183286841 0.31026124954223633 0
1570183288369 0.18663769960403442 0
1570183289898 0.21902918815612793 0
1570183291572 0.3321155905723572 0
1570183293133 0.2069096714258194 0
1570183295082 0.27568453550338745 0
1570183296984 0.2364877164363861 0
1570183298699 0.1905960738658905 0
1570183300221 0.32884910702705383 0
1570183301798 0.23337814211845398 0
1570183303558 0.3521040081977844 0
1570183305370 0.17862066626548767 0
1570183306977 0.2719523310661316 0
1570183308526 0.23196309804916382 0
1570183310184 0.2430390566587448 0
1570183311964 0.24830859899520874 0
1570183313804 0.2669512629508972 0
1570183315554 0.25064629316329956 0
1570183317141 0.2539348602294922 0
1570183319038 0.33258873224258423 0
1570183320952 0.2224421501159668 0
1570183322769 0.26662591099739075 0
1570183324211 0.32953768968582153 0
1570183325985 0.2243906855583191 0
1570183327771 0.30873221158981323 0
1570183329393 0.35168710350990295 0
1570183330993 0.21808187663555145 0
1570183332746 0.2599649131298065 0
1570183334313 0.2651989459991455 0
1570183336146 0.22346965968608856 0
1570183337959 0.42235007882118225 0
1570183339802 0.25934696197509766 0
1570183341388 0.2870148718357086 0
1570183343093 0.39430904388427734 0
1570183344849 0.2634766101837158 0
1570183346447 0.42758092284202576 0
1570183347938 0.3498482406139374 0
1570183349638 0.2677435278892517 0
1570183351471 0.2201734483242035 0
1570183353074 0.3125811815261841 0
1570183354740 0.27314093708992004 0
1570183356703 0.20918816328048706 0
1570183358369 0.14912641048431396 0
1570183360252 0.3019324243068695 0
1570183361977 0.1813250482082367 0
1570183363631 0.25456854701042175 0
1570183365488 0.186620831489563 0
1570183367373 0.3122706413269043 0
1570183369110 0.32690608501434326 0
1570183370763 0.3402644991874695 0
1570183372507 0.24675118923187256 0
1570183374354 0.25201523303985596 0
1570183376166 0.2714686393737793 0
1570183377953 0.3053808808326721 0
1570183379609 0.2659171223640442 0
1570183381242 0.3082723617553711 0
1570183383150 0.26700663566589355 0
1570183385095 0.2859666347503662 0
1570183386816 0.3479591906070709 0
1570183388472 0.19555863738059998 0
1570183390124 0.31112730503082275 0
1570183391685 0.24251964688301086 0
1570183393473 0.25150999426841736 0
1570183395440 0.2971091866493225 0
1570183397390 0.30326637625694275 0
1570183399135 0.2859804332256317 0
1570183401062 0.3721524477005005 0
1570183402954 0.2201065868139267 0
1570183404759 0.27432501316070557 0
1570183406517 0.21493741869926453 0
1570183408289 0.24898648262023926 0
1570183410016 0.233984112739563 0
1570183411695 0.2825677692890167 0
1570183413383 0.3023298978805542 0
1570183415371 0.28504645824432373 0
1570183416984 0.2873363792896271 0
1570183418571 0.27078813314437866 0
1570183420087 0.2916392982006073 0
1570183421565 0.21346892416477203 0
1570183423284 0.20869393646717072 0
1570183425032 0.280454158782959 0
1570183426745 0.2610178589820862 0
1570183428505 0.3198055624961853 0
1570183430280 0.23775389790534973 0
1570183431851 0.2534024715423584 0
1570183433538 0.24747401475906372 0
1570183435076 0.1973973512649536 0
1570183436917 0.19255948066711426 0
1570183438539 0.23692350089550018 0
1570183440265 0.21484382450580597 0
1570183442059 0.18225307762622833 0
1570183443738 0.30300599336624146 0
1570183445542 0.3273717164993286 0
1570183447329 0.3385305404663086 0
1570183449043 0.28233033418655396 0
1570183450517 0.2579752802848816 0
1570183452232 0.32996639609336853 0
1570183454091 0.3120118975639343 0
1570183455691 0.23939333856105804 0
1570183457437 0.309745192527771 0
1570183459257 0.2572205662727356 0
1570183461053 0.3273124098777771 0
1570183462751 0.34272652864456177 0
1570183464530 0.3276146650314331 0
1570183466263 0.21532228589057922 0
1570183467870 0.22401916980743408 0
1570183469634 0.2091710865497589 0
1570183471607 0.23301126062870026 0
1570183473456 0.3901791572570801 0
1570183475271 0.28192704916000366 0
1570183476984 0.27557313442230225 0
1570183478542 0.25030067563056946 0
1570183480026 0.2821292579174042 0
1570183481600 0.24543368816375732 0
1570183483368 0.21998783946037292 0
1570183484962 0.3383945822715759 0
1570183486725 0.28247731924057007 0
1570183488618 0.19061976671218872 0
1570183490100 0.34069812297821045 0
1570183491636 0.25477534532546997 0
1570183493398 0.2902522683143616 0
1570183495314 0.4210191071033478 0
1570183497066 0.25016728043556213 0
1570183498681 0.2228405922651291 0
1570183500468 0.3101992905139923 0
1570183502098 0.33846476674079895 0
1570183503616 0.24189035594463348 0
1570183505491 0.18376761674880981 0
1570183507328 0.30150124430656433 0
1570183508873 0.3565389811992645 0
1570183510697 0.25343966484069824 0
1570183512563 0.2072155773639679 0
1570183514393 0.21389515697956085 0
1570183516320 0.24804487824440002 0
1570183518200 0.2524924874305725 0
1570183519868 0.23015844821929932 0
1570183521625 0.21364538371562958 0
1570183523681 0.28948527574539185 0
1570183525484 0.2724595069885254 0
1570183526998 0.266535222530365 0
1570183528499 0.324466735124588 0
1570183530114 0.2857202887535095 0
1570183531636 0.28391021490097046 0
1570183533281 0.2506106495857239 0
1570183535010 0.2093975841999054 0
1570183536813 0.2744810879230499 0
1570183538838 0.2436041682958603 0
1570183540607 0.2647038698196411 0
1570183542115 0.25226208567619324 0
1570183543587 0.35312992334365845 0
1570183545336 0.29046630859375 0
1570183546956 0.17162638902664185 0
1570183548622 0.16351532936096191 0
1570183550570 0.2814571261405945 0
1570183552278 0.30641061067581177 0
1570183553967 0.24943161010742188 0
1570183555823 0.21231624484062195 0
1570183557701 0.24951429665088654 0
1570183559624 0.22342504560947418 0
1570183561456 0.2920684218406677 0
1570183563395 0.20890051126480103 0
1570183565150 0.3192540109157562 0
1570183566939 0.14930547773838043 0
1570183568710 0.2407194972038269 0
1570183570281 0.22507399320602417 0
1570183571864 0.230608731508255 0
1570183573763 0.27757006883621216 0
1570183575649 0.24929934740066528 0
1570183577348 0.26968634128570557 0
1570183579207 0.3156362473964691 0
1570183580974 0.23093628883361816 0
1570183582748 0.19576528668403625 0
1570183584762 0.28056296706199646 0
1570183586493 0.21567484736442566 0
1570183587964 0.28817519545555115 0
1570183589761 0.2104552984237671 0
1570183591494 0.21394869685173035 0
1570183593229 0.23823657631874084 0
1570183594945 0.19169636070728302 0
1570183596759 0.24638299643993378 0
1570183598507 0.28754347562789917 0
1570183600241 0.3413156569004059 0
1570183601919 0.24891145527362823 0
1570183603766 0.24692057073116302 0
1570183605394 0.2587857246398926 0
1570183607074 0.19688589870929718 0
1570183608832 0.2428826242685318 0
1570183610553 0.1832028180360794 0
1570183612334 0.2694198787212372 0
1570183614069 0.22345249354839325 0
1570183616117 0.21741968393325806 0
1570183617971 0.2546079456806183 0
1570183619987 0.234925776720047 0
1570183621946 0.38484835624694824 0
1570183623575 0.25055956840515137 0
1570183625454 0.24536564946174622 0
1570183627028 0.24840696156024933 0
1570183628675 0.21553447842597961 0
1570183630517 0.3019651770591736 0
1570183632384 0.2877599596977234 0
1570183634033 0.206034854054451 0
1570183635871 0.2475656121969223 0
1570183637741 0.31519249081611633 0
1570183639590 0.2484840750694275 0
1570183641272 0.37614548206329346 0
1570183643262 0.23804157972335815 0
1570183645338 0.24667572975158691 0
1570183646907 0.3346771001815796 0
1570183648644 0.3324092924594879 0
1570183650425 0.31246206164360046 0
1570183652219 0.26033902168273926 0
1570183653922 0.31150054931640625 0
1570183655776 0.24663540720939636 0
1570183657302 0.3441850244998932 0
1570183658901 0.1838814914226532 0
1570183660646 0.22293749451637268 0
1570183662396 0.28472864627838135 0
1570183664309 0.2803802490234375 0
1570183666294 0.2378850281238556 0
1570183668120 0.23853445053100586 0
1570183669729 0.33851706981658936 0
1570183671828 0.2098909318447113 0
1570183673744 0.18572914600372314 0
1570183675389 0.25675660371780396 0
1570183677201 0.2575352191925049 0
1570183679108 0.24171052873134613 0
1570183680677 0.3303079903125763 0
1570183682637 0.17324161529541016 0
1570183684674 0.2711609899997711 0
1570183686296 0.19841155409812927 0
1570183688287 0.3675171732902527 0
1570183690178 0.38294750452041626 0
1570183691809 0.3115047514438629 0
1570183693699 0.1898006796836853 0
1570183695763 0.26096463203430176 0
1570183697378 0.2532675564289093 0
1570183699409 0.22025540471076965 0
1570183701444 0.2835720479488373 0
1570183703120 0.15934953093528748 0
1570183704882 0.29437360167503357 0
1570183706910 0.2442096471786499 0
1570183708616 0.2854611277580261 0
1570183710424 0.25335249304771423 0
1570183712314 0.25621098279953003 0
1570183713967 0.35190433263778687 0
1570183715633 0.21839770674705505 0
1570183717693 0.20869365334510803 0
1570183719733 0.2713281512260437 0
1570183721350 0.3075433075428009 0
1570183723353 0.2662954330444336 0
1570183725355 0.202371284365654 0
1570183727169 0.24587216973304749 0
1570183728856 0.2639601230621338 0
1570183730579 0.24969065189361572 0
1570183732222 0.27804914116859436 0
1570183733973 0.2334507405757904 0
1570183735777 0.2665737569332123 0
1570183737453 0.24422284960746765 0
1570183739385 0.27295824885368347 0
1570183741124 0.25092190504074097 0
1570183742832 0.28323695063591003 0
1570183744439 0.32434606552124023 0
1570183746211 0.36112695932388306 0
1570183748110 0.3438563346862793 0
1570183749676 0.262668251991272 0
1570183751490 0.29816484451293945 0
1570183753490 0.3154844045639038 0
1570183755509 0.26190051436424255 0
1570183757596 0.20953573286533356 0
1570183759399 0.2615618109703064 0
1570183761140 0.21967504918575287 0
1570183763011 0.27620577812194824 0
1570183764714 0.24600112438201904 0
1570183766447 0.27477723360061646 0
1570183768492 0.25597986578941345 0
1570183770065 0.2356472909450531 0
1570183771962 0.23689472675323486 0
1570183773939 0.2757242023944855 0
1570183775771 0.2878910303115845 0
1570183777599 0.3140755593776703 0
1570183779467 0.24685506522655487 0
1570183781117 0.21096818149089813 0
1570183782863 0.20730406045913696 0
1570183784580 0.2737780213356018 0
1570183786257 0.24097315967082977 0
1570183787833 0.2266017198562622 0
1570183789475 0.2726244032382965 0
1570183791304 0.18888071179389954 0
1570183793190 0.24388590455055237 0
1570183795238 0.2411533147096634 0
1570183797135 0.2938624620437622 0
1570183798901 0.26324158906936646 0
1570183800763 0.2685219645500183 0
1570183802916 0.1632099449634552 0
1570183804814 0.3047187328338623 0
1570183806827 0.2097499966621399 0
1570183808774 0.19902938604354858 0
1570183810407 0.3043725788593292 0
1570183812151 0.20655852556228638 0
1570183814018 0.27153652906417847 0
1570183815683 0.43798714876174927 0
1570183817492 0.24299558997154236 0
1570183819490 0.1701396405696869 0
1570183821309 0.17280997335910797 0
1570183823344 0.2494460642337799 0
1570183825468 0.31829363107681274 0
1570183827224 0.28643858432769775 0
1570183829252 0.2697608470916748 0
1570183831388 0.20151804387569427 0
1570183833213 0.24402016401290894 0
1570183835021 0.2564365267753601 0
1570183836841 0.39955416321754456 0
1570183838684 0.21379414200782776 0
1570183840296 0.28978556394577026 0
1570183842098 0.2450850009918213 0
1570183843876 0.2323192059993744 0
1570183845543 0.21717694401741028 0
1570183847332 0.27440789341926575 0
1570183849212 0.20801052451133728 0
1570183850819 0.17233407497406006 0
1570183852658 0.16873851418495178 0
1570183854773 0.21606814861297607 0
1570183856517 0.19156228005886078 0
1570183858169 0.20466092228889465 0
1570183860087 0.2185887098312378 0
1570183862164 0.31140071153640747 0
1570183863863 0.31166040897369385 0
1570183865494 0.2439579963684082 0
1570183866995 0.2774616479873657 0
1570183868633 0.2767576575279236 0
1570183870351 0.2605711817741394 0
1570183871980 0.3490197956562042 0
1570183873583 0.30377665162086487 0
1570183875277 0.1885945200920105 0
1570183876878 0.18476198613643646 0
1570183878661 0.2716114819049835 0
1570183880266 0.22467103600502014 0
1570183882179 0.28897613286972046 0
1570183884229 0.23028551042079926 0
1570183886416 0.2262486070394516 0
1570183888412 0.24379411339759827 0
1570183890073 0.2325422763824463 0
1570183891725 0.2629125714302063 0
1570183893292 0.27748483419418335 0
1570183894927 0.24814844131469727 0
1570183896466 0.2510828375816345 0
1570183897997 0.28967803716659546 0
1570183899684 0.3005852699279785 0
1570183901286 0.34111809730529785 0
1570183902992 0.12622477114200592 0
1570183904647 0.2758323550224304 0
1570183906633 0.21675953269004822 0
1570183908718 0.21626248955726624 0
1570183910702 0.2110769897699356 0
1570183912601 0.27976152300834656 0
1570183914375 0.2546359598636627 0
1570183916017 0.28804105520248413 0
1570183917761 0.250946581363678 0
1570183919753 0.2762015461921692 0
1570183921563 0.24394024908542633 0
1570183923426 0.25683915615081787 0
1570183925087 0.2952861189842224 0
1570183926668 0.324556827545166 0
1570183928322 0.2290639877319336 0
1570183930437 0.27553045749664307 0
1570183932122 0.241239994764328 0
1570183934095 0.2634979486465454 0
1570183936095 0.22782982885837555 0
1570183937744 0.26692843437194824 0
1570183939506 0.23905548453330994 0
1570183941520 0.18545806407928467 0
1570183943727 0.18783417344093323 0
1570183945547 0.18722519278526306 0
1570183947648 0.2541465759277344 0
1570183949330 0.23197655379772186 0
1570183951164 0.2784939408302307 0
1570183953265 0.3189021944999695 0
1570183955168 0.3147924542427063 0
1570183956854 0.22145208716392517 0
1570183958534 0.21021375060081482 0
1570183960474 0.2671748995780945 0
1570183962541 0.20068517327308655 0
1570183964774 0.32824403047561646 0
1570183966742 0.31543147563934326 0
1570183968463 0.23912203311920166 0
1570183970252 0.32692158222198486 0
1570183972037 0.24742668867111206 0
1570183974450 0.25366222858428955 0
1570183976421 0.2634292244911194 0
1570183978477 0.3110866844654083 0
1570183980434 0.15453588962554932 0
1570183982658 0.34146302938461304 0
1570183984202 0.27214378118515015 0
1570183986081 0.25675690174102783 0
1570183987964 0.2947176992893219 0
1570183989966 0.10963849723339081 0
1570183992066 0.24001380801200867 0
1570183993697 0.23926590383052826 0
1570183995462 0.3000890016555786 0
1570183997504 0.24955697357654572 0
1570183999229 0.19719716906547546 0
1570184001304 0.27159905433654785 0
1570184002912 0.19820401072502136 0
1570184004457 0.2869493365287781 0
1570184006546 0.27775296568870544 0
1570184008395 0.24750018119812012 0
1570184010741 0.24797113239765167 0
1570184012521 0.23872163891792297 0
1570184014359 0.23454321920871735 0
1570184016437 0.24579063057899475 0
1570184018220 0.2702692747116089 0
1570184020058 0.2517701983451843 0
1570184021916 0.2147471159696579 0
1570184023673 0.2099451720714569 0
1570184025357 0.28180593252182007 0
1570184027716 0.24582497775554657 0
1570184029782 0.12170062214136124 0
1570184031944 0.30616915225982666 0
1570184034014 0.20553825795650482 0
1570184035901 0.36153626441955566 0
1570184037582 0.21470074355602264 0
1570184039320 0.3104024827480316 0
1570184041396 0.2227148562669754 0
1570184043443 0.21528398990631104 0
1570184045216 0.19482102990150452 0
1570184047268 0.2401103973388672 0
1570184048942 0.22499072551727295 0
1570184050773 0.3238520324230194 0
1570184052723 0.2256816327571869 0
1570184054477 0.31893354654312134 0
1570184056760 0.25744181871414185 0
1570184058712 0.2973586320877075 0
1570184060889 0.2769659459590912 0
1570184062981 0.25042152404785156 0
1570184064779 0.15035933256149292 0
1570184066526 0.22029027342796326 0
1570184068090 0.33183789253234863 0
1570184069840 0.21475911140441895 0
1570184071712 0.20709934830665588 0
1570184073392 0.2594875693321228 0
1570184074877 0.26439034938812256 0
1570184076529 0.3729259967803955 0
1570184078196 0.2435426115989685 0
1570184079822 0.18688750267028809 0
1570184081498 0.236091747879982 0
1570184083182 0.27150845527648926 0
1570184084992 0.18965306878089905 0
1570184086593 0.23601055145263672 0
1570184088257 0.2862885892391205 0
1570184089926 0.26534944772720337 0
1570184091573 0.22357717156410217 0
1570184093470 0.270475298166275 0
1570184095581 0.26534178853034973 0
1570184097305 0.27895963191986084 0
1570184098845 0.1795930713415146 0
1570184100452 0.21952903270721436 0
1570184102083 0.2287338376045227 0
1570184103778 0.20545141398906708 0
1570184105441 0.2661204934120178 0
1570184107201 0.2813648581504822 0
1570184108912 0.3135615885257721 0
1570184110554 0.24340033531188965 0
1570184112559 0.29517602920532227 0
1570184114482 0.28549474477767944 0
1570184116509 0.2001810073852539 0
1570184118513 0.33541250228881836 0
1570184120779 0.25824737548828125 0
1570184122467 0.1952405869960785 0
1570184124088 0.2329580932855606 0
1570184125720 0.2875942587852478 0
1570184127622 0.1937541365623474 0
1570184129778 0.248590886592865 0
1570184131894 0.27009695768356323 0
1570184133759 0.24408267438411713 0
1570184135744 0.20467253029346466 0
1570184137708 0.19716942310333252 0
1570184139327 0.1976129412651062 0
1570184141135 0.34144988656044006 0
1570184142934 0.2210198938846588 0
1570184144506 0.23118385672569275 0
1570184146216 0.3067634403705597 0
1570184148005 0.22047105431556702 0
1570184150108 0.23557093739509583 0
1570184152143 0.2999768853187561 0
1570184153933 0.23882147669792175 0
1570184155929 0.2373957335948944 0
1570184158155 0.22040808200836182 0
1570184159790 0.37702327966690063 0
1570184161968 0.25432685017585754 0
1570184164077 0.2815231382846832 0
1570184165879 0.2308681309223175 0
1570184168045 0.2520217001438141 0
1570184169828 0.24726271629333496 0
1570184171966 0.20821714401245117 0
1570184173996 0.32425904273986816 0
1570184175876 0.16249927878379822 0
1570184178206 0.23919276893138885 0
1570184180083 0.21529094874858856 0
1570184182306 0.19962605834007263 0
1570184184387 0.2696155607700348 0
1570184186171 0.31890082359313965 0
1570184187994 0.2534165680408478 0
1570184189892 0.2598583698272705 0
1570184191928 0.20297549664974213 0
1570184193929 0.2154410183429718 0
1570184195684 0.20338547229766846 0
1570184197588 0.31179824471473694 0
1570184199862 0.15958426892757416 0
1570184201838 0.20919999480247498 0
1570184204238 0.23711377382278442 0
1570184206326 0.2538191080093384 0
1570184208375 0.14898402988910675 0
1570184210260 0.29736584424972534 0
1570184211928 0.2188817858695984 0
1570184213940 0.2070406973361969 0
1570184216000 0.3320266008377075 0
1570184217677 0.23830416798591614 0
1570184219419 0.1697128415107727 0
1570184221304 0.10020196437835693 0
1570184223340 0.1592615246772766 0
1570184225200 0.2718716859817505 0
1570184227325 0.2533688545227051 0
1570184229424 0.19950330257415771 0
1570184231610 0.21335473656654358 0
1570184233526 0.21966496109962463 0
1570184235236 0.20625147223472595 0
1570184237147 0.21089696884155273 0
1570184239067 0.28419381380081177 0
1570184241012 0.2867612838745117 0
1570184242909 0.21468473970890045 0
1570184244652 0.22145092487335205 0
1570184246668 0.25122448801994324 0
1570184248656 0.2382974624633789 0
1570184250856 0.2831963896751404 0
1570184252815 0.326389342546463 0
1570184254504 0.18980486690998077 0
1570184256526 0.19057992100715637 0
1570184258419 0.20663410425186157 0
1570184260404 0.19285748898983002 0
1570184262580 0.1684049516916275 0
1570184264545 0.28136324882507324 0
1570184266525 0.28391146659851074 0
1570184268492 0.1958528459072113 0
1570184270476 0.2701263129711151 0
1570184272457 0.2981625199317932 0
1570184274322 0.28686589002609253 0
1570184276225 0.28236526250839233 0
1570184278450 0.28046825528144836 0
1570184280417 0.21611663699150085 0
1570184282001 0.24203383922576904 0
1570184283717 0.3003509044647217 0
1570184285488 0.20001965761184692 0
1570184287394 0.3195880055427551 0
1570184289269 0.24897132813930511 0
1570184291069 0.21943534910678864 0
1570184292864 0.2124454379081726 0
1570184294898 0.22489534318447113 0
1570184296714 0.22774097323417664 0
1570184298738 0.2978692948818207 0
1570184300846 0.23862454295158386 0
1570184302707 0.21877266466617584 0
1570184304549 0.29955101013183594 0
1570184306671 0.28335607051849365 0
1570184308780 0.27773866057395935 0
1570184311168 0.2901252806186676 0
1570184313002 0.16433502733707428 0
1570184315102 0.16714778542518616 0
1570184317010 0.1426464170217514 0
1570184318906 0.28514236211776733 0
1570184320866 0.2931979298591614 0
1570184322957 0.27212274074554443 0
1570184324874 0.2247845083475113 0
1570184327112 0.2851754128932953 0
1570184329043 0.16049383580684662 0
1570184331172 0.2527771592140198 0
1570184333347 0.17095844447612762 0
1570184335223 0.26205724477767944 0
1570184337308 0.26608800888061523 0
1570184339412 0.22259914875030518 0
1570184341420 0.1920377016067505 0
1570184343484 0.20879539847373962 0
1570184345382 0.28803521394729614 0
1570184347092 0.24176834523677826 0
1570184349132 0.258324533700943 0
1570184350985 0.27645811438560486 0
1570184353094 0.1871499866247177 0
1570184355038 0.2314704954624176 0
1570184356870 0.22521698474884033 0
1570184359054 0.26106685400009155 0
1570184360986 0.23050597310066223 0
1570184362886 0.28088754415512085 0
1570184364879 0.2643057107925415 0
1570184367024 0.2753770351409912 0
1570184368717 0.2686421871185303 0
1570184370791 0.22067345678806305 0
1570184372844 0.34678950905799866 0
1570184374445 0.18768206238746643 0
1570184376174 0.2024531066417694 0
1570184378291 0.2737938165664673 0
1570184380023 0.27246522903442383 0
1570184381729 0.2326430231332779 0
1570184383586 0.32193201780319214 0
1570184385578 0.24060708284378052 0
1570184387580 0.25951409339904785 0
1570184389377 0.22431117296218872 0
1570184391394 0.19723618030548096 0
1570184393558 0.2749815583229065 0
1570184395395 0.2198064625263214 0
1570184397518 0.2626689672470093 0
1570184399561 0.18198566138744354 0
1570184401242 0.24896839261054993 0
1570184402975 0.1698567271232605 0
1570184404971 0.20857788622379303 0
1570184406618 0.24842002987861633 0
1570184408516 0.13443312048912048 0
1570184410447 0.22758308053016663 0
1570184412219 0.29189279675483704 0
1570184414392 0.21721379458904266 0
1570184416316 0.29847028851509094 0
1570184418267 0.27830931544303894 0
1570184420178 0.2674107849597931 0
1570184421951 0.22326308488845825 0
1570184423767 0.15584631264209747 0
1570184425837 0.20940035581588745 0
1570184427748 0.25077277421951294 0
1570184429825 0.2825065851211548 0
1570184431868 0.2422250509262085 0
1570184433629 0.24019363522529602 0
1570184435673 0.29040953516960144 0
1570184437720 0.1806289553642273 0
1570184439436 0.29502636194229126 0
1570184441137 0.30811530351638794 0
1570184442934 0.2772468030452728 0
1570184444643 0.2200479507446289 0
1570184446576 0.22757625579833984 0
1570184448459 0.18243229389190674 0
1570184450193 0.2585320472717285 0
1570184452439 0.18073132634162903 0
1570184454523 0.27093610167503357 0
1570184456392 0.2535269558429718 0
1570184458243 0.32170453667640686 0
1570184460048 0.30103906989097595 0
1570184461973 0.26127517223358154 0
1570184463585 0.31765425205230713 0
1570184465450 0.21095791459083557 0
1570184467655 0.2771367132663727 0
1570184469392 0.19339360296726227 0
1570184471110 0.30400240421295166 0
1570184472927 0.20498496294021606 0
1570184474711 0.16444344818592072 0
1570184476726 0.2647331953048706 0
1570184478533 0.257791668176651 0
1570184480461 0.24602198600769043 0
1570184482533 0.22771519422531128 0
1570184484505 0.16157574951648712 0
1570184486326 0.27917271852493286 0
1570184488534 0.26786288619041443 0
1570184490382 0.19722364842891693 0
1570184492437 0.24477607011795044 0
1570184494393 0.19923363626003265 0
1570184496300 0.34853029251098633 0
1570184498442 0.33563151955604553 0
1570184500363 0.22230267524719238 0
1570184502274 0.2556435167789459 0
1570184504186 0.22562295198440552 0
1570184505948 0.2722874879837036 0
1570184507613 0.2256544828414917 0
1570184509602 0.18784663081169128 0
1570184511470 0.251682311296463 0
1570184513267 0.15426185727119446 0
1570184515459 0.257183313369751 0
1570184517536 0.1970108300447464 0
1570184519681 0.18345388770103455 0
1570184521706 0.2307269126176834 0
1570184523462 0.3730713725090027 0
1570184525206 0.22310630977153778 0
1570184527190 0.1940891146659851 0
1570184529015 0.2706865072250366 0
1570184531115 0.3190249800682068 0
1570184532970 0.25615981221199036 0
1570184534755 0.1671992540359497 0
1570184536872 0.2348298579454422 0
1570184538718 0.2332400381565094 0
1570184540703 0.1750498116016388 0
1570184542640 0.23996329307556152 0
1570184544513 0.22043171525001526 0
1570184546652 0.2852797508239746 0
1570184548601 0.3012866973876953 0
1570184550306 0.22698114812374115 0
1570184552565 0.30235278606414795 0
1570184554688 0.2914131283760071 0
1570184556548 0.27951404452323914 0
1570184558470 0.3395024538040161 0
1570184560303 0.250602126121521 0
1570184562618 0.21546697616577148 0
1570184564800 0.18568703532218933 0
1570184566625 0.32482627034187317 0
1570184568717 0.34399569034576416 0
1570184570900 0.2558537721633911 0
1570184572942 0.2929799556732178 0
1570184575112 0.2643858790397644 0
1570184577103 0.24130366742610931 0
1570184579040 0.19294291734695435 0
1570184581264 0.22835944592952728 0
1570184583511 0.2755173444747925 0
1570184585756 0.24877585470676422 0
1570184587699 0.20433387160301208 0
1570184589671 0.3412753939628601 0
1570184591855 0.20066724717617035 0
1570184593726 0.3015742003917694 0
1570184595574 0.23763562738895416 0
1570184597766 0.2470395267009735 0
1570184599654 0.28000408411026 0
1570184601664 0.18014422059059143 0
1570184603869 0.2087160348892212 0
1570184605633 0.20499910414218903 0
1570184607686 0.21462994813919067 0
1570184609659 0.2264116108417511 0
1570184611596 0.2548602521419525 0
1570184613860 0.3227400779724121 0
1570184615903 0.1567646563053131 0
1570184618066 0.25300246477127075 0
1570184620245 0.26518285274505615 0
1570184622463 0.2596120238304138 0
1570184624635 0.1977856457233429 0
1570184626842 0.2802273631095886 0
1570184628771 0.23269084095954895 0
1570184631163 0.2812374234199524 0
1570184633285 0.24643555283546448 0
1570184635210 0.19131261110305786 0
1570184637388 0.2504376173019409 0
1570184639587 0.3878409266471863 0
1570184641861 0.22087521851062775 0
1570184643756 0.23128609359264374 0
1570184645544 0.3012517988681793 0
1570184647580 0.30016738176345825 0
1570184649701 0.20952627062797546 0
1570184652102 0.16070044040679932 0
1570184653999 0.28232577443122864 0
1570184655821 0.2024492621421814 0
1570184658003 0.2929108142852783 0
1570184660072 0.20333212614059448 0
1570184662014 0.2184467613697052 0
1570184664156 0.20495390892028809 0
1570184666285 0.21631231904029846 0
1570184668594 0.22345580160617828 0
1570184670590 0.27221840620040894 0
1570184672574 0.1871037483215332 0
1570184674456 0.23833779990673065 0
1570184676182 0.233573317527771 0
1570184678129 0.22684484720230103 0
1570184680220 0.22291994094848633 0
1570184682004 0.2188037633895874 0
1570184684069 0.24583829939365387 0
1570184686082 0.43078866600990295 0
1570184688376 0.14151215553283691 0
1570184690512 0.25086674094200134 0
1570184692271 0.2913685739040375 0
1570184694446 0.20010709762573242 0
1570184696374 0.24969550967216492 0
1570184698538 0.16891224682331085 0
1570184700741 0.26267367601394653 0
1570184702942 0.36502259969711304 0
1570184705022 0.13170748949050903 0
1570184707215 0.257280558347702 0
1570184709084 0.2369760274887085 0
1570184710789 0.3448086380958557 0
1570184712778 0.2912661135196686 0
1570184714790 0.23301385343074799 0
1570184716861 0.2522696852684021 0
1570184718842 0.22073474526405334 0
1570184720870 0.30288824439048767 0
1570184723106 0.2886730432510376 0
1570184725178 0.21401876211166382 0
1570184727164 0.21184076368808746 0
1570184729424 0.2620496451854706 0
1570184731226 0.14468726515769958 0
1570184733195 0.18503253161907196 0
1570184735232 0.24458470940589905 0
1570184737284 0.2402128279209137 0
1570184739816 0.1811661720275879 0
1570184741905 0.26207733154296875 0
1570184744047 0.24901479482650757 0
1570184746249 0.23704266548156738 0
1570184748241 0.18875205516815186 0
1570184750515 0.1905929148197174 0
1570184752731 0.13136810064315796 0
1570184754693 0.34924736618995667 0
1570184756901 0.28181400895118713 0
1570184758852 0.21817411482334137 0
1570184760669 0.16072744131088257 0
1570184762494 0.3565169870853424 0
1570184764314 0.2717127799987793 0
1570184766093 0.2261037826538086 0
1570184768331 0.2121458202600479 0
1570184770434 0.23897035419940948 0
1570184772238 0.26828446984291077 0
1570184774356 0.2064952552318573 0
1570184776414 0.3075833320617676 0
1570184778558 0.21629135310649872 0
1570184780490 0.22655239701271057 0
1570184782513 0.2562354803085327 0
1570184784851 0.229191392660141 0
1570184787256 0.18281473219394684 0
1570184789167 0.20911648869514465 0
1570184791086 0.25353217124938965 0
1570184793104 0.1704130917787552 0
1570184795382 0.3148139715194702 0
1570184797768 0.33480942249298096 0
1570184799544 0.31993305683135986 0
1570184801537 0.1797313690185547 0
1570184803773 0.2693248391151428 0
1570184805732 0.21098771691322327 0
1570184808079 0.3035579323768616 0
1570184810091 0.19300365447998047 0
1570184812167 0.18924880027770996 0
1570184814353 0.15774504840373993 0
1570184816478 0.2608254551887512 0
1570184818758 0.2367493212223053 0
1570184821105 0.38710564374923706 0
1570184823150 0.16460831463336945 0
1570184825357 0.30585798621177673 0
1570184827423 0.2737310528755188 0
1570184829230 0.2193455994129181 0
1570184831173 0.23111537098884583 0
1570184833088 0.2637706995010376 0
1570184835140 0.2559995651245117 0
1570184837104 0.19018936157226562 0
1570184839246 0.2767901122570038 0
1570184841514 0.2687571942806244 0
1570184843447 0.22552648186683655 0
1570184845555 0.19380316138267517 0
1570184847691 0.19201874732971191 0
1570184849441 0.18594852089881897 0
1570184851403 0.22346201539039612 0
1570184853387 0.25510624051094055 0
1570184855259 0.25939252972602844 0
1570184857604 0.24753448367118835 0
1570184859619 0.33547845482826233 0
1570184862133 0.1995413601398468 0
1570184864465 0.28273341059684753 0
1570184866227 0.2165522426366806 0
1570184868129 0.17684996128082275 0
1570184870157 0.18410103023052216 0
1570184872340 0.2616073489189148 0
1570184874743 0.3460848927497864 0
1570184876993 0.22935917973518372 0
1570184879188 0.1684008091688156 0
1570184881415 0.3411116898059845 0
1570184883440 0.13907861709594727 0
1570184885736 0.3078535795211792 0
1570184887672 0.19825690984725952 0
1570184889515 0.26836562156677246 0
1570184891425 0.2268160730600357 0
1570184893594 0.1745760440826416 0
1570184895978 0.15896454453468323 0
1570184898170 0.1993105411529541 0
1570184900362 0.28692153096199036 0
1570184902424 0.18936249613761902 0
1570184904035 0.1964671015739441 0
