1570182425047 0.08880233764648438 0
1570182426595 0.06344171613454819 0
1570182427910 0.06831973791122437 0
1570182429309 0.07812032103538513 0
1570182430717 0.06998501718044281 0
1570182432062 0.06747536361217499 0
1570182433288 0.0649677962064743 0
1570182434599 0.075315922498703 0
1570182436086 0.06838929653167725 0
1570182437583 0.07028622925281525 0
1570182439056 0.06419696658849716 0
1570182440386 0.06585961580276489 0
1570182441816 0.05475078523159027 0
1570182443182 0.04924444109201431 0
1570182444648 0.05075763165950775 0
1570182445990 0.05284126102924347 0
1570182447404 0.06872635334730148 0
1570182448712 0.058828894048929214 0
1570182450106 0.05259763449430466 0
1570182451475 0.06234939396381378 0
1570182452873 0.057863473892211914 0
1570182454125 0.04400240629911423 0
1570182455746 0.052307888865470886 0
1570182457351 0.046329695731401443 0
1570182458796 0.04198075830936432 0
1570182460120 0.06267908960580826 0
1570182461504 0.05240536853671074 0
1570182462968 0.050709318369627 0
1570182464312 0.052114807069301605 0
1570182465668 0.058102741837501526 0
1570182466929 0.03797079622745514 0
1570182468225 0.05095279589295387 0
1570182469683 0.05445948988199234 0
1570182471350 0.044004473835229874 0
1570182472829 0.046296168118715286 0
1570182474316 0.051579054445028305 0
1570182475833 0.05355638265609741 0
1570182477102 0.032729826867580414 0
1570182478320 0.050135161727666855 0
1570182479577 0.04455471783876419 0
1570182480814 0.05555421859025955 0
1570182482178 0.04678203910589218 0
1570182483541 0.05880279839038849 0
1570182485128 0.05068723112344742 0
1570182486531 0.04522184282541275 0
1570182487844 0.03281206265091896 0
1570182489042 0.03494904935359955 0
1570182490478 0.04621746018528938 0
1570182491889 0.05510985851287842 0
1570182493289 0.049419838935136795 0
1570182494522 0.04746721684932709 0
1570182495922 0.036629825830459595 0
1570182497385 0.04444184899330139 0
1570182498717 0.04276898130774498 0
1570182500015 0.04292035475373268 0
1570182501382 0.05350077897310257 0
1570182502664 0.04752182960510254 0
1570182504021 0.04500073194503784 0
1570182505428 0.0480867400765419 0
1570182506911 0.04295338690280914 0
1570182508424 0.05463014170527458 0
1570182509966 0.03874247148633003 0
1570182511554 0.054034385830163956 0
1570182512967 0.04045442119240761 0
1570182514395 0.04371348395943642 0
1570182515603 0.03459600359201431 0
1570182516880 0.03792908415198326 0
1570182518161 0.04601295292377472 0
1570182519451 0.05147561430931091 0
1570182520916 0.055877070873975754 0
1570182522275 0.03765367716550827 0
1570182523623 0.050392039120197296 0
1570182524996 0.03905892372131348 0
1570182526374 0.05151793733239174 0
1570182527692 0.03480697423219681 0
1570182528931 0.04583947733044624 0
1570182530234 0.04691635072231293 0
1570182531633 0.037625208497047424 0
1570182533138 0.03610987216234207 0
1570182534528 0.04800806939601898 0
1570182535843 0.039136238396167755 0
1570182537428 0.04601161181926727 0
1570182538948 0.04738525301218033 0
1570182540260 0.04468034207820892 0
1570182541847 0.0533144474029541 0
1570182543281 0.0416036993265152 0
1570182544676 0.04722755402326584 0
1570182546166 0.04028069227933884 0
1570182547605 0.040262140333652496 0
1570182548966 0.042628213763237 0
1570182550548 0.0352088026702404 0
1570182552209 0.03428054228425026 0
1570182553618 0.04346192628145218 0
1570182554954 0.043562062084674835 0
1570182556532 0.04569943994283676 0
1570182558088 0.04515371471643448 0
1570182559460 0.04474452883005142 0
1570182561061 0.028020218014717102 0
1570182562506 0.04967530444264412 0
1570182564126 0.038684308528900146 0
1570182565618 0.043891362845897675 0
1570182567217 0.039113134145736694 0
1570182568598 0.03136410564184189 0
1570182569955 0.045384183526039124 0
1570182571731 0.03307194262742996 0
1570182573373 0.03796060383319855 0
1570182574776 0.0486883744597435 0
1570182576312 0.03669963404536247 0
1570182577859 0.04413127899169922 0
1570182579420 0.04801163449883461 0
1570182580761 0.04193263128399849 0
1570182582223 0.032432589679956436 0
1570182583710 0.039324674755334854 0
1570182586585 0.04014504700899124 0
1570182587966 0.03392787650227547 0
1570182589405 0.03224436566233635 0
1570182590775 0.04347521811723709 0
1570182592355 0.033616989850997925 0
1570182593873 0.03711297735571861 0
1570182595529 0.04359057545661926 0
1570182596856 0.03541772812604904 0
1570182598344 0.04925994575023651 0
1570182599917 0.04603967443108559 0
1570182601461 0.03692880645394325 0
1570182603010 0.04120323807001114 0
1570182604421 0.032923877239227295 0
1570182605774 0.03832110017538071 0
1570182607295 0.03278619796037674 0
1570182608908 0.03329577296972275 0
1570182610426 0.0414101779460907 0
1570182611991 0.033540189266204834 0
1570182613624 0.04206684231758118 0
1570182614961 0.0336785688996315 0
1570182616463 0.03570067510008812 0
1570182618110 0.03127506002783775 0
1570182619718 0.048047006130218506 0
1570182621221 0.0352652370929718 0
1570182622688 0.03127670660614967 0
1570182624049 0.03174012526869774 0
1570182625420 0.04421824961900711 0
1570182626728 0.03255002200603485 0
1570182628298 0.03839413821697235 0
1570182629888 0.02975684031844139 0
1570182631474 0.026473041623830795 0
1570182632836 0.04337306320667267 0
1570182634284 0.03510281443595886 0
1570182635848 0.033481892198324203 0
1570182637456 0.02787051722407341 0
1570182638987 0.03900323063135147 0
1570182640440 0.034175388514995575 0
1570182641905 0.0344819575548172 0
1570182643364 0.04674803838133812 0
1570182644908 0.0363515205681324 0
1570182646303 0.04350663721561432 0
1570182647732 0.046215545386075974 0
1570182649160 0.039109792560338974 0
1570182650649 0.04236800968647003 0
1570182652393 0.04066378250718117 0
1570182653760 0.02744421362876892 0
1570182655092 0.03770001232624054 0
1570182657604 0.040343426167964935 0
1570182659089 0.028679031878709793 0
1570182660404 0.031707316637039185 0
1570182661845 0.035957835614681244 0
1570182663242 0.028673404827713966 0
1570182664649 0.03340432047843933 0
1570182666293 0.03784627839922905 0
1570182667628 0.03924039751291275 0
1570182669133 0.037066880613565445 0
1570182670647 0.03621373325586319 0
1570182672330 0.032357245683670044 0
1570182674047 0.03123808279633522 0
1570182675614 0.03531415015459061 0
1570182676964 0.030944256111979485 0
1570182678444 0.030864723026752472 0
1570182679866 0.034286946058273315 0
1570182681412 0.03387635573744774 0
1570182682908 0.04052913933992386 0
1570182684646 0.03598523139953613 0
1570182686150 0.028308145701885223 0
1570182687519 0.031440190970897675 0
1570182688929 0.03550341725349426 0
1570182690356 0.029124531894922256 0
1570182691817 0.030024267733097076 0
1570182693432 0.03446216136217117 0
1570182694962 0.04386981576681137 0
1570182696265 0.029304157942533493 0
1570182697727 0.036066025495529175 0
1570182699264 0.037226513028144836 0
1570182701218 0.029719527810811996 0
1570182702741 0.03961368650197983 0
1570182704270 0.02249312587082386 0
1570182705615 0.0353626050055027 0
1570182707098 0.03590647876262665 0
1570182708538 0.030550304800271988 0
1570182710094 0.03436495363712311 0
1570182711733 0.0374784991145134 0
1570182713298 0.029532581567764282 0
1570182714559 0.03509311005473137 0
1570182716015 0.037201277911663055 0
1570182717503 0.03318116068840027 0
1570182719036 0.028902212157845497 0
1570182720548 0.036694422364234924 0
1570182722012 0.029104262590408325 0
1570182723647 0.03302930295467377 0
1570182725103 0.03220921754837036 0
1570182726612 0.026017766445875168 0
1570182727902 0.031786758452653885 0
1570182729328 0.034683819860219955 0
1570182730803 0.041250355541706085 0
1570182732084 0.03187040984630585 0
1570182733376 0.021968945860862732 0
1570182734732 0.037632547318935394 0
1570182737004 0.029297057539224625 0
1570182738412 0.02830490842461586 0
1570182739729 0.040585607290267944 0
1570182741129 0.03150201588869095 0
1570182742471 0.042860034853219986 0
1570182744002 0.034419648349285126 0
1570182745441 0.029062502086162567 0
1570182747095 0.03975435346364975 0
1570182748635 0.03126322478055954 0
1570182750290 0.0271458737552166 0
1570182751988 0.02589820884168148 0
1570182753565 0.03634876012802124 0
1570182755118 0.04116983711719513 0
1570182756693 0.026511162519454956 0
1570182758277 0.03261470049619675 0
1570182759738 0.029208075255155563 0
1570182761181 0.03801644966006279 0
1570182762778 0.041057735681533813 0
1570182764319 0.03210365027189255 0
1570182765784 0.028917253017425537 0
1570182767441 0.02485230565071106 0
1570182769051 0.036313459277153015 0
1570182770570 0.03395434468984604 0
1570182771884 0.03333931788802147 0
1570182773162 0.03190586715936661 0
1570182774552 0.025565769523382187 0
1570182775883 0.030432168394327164 0
1570182777550 0.02769354358315468 0
1570182778953 0.028257004916667938 0
1570182780323 0.03451372683048248 0
1570182781595 0.021552184596657753 0
1570182783155 0.036172352731227875 0
1570182784568 0.03141307085752487 0
1570182785974 0.036492254585027695 0
1570182787463 0.028077727183699608 0
1570182788911 0.029017573222517967 0
1570182790364 0.03385784476995468 0
1570182791872 0.03119354322552681 0
1570182793329 0.026348892599344254 0
1570182794657 0.021588843315839767 0
1570182796044 0.019477680325508118 0
1570182797714 0.03338789939880371 0
1570182799263 0.025346646085381508 0
1570182800801 0.03686441108584404 0
1570182802503 0.0262842308729887 0
1570182804183 0.029151223599910736 0
1570182805856 0.043350912630558014 0
1570182807408 0.033220324665308 0
1570182808820 0.021597115322947502 0
1570182810325 0.027119971811771393 0
1570182811852 0.029771149158477783 0
1570182813335 0.03164741024374962 0
1570182814780 0.024291275069117546 0
1570182816478 0.02952226810157299 0
1570182817954 0.035162173211574554 0
1570182819564 0.01938561722636223 0
1570182821220 0.023378679528832436 0
1570182822950 0.03135301172733307 0
1570182824465 0.027376282960176468 0
1570182825771 0.03367028012871742 0
1570182827234 0.029213320463895798 0
1570182828725 0.02532828599214554 0
1570182830027 0.026427196338772774 0
1570182831382 0.026897862553596497 0
1570182832797 0.029080383479595184 0
1570182834519 0.0284257885068655 0
1570182836111 0.025693487375974655 0
1570182837534 0.026064127683639526 0
1570182838885 0.030741140246391296 0
1570182840454 0.028668111190199852 0
1570182842011 0.03297401964664459 0
1570182843693 0.028479356318712234 0
1570182845266 0.029528791084885597 0
1570182847774 0.0226452499628067 0
1570182849384 0.026909250766038895 0
1570182851152 0.03054257482290268 0
1570182852584 0.030767004936933517 0
1570182854016 0.031782496720552444 0
1570182855354 0.02938665635883808 0
1570182857109 0.022930368781089783 0
1570182858531 0.021694380789995193 0
1570182859857 0.02743348851799965 0
1570182861221 0.03206002712249756 0
1570182862547 0.027210798114538193 0
1570182863939 0.030920086428523064 0
1570182865664 0.02347293123602867 0
1570182867282 0.030765172094106674 0
1570182868914 0.03109806589782238 0
1570182870569 0.028272606432437897 0
1570182872223 0.029695652425289154 0
1570182873729 0.020168296992778778 0
1570182875229 0.03450658172369003 0
1570182876632 0.02720644883811474 0
1570182877944 0.03064110316336155 0
1570182879365 0.033972933888435364 0
1570182880784 0.032610051333904266 0
1570182882272 0.021467143669724464 0
1570182883807 0.024870458990335464 0
1570182885217 0.028102729469537735 0
1570182886636 0.0245828814804554 0
1570182888257 0.02657793089747429 0
1570182889808 0.02067628875374794 0
1570182891578 0.03617996722459793 0
1570182893014 0.024240730330348015 0
1570182894316 0.02934570610523224 0
1570182895674 0.03238070756196976 0
1570182897089 0.021423542872071266 0
1570182898557 0.028543667867779732 0
1570182900659 0.02644205093383789 0
1570182902222 0.032719165086746216 0
1570182903748 0.0332380011677742 0
1570182905198 0.032384976744651794 0
1570182906778 0.028209412470459938 0
1570182908308 0.022468114271759987 0
1570182909652 0.03126955032348633 0
1570182911033 0.03427175432443619 0
1570182912681 0.02174423635005951 0
1570182914287 0.025786520913243294 0
1570182915596 0.026267748326063156 0
1570182916924 0.023562796413898468 0
1570182918398 0.02242770604789257 0
1570182919882 0.035242337733507156 0
1570182921345 0.01977936364710331 0
1570182922785 0.03840145468711853 0
1570182924250 0.030087869614362717 0
1570182925800 0.03068816289305687 0
1570182927447 0.02618619054555893 0
1570182928809 0.027466077357530594 0
1570182930258 0.024974429979920387 0
1570182931932 0.026480240747332573 0
1570182933351 0.02298683114349842 0
1570182934741 0.023872660472989082 0
1570182936499 0.02630804106593132 0
1570182937971 0.025502856820821762 0
1570182939473 0.024480875581502914 0
1570182940958 0.02681887149810791 0
1570182942300 0.021239325404167175 0
1570182943806 0.026961658149957657 0
1570182945571 0.0249253548681736 0
1570182947184 0.026975281536579132 0
1570182948728 0.02351081371307373 0
1570182950368 0.02596275508403778 0
1570182952006 0.030269131064414978 0
1570182953601 0.03191410005092621 0
1570182955117 0.02624286711215973 0
1570182956646 0.023290246725082397 0
1570182958120 0.028874702751636505 0
1570182959604 0.028580032289028168 0
1570182961194 0.022570690140128136 0
1570182962517 0.028255505487322807 0
1570182963756 0.020377302542328835 0
1570182964989 0.02553977631032467 0
1570182966285 0.027296677231788635 0
1570182967796 0.01840510591864586 0
1570182969212 0.025860805064439774 0
1570182970921 0.031279176473617554 0
1570182972561 0.022043492645025253 0
1570182974228 0.02772931009531021 0
1570182975598 0.03295866400003433 0
1570182977068 0.02306254394352436 0
1570182978500 0.03383760154247284 0
1570182980029 0.028473541140556335 0
1570182981766 0.01992708444595337 0
1570182983402 0.02768651396036148 0
1570182985104 0.023713162168860435 0
1570182986522 0.028440535068511963 0
1570182987895 0.029791414737701416 0
1570182989464 0.021443357691168785 0
1570182991081 0.022696031257510185 0
1570182992717 0.02341121807694435 0
1570182994342 0.026920974254608154 0
1570182996013 0.02667119726538658 0
1570182997734 0.023644238710403442 0
1570182999579 0.02536996454000473 0
1570183001321 0.03070116974413395 0
1570183003128 0.025411169975996017 0
1570183004687 0.027248766273260117 0
1570183006281 0.024067502468824387 0
1570183007718 0.02651676908135414 0
1570183009243 0.02567591518163681 0
1570183010684 0.016631094738841057 0
1570183012082 0.026494231075048447 0
1570183013740 0.02922629565000534 0
1570183015384 0.02388596534729004 0
1570183016772 0.02494519017636776 0
1570183018149 0.025070134550333023 0
1570183019565 0.027210082858800888 0
1570183020951 0.023649023845791817 0
1570183022687 0.018139515072107315 0
1570183024234 0.028419028967618942 0
1570183025916 0.031177310273051262 0
1570183027399 0.021939903497695923 0
1570183028670 0.028148069977760315 0
1570183030014 0.027684330940246582 0
1570183031548 0.0293219443410635 0
1570183033094 0.016204914078116417 0
1570183034703 0.02250545844435692 0
1570183036129 0.02684861235320568 0
1570183037664 0.020189285278320312 0
1570183039048 0.02303716354072094 0
1570183040491 0.025696247816085815 0
1570183041893 0.030012447386980057 0
1570183043360 0.021741021424531937 0
1570183045193 0.023103564977645874 0
1570183046938 0.024997301399707794 0
1570183048694 0.0241999588906765 0
1570183050203 0.022015051916241646 0
1570183051792 0.025744639337062836 0
1570183053362 0.027096757665276527 0
1570183054935 0.020908497273921967 0
1570183056590 0.021776381880044937 0
1570183058354 0.020058268681168556 0
1570183059894 0.025535129010677338 0
1570183061389 0.027759887278079987 0
1570183062960 0.020946970209479332 0
1570183064631 0.02129567228257656 0
1570183066139 0.023086603730916977 0
1570183067975 0.024891190230846405 0
1570183069493 0.020761409774422646 0
1570183071103 0.02669130638241768 0
1570183072860 0.024439767003059387 0
1570183074656 0.02503025159239769 0
1570183076429 0.027724772691726685 0
1570183077930 0.02542119286954403 0
1570183079470 0.027407437562942505 0
1570183081155 0.026133466511964798 0
1570183082883 0.023936785757541656 0
1570183084403 0.02631845325231552 0
1570183085967 0.027292311191558838 0
1570183087408 0.01833965629339218 0
1570183088803 0.01921265944838524 0
1570183090423 0.018175501376390457 0
1570183092241 0.021926086395978928 0
1570183093949 0.024929553270339966 0
1570183095631 0.022785760462284088 0
1570183097028 0.02189728431403637 0
1570183098720 0.015671173110604286 0
1570183100377 0.024269949644804 0
1570183102061 0.02230527065694332 0
1570183103793 0.024650517851114273 0
1570183105545 0.019519824534654617 0
1570183107268 0.024158870801329613 0
1570183109005 0.022888697683811188 0
1570183110663 0.022717049345374107 0
1570183112225 0.027445469051599503 0
1570183114004 0.027356823906302452 0
1570183115932 0.022344572469592094 0
1570183117460 0.028059840202331543 0
1570183119089 0.02199174277484417 0
1570183120668 0.020614920184016228 0
1570183122168 0.03383025527000427 0
1570183123637 0.01875259354710579 0
1570183125114 0.028428494930267334 0
1570183126641 0.03468209505081177 0
1570183128207 0.023676440119743347 0
1570183129799 0.02650015987455845 0
1570183131303 0.019705533981323242 0
1570183132806 0.01867387443780899 0
1570183134225 0.024073129519820213 0
1570183135713 0.022280849516391754 0
1570183137209 0.021146714687347412 0
1570183138893 0.03101878985762596 0
1570183140409 0.02211594581604004 0
1570183141898 0.02254953235387802 0
1570183143433 0.019548475742340088 0
1570183145043 0.02159648761153221 0
1570183146640 0.016926828771829605 0
1570183148129 0.028647830709815025 0
1570183149594 0.024939699098467827 0
1570183151171 0.025225698947906494 0
1570183152712 0.022323280572891235 0
1570183154106 0.027753587812185287 0
1570183155636 0.01755746826529503 0
1570183157197 0.025231530889868736 0
1570183158747 0.02421589195728302 0
1570183160137 0.02045663446187973 0
1570183161849 0.021347826346755028 0
1570183163418 0.02706122398376465 0
1570183165095 0.02012486755847931 0
1570183166684 0.018100447952747345 0
1570183168153 0.026150034740567207 0
1570183169653 0.016349533572793007 0
1570183171268 0.022991785779595375 0
1570183173024 0.028088126331567764 0
1570183174637 0.02433820441365242 0
1570183176251 0.02303169295191765 0
1570183177688 0.03058484196662903 0
1570183179221 0.025674927979707718 0
1570183180676 0.02622995898127556 0
1570183182243 0.01968396268785 0
1570183183724 0.01720753312110901 0
1570183185307 0.017882071435451508 0
1570183186846 0.027829669415950775 0
1570183188476 0.014218611642718315 0
1570183190365 0.022025704383850098 0
1570183192263 0.0243665911257267 0
1570183193918 0.024706203490495682 0
1570183195501 0.021082380786538124 0
1570183197115 0.02640201710164547 0
1570183198764 0.022229304537177086 0
1570183200147 0.02199024334549904 0
1570183201679 0.020826837047934532 0
1570183203182 0.023164138197898865 0
1570183204622 0.018542863428592682 0
1570183205953 0.020838700234889984 0
1570183207296 0.021743757650256157 0
1570183208717 0.028711464256048203 0
1570183210116 0.02253403514623642 0
1570183211653 0.022779274731874466 0
1570183213085 0.028261452913284302 0
1570183214472 0.029521211981773376 0
1570183215888 0.017645159736275673 0
1570183217387 0.027655186131596565 0
1570183219013 0.021305333822965622 0
1570183220505 0.018316607922315598 0
1570183222026 0.020341631025075912 0
1570183223558 0.01950104534626007 0
1570183225048 0.0272220466285944 0
1570183226645 0.020302243530750275 0
1570183228628 0.027590284124016762 0
1570183230510 0.01925898715853691 0
1570183232127 0.025578618049621582 0
1570183233576 0.019156713038682938 0
1570183235076 0.018998093903064728 0
1570183236653 0.017290271818637848 0
1570183238111 0.02487097680568695 0
1570183239626 0.017886776477098465 0
1570183241265 0.02868599072098732 0
1570183243182 0.02156836725771427 0
1570183244878 0.024200165644288063 0
1570183246368 0.01712188497185707 0
1570183248042 0.025824593380093575 0
1570183250057 0.014785957522690296 0
1570183251506 0.017327627167105675 0
1570183253030 0.017190929502248764 0
1570183254679 0.026582105085253716 0
1570183256201 0.027376990765333176 0
1570183257790 0.021101482212543488 0
1570183259461 0.018583359196782112 0
1570183261080 0.019928041845560074 0
1570183262676 0.01952381059527397 0
1570183264354 0.02296220138669014 0
1570183266050 0.026385270059108734 0
1570183267725 0.022210022434592247 0
1570183269636 0.023112613707780838 0
1570183271398 0.0190245620906353 0
1570183272895 0.029763445258140564 0
1570183274599 0.018089354038238525 0
1570183276347 0.018314063549041748 0
1570183277941 0.024461742490530014 0
1570183279710 0.018300814554095268 0
1570183281468 0.02125817909836769 0
1570183282997 0.021484505385160446 0
1570183284756 0.02299455925822258 0
1570183286680 0.019491752609610558 0
1570183288202 0.01551954448223114 0
1570183289785 0.02112463116645813 0
1570183291384 0.020818030461668968 0
1570183292999 0.019700508564710617 0
1570183294887 0.01751052774488926 0
1570183296782 0.022006483748555183 0
1570183298601 0.015144056640565395 0
1570183300109 0.022216279059648514 0
1570183301660 0.023033421486616135 0
1570183303402 0.016445577144622803 0
1570183305161 0.016267642378807068 0
1570183306859 0.017751310020685196 0
1570183308364 0.022898484021425247 0
1570183310081 0.016539644449949265 0
1570183311765 0.01958155259490013 0
1570183313623 0.017793752253055573 0
1570183315430 0.025408325716853142 0
1570183316971 0.021695375442504883 0
1570183318894 0.025201203301548958 0
1570183320752 0.02045257017016411 0
1570183322660 0.01893327385187149 0
1570183324087 0.02126903086900711 0
1570183325810 0.014673858880996704 0
1570183327609 0.02160162664949894 0
1570183329278 0.019446399062871933 0
1570183330842 0.023978341370821 0
1570183332586 0.017168933525681496 0
1570183334214 0.01757011190056801 0
1570183335996 0.016606738790869713 0
1570183337787 0.021986832842230797 0
1570183339621 0.01983230747282505 0
1570183341223 0.025362208485603333 0
1570183342898 0.027549615129828453 0
1570183344701 0.020099271088838577 0
1570183346340 0.02593419887125492 0
1570183347823 0.019522270187735558 0
1570183349522 0.02221168950200081 0
1570183351299 0.01737857423722744 0
1570183352961 0.014632589183747768 0
1570183354629 0.016547635197639465 0
1570183356547 0.02072102203965187 0
1570183358168 0.018309079110622406 0
1570183360052 0.020562883466482162 0
1570183361860 0.01658530905842781 0
1570183363525 0.020488355308771133 0
1570183365284 0.018245086073875427 0
1570183367189 0.018957700580358505 0
1570183368996 0.022070327773690224 0
1570183370611 0.023748064413666725 0
1570183372342 0.019073639065027237 0
1570183374178 0.01735697314143181 0
1570183376000 0.02057339996099472 0
1570183377839 0.015982553362846375 0
1570183379445 0.026012707501649857 0
1570183381130 0.02265709638595581 0
1570183382945 0.02292633056640625 0
1570183384909 0.015100146643817425 0
1570183386707 0.019490346312522888 0
1570183388314 0.013737717643380165 0
1570183389975 0.01820691116154194 0
1570183391567 0.01694268360733986 0
1570183393265 0.015299513936042786 0
1570183395238 0.021194949746131897 0
1570183397183 0.019793078303337097 0
1570183398895 0.022603794932365417 0
1570183400857 0.020465731620788574 0
1570183402809 0.015028245747089386 0
1570183404552 0.019262081012129784 0
1570183406400 0.019723037257790565 0
1570183408081 0.020512789487838745 0
1570183409906 0.01947576180100441 0
1570183411485 0.021112095564603806 0
1570183413172 0.02205333113670349 0
1570183415161 0.022466149181127548 0
1570183416862 0.018806874752044678 0
1570183418401 0.018475821241736412 0
1570183419964 0.020536746829748154 0
1570183421449 0.018884340301156044 0
1570183423124 0.020532917231321335 0
1570183424816 0.01754528097808361 0
1570183426620 0.018936000764369965 0
1570183428329 0.022864606231451035 0
1570183430097 0.017626715824007988 0
1570183431737 0.020827408879995346 0
1570183433365 0.019424859434366226 0
1570183434960 0.014438234269618988 0
1570183436715 0.016899775713682175 0
1570183438412 0.016812575981020927 0
1570183440100 0.019298750907182693 0
1570183441937 0.016633598133921623 0
1570183443632 0.017715226858854294 0
1570183445307 0.02051110565662384 0
1570183447119 0.02416185662150383 0
1570183448936 0.019801653921604156 0
1570183450355 0.016734175384044647 0
1570183452061 0.025708289816975594 0
1570183453918 0.01691557839512825 0
1570183455575 0.022991418838500977 0
1570183457240 0.025665178894996643 0
1570183459042 0.016392989084124565 0
1570183460936 0.023370802402496338 0
1570183462620 0.021012112498283386 0
1570183464321 0.02197999693453312 0
1570183466107 0.018466638401150703 0
1570183467685 0.016734493896365166 0
1570183469441 0.016363825649023056 0
1570183471395 0.015983348712325096 0
1570183473281 0.02358948439359665 0
1570183475074 0.02076360210776329 0
1570183476862 0.02149996906518936 0
1570183478412 0.017730167135596275 0
1570183479881 0.016547206789255142 0
1570183481399 0.014273805543780327 0
1570183483180 0.0206141360104084 0
1570183484840 0.020664088428020477 0
1570183486547 0.016154585406184196 0
1570183488430 0.016629725694656372 0
1570183489986 0.02355434000492096 0
1570183491452 0.01956515945494175 0
1570183493172 0.019865822046995163 0
1570183495096 0.028224091976881027 0
1570183496889 0.016860801726579666 0
1570183498481 0.01799526810646057 0
1570183500272 0.021645773202180862 0
1570183501984 0.02276802808046341 0
1570183503491 0.016273997724056244 0
1570183505246 0.02022896520793438 0
1570183507207 0.022721290588378906 0
1570183508692 0.020726533606648445 0
1570183510464 0.019102787598967552 0
1570183512365 0.020377924665808678 0
1570183514168 0.013771293684840202 0
1570183516127 0.018592409789562225 0
1570183518090 0.015840033069252968 0
1570183519704 0.016409052535891533 0
1570183521417 0.012586081400513649 0
1570183523441 0.02208213321864605 0
1570183525284 0.017424605786800385 0
1570183526876 0.02345225028693676 0
1570183528365 0.02146730199456215 0
1570183529969 0.023316506296396255 0
1570183531461 0.01674395427107811 0
1570183533143 0.020187806338071823 0
1570183534798 0.017978612333536148 0
1570183536592 0.015819018706679344 0
1570183538627 0.018350962549448013 0
1570183540483 0.02042321301996708 0
1570183541989 0.017647944390773773 0
1570183543457 0.021562103182077408 0
1570183545149 0.01667172834277153 0
1570183546833 0.015451427549123764 0
1570183548430 0.016545288264751434 0
1570183550345 0.02172405645251274 0
1570183552167 0.02148940972983837 0
1570183553822 0.020569875836372375 0
1570183555672 0.015471374616026878 0
1570183557544 0.01633039116859436 0
1570183559425 0.015500223264098167 0
1570183561289 0.02098347619175911 0
1570183563270 0.01547393761575222 0
1570183564987 0.020689332857728004 0
1570183566747 0.014007597230374813 0
1570183568577 0.020423341542482376 0
1570183570126 0.014050601981580257 0
1570183571698 0.015930723398923874 0
1570183573587 0.01765861175954342 0
1570183575438 0.01668136939406395 0
1570183577219 0.01595669612288475 0
1570183579011 0.016856687143445015 0
1570183580866 0.024306325241923332 0
1570183582568 0.016214128583669662 0
1570183584534 0.01783500611782074 0
1570183586367 0.024250231683254242 0
1570183587833 0.0224385317414999 0
1570183589576 0.02162560261785984 0
1570183591345 0.013830898329615593 0
1570183593110 0.01620669662952423 0
1570183594716 0.011753840371966362 0
1570183596565 0.014332002028822899 0
1570183598322 0.02256348915398121 0
1570183600048 0.018649160861968994 0
1570183601690 0.015859076753258705 0
1570183603641 0.01789606176316738 0
1570183605269 0.017773332074284554 0
1570183606931 0.015093731693923473 0
1570183608700 0.012641964480280876 0
1570183610409 0.01523627806454897 0
1570183612182 0.016692612320184708 0
1570183613858 0.014615010470151901 0
1570183615885 0.015457241795957088 0
1570183617739 0.021068129688501358 0
1570183619752 0.015531658194959164 0
1570183621747 0.018574483692646027 0
1570183623409 0.017846442759037018 0
1570183625289 0.017114201560616493 0
1570183626852 0.017465826123952866 0
1570183628536 0.016114231199026108 0
1570183630334 0.017767921090126038 0
1570183632209 0.02109047770500183 0
1570183633909 0.01622529700398445 0
1570183635673 0.014293599873781204 0
1570183637505 0.018555201590061188 0
1570183639469 0.017920460551977158 0
1570183641134 0.025756711140275 0
1570183643049 0.018818054348230362 0
1570183645126 0.014993764460086823 0
1570183646773 0.020070776343345642 0
1570183648475 0.01964571326971054 0
1570183650295 0.019478226080536842 0
1570183652034 0.01559951901435852 0
1570183653739 0.017994774505496025 0
1570183655650 0.01764974743127823 0
1570183657180 0.01880510337650776 0
1570183658720 0.014347150921821594 0
1570183660466 0.019139472395181656 0
1570183662275 0.017082931473851204 0
1570183664072 0.015958551317453384 0
1570183666095 0.01943061873316765 0
1570183667997 0.01693997159600258 0
1570183669493 0.017667796462774277 0
1570183671622 0.019371647387742996 0
1570183673626 0.016438355669379234 0
1570183675200 0.01589440181851387 0
1570183676985 0.019887931644916534 0
1570183678982 0.016375545412302017 0
1570183680522 0.025581683963537216 0
1570183682433 0.01368425041437149 0
1570183684501 0.0165061317384243 0
1570183686144 0.014529808424413204 0
1570183688112 0.0161322932690382 0
1570183690004 0.017055336385965347 0
1570183691643 0.019082656130194664 0
1570183693494 0.012928756885230541 0
1570183695533 0.0143201295286417 0
1570183697241 0.015645351260900497 0
1570183699212 0.015312302857637405 0
1570183701230 0.021092932671308517 0
1570183702986 0.016079463064670563 0
1570183704688 0.017587633803486824 0
1570183706697 0.015910472720861435 0
1570183708450 0.016874846071004868 0
1570183710231 0.019853878766298294 0
1570183712143 0.015535104088485241 0
1570183713843 0.020190821960568428 0
1570183715415 0.015930701047182083 0
1570183717477 0.019546402618288994 0
1570183719469 0.01591339521110058 0
1570183721210 0.018328674137592316 0
1570183723160 0.017532654106616974 0
1570183725237 0.015081996098160744 0
1570183726924 0.015863481909036636 0
1570183728654 0.017665095627307892 0
1570183730366 0.01630198024213314 0
1570183732030 0.013862606137990952 0
1570183733791 0.019201509654521942 0
1570183735597 0.018483631312847137 0
1570183737316 0.017182443290948868 0
1570183739159 0.013906057924032211 0
1570183740990 0.013965178281068802 0
1570183742692 0.020775549113750458 0
1570183744306 0.017450042068958282 0
1570183746062 0.019553178921341896 0
1570183747938 0.015817172825336456 0
1570183749543 0.014360273256897926 0
1570183751284 0.01705227419734001 0
1570183753262 0.01683478243649006 0
1570183755275 0.012753589078783989 0
1570183757373 0.016331752762198448 0
1570183759273 0.01532928366214037 0
1570183760894 0.01629619300365448 0
1570183762869 0.01780211552977562 0
1570183764519 0.015603825449943542 0
1570183766309 0.016505151987075806 0
1570183768300 0.018457133322954178 0
1570183769924 0.01735292375087738 0
1570183771705 0.011886341497302055 0
1570183773733 0.015751779079437256 0
1570183775624 0.015623052604496479 0
1570183777408 0.02564818039536476 0
1570183779261 0.016866356134414673 0
1570183780961 0.019978022202849388 0
1570183782687 0.0129866236820817 0
1570183784408 0.013932827860116959 0
1570183786137 0.012828237377107143 0
1570183787680 0.01644655503332615 0
1570183789321 0.017605314031243324 0
1570183791085 0.011936601251363754 0
1570183792964 0.019233524799346924 0
1570183795055 0.018966082483530045 0
1570183796947 0.017660323530435562 0
1570183798709 0.0156562440097332 0
1570183800555 0.013826514594256878 0
1570183802689 0.014776554889976978 0
1570183804673 0.0182135421782732 0
1570183806579 0.013743802905082703 0
1570183808539 0.01296432688832283 0
1570183810268 0.016216058284044266 0
1570183811960 0.013649649918079376 0
1570183813766 0.01769425719976425 0
1570183815564 0.0250718854367733 0
1570183817301 0.011887602508068085 0
1570183819275 0.013219639658927917 0
1570183821180 0.010937768965959549 0
1570183823103 0.014727643691003323 0
1570183825240 0.017313510179519653 0
1570183827092 0.015530049800872803 0
1570183829002 0.019855733960866928 0
1570183831193 0.015257449820637703 0
1570183833088 0.01605088636279106 0
1570183834879 0.015582595951855183 0
1570183836634 0.020161116495728493 0
1570183838558 0.017841961234807968 0
1570183840147 0.015231238678097725 0
1570183841909 0.021065495908260345 0
1570183843651 0.018162265419960022 0
1570183845402 0.01344859879463911 0
1570183847147 0.018951985985040665 0
1570183848998 0.012642642483115196 0
1570183850670 0.01668352633714676 0
1570183852417 0.013789862394332886 0
1570183854514 0.017772730439901352 0
1570183856388 0.016308806836605072 0
1570183858025 0.013211114332079887 0
1570183859909 0.010491741821169853 0
1570183861940 0.01356943417340517 0
1570183863720 0.017621666193008423 0
1570183865346 0.014296889305114746 0
1570183866857 0.016772432252764702 0
1570183868498 0.01964973285794258 0
1570183870154 0.016179382801055908 0
1570183871855 0.019320346415042877 0
1570183873461 0.01855110004544258 0
1570183875126 0.012170476838946342 0
1570183876752 0.020191438496112823 0
1570183878536 0.017994720488786697 0
1570183880140 0.014064133167266846 0
1570183881948 0.015397142618894577 0
1570183883980 0.016332708299160004 0
1570183886185 0.020560741424560547 0
1570183888207 0.018490560352802277 0
1570183889937 0.014503511600196362 0
1570183891599 0.019317805767059326 0
1570183893133 0.012096874415874481 0
1570183894800 0.02172762155532837 0
1570183896334 0.018334127962589264 0
1570183897855 0.017055252566933632 0
1570183899540 0.016463661566376686 0
1570183901156 0.014916729182004929 0
1570183902840 0.010405882261693478 0
1570183904514 0.017046231776475906 0
1570183906373 0.014422325417399406 0
1570183908454 0.012686394155025482 0
1570183910463 0.01229863427579403 0
1570183912367 0.015206998214125633 0
1570183914229 0.013847044669091702 0
1570183915884 0.016272755339741707 0
1570183917628 0.01443459466099739 0
1570183919615 0.01297842524945736 0
1570183921378 0.012629593722522259 0
1570183923176 0.015447249636054039 0
1570183924944 0.013900920748710632 0
1570183926495 0.017990022897720337 0
1570183928089 0.022541014477610588 0
1570183930262 0.014475656673312187 0
1570183931975 0.00959638599306345 0
1570183933940 0.014831818640232086 0
1570183935907 0.011919696815311909 0
1570183937609 0.013065002858638763 0
1570183939332 0.017160551622509956 0
1570183941232 0.011782320216298103 0
1570183943487 0.013602977618575096 0
1570183945403 0.011108939535915852 0
1570183947484 0.01409582607448101 0
1570183949171 0.018218059092760086 0
1570183950968 0.016831863671541214 0
1570183953002 0.016267359256744385 0
1570183955041 0.013927662745118141 0
1570183956664 0.011806001886725426 0
1570183958371 0.01760842651128769 0
1570183960292 0.014978996478021145 0
1570183962296 0.011653843335807323 0
1570183964547 0.016591176390647888 0
1570183966467 0.016487445682287216 0
1570183968227 0.015094194561243057 0
1570183970060 0.02039589360356331 0
1570183971851 0.017336228862404823 0
1570183974195 0.0143931545317173 0
1570183976148 0.015575260855257511 0
1570183978219 0.015770019963383675 0
1570183980210 0.013327430933713913 0
1570183982471 0.01703895628452301 0
1570183984051 0.016129113733768463 0
1570183985848 0.019686810672283173 0
1570183987752 0.010843719355762005 0
1570183989797 0.01505493838340044 0
1570183991915 0.015676990151405334 0
1570183993554 0.013307949528098106 0
1570183995235 0.01571556180715561 0
1570183997251 0.01746152713894844 0
1570183999074 0.01410839892923832 0
1570184001167 0.013759163208305836 0
1570184002757 0.0172470323741436 0
1570184004275 0.014623748138546944 0
1570184006318 0.017796622589230537 0
1570184008155 0.013231697492301464 0
1570184010574 0.01644306629896164 0
1570184012366 0.016052469611167908 0
1570184014127 0.016507498919963837 0
1570184016233 0.01695908047258854 0
1570184018087 0.013167557306587696 0
1570184019894 0.01409822516143322 0
1570184021672 0.013308069668710232 0
1570184023477 0.01601942628622055 0
1570184025079 0.01656315103173256 0
1570184027515 0.008981022983789444 0
1570184029547 0.015205777250230312 0
1570184031691 0.014569313265383244 0
1570184033767 0.01581568270921707 0
1570184035731 0.018464505672454834 0
1570184037428 0.01610080897808075 0
1570184039129 0.02071984112262726 0
1570184041139 0.012478332966566086 0
1570184043238 0.014109845273196697 0
1570184045011 0.01266882661730051 0
1570184047117 0.012830332852900028 0
1570184048790 0.012265939265489578 0
1570184050622 0.017824441194534302 0
1570184052476 0.01284236740320921 0
1570184054281 0.020166361704468727 0
1570184056578 0.015707941725850105 0
1570184058465 0.010926568880677223 0
1570184060687 0.012463394552469254 0
1570184062773 0.014099234715104103 0
1570184064638 0.01357448473572731 0
1570184066362 0.01623503491282463 0
1570184067939 0.01803949847817421 0
1570184069618 0.015622046776115894 0
1570184071483 0.011645262129604816 0
1570184073258 0.013803954236209393 0
1570184074732 0.01409960351884365 0
1570184076395 0.015897929668426514 0
1570184078048 0.014965701848268509 0
1570184079681 0.01357327401638031 0
1570184081332 0.01447094976902008 0
1570184083034 0.011636752635240555 0
1570184084824 0.013418124988675117 0
1570184086457 0.010564153082668781 0
1570184088123 0.011947687715291977 0
1570184089789 0.015331652015447617 0
1570184091435 0.016202520579099655 0
1570184093260 0.01089087501168251 0
1570184095295 0.015809405595064163 0
1570184097169 0.017299054190516472 0
1570184098681 0.012474313378334045 0
1570184100285 0.013284774497151375 0
1570184101948 0.014014266431331635 0
1570184103634 0.01229691319167614 0
1570184105300 0.018021835014224052 0
1570184107011 0.015448611229658127 0
1570184108775 0.017036911100149155 0
1570184110416 0.01385965570807457 0
1570184112278 0.016815748065710068 0
1570184114200 0.013849333859980106 0
1570184116367 0.011789144948124886 0
1570184118236 0.018302273005247116 0
1570184120493 0.016807837411761284 0
1570184122333 0.017419394105672836 0
1570184123935 0.011053023859858513 0
1570184125542 0.018830738961696625 0
1570184127439 0.01577037386596203 0
1570184129473 0.011178214102983475 0
1570184131643 0.01324164867401123 0
1570184133546 0.01218822319060564 0
1570184135542 0.011574357748031616 0
1570184137475 0.013595271855592728 0
1570184139168 0.012591340579092503 0
1570184140970 0.015515643171966076 0
1570184142797 0.009354235604405403 0
1570184144347 0.015444598160684109 0
1570184146058 0.013289647176861763 0
1570184147826 0.011144682765007019 0
1570184149824 0.01145891472697258 0
1570184151927 0.012050267308950424 0
1570184153769 0.016639376059174538 0
1570184155724 0.011425325646996498 0
1570184157909 0.015144462697207928 0
1570184159630 0.014704696834087372 0
1570184161740 0.015422003343701363 0
1570184163920 0.021632764488458633 0
1570184165700 0.015312929637730122 0
1570184167799 0.01371847465634346 0
1570184169678 0.014026936143636703 0
1570184171679 0.010751314461231232 0
1570184173736 0.01693745329976082 0
1570184175726 0.010605700314044952 0
1570184178010 0.013675129041075706 0
1570184179910 0.017301736399531364 0
1570184182131 0.01245421078056097 0
1570184184164 0.015010146424174309 0
1570184185914 0.013052395544946194 0
1570184187833 0.015905220061540604 0
1570184189633 0.015353703871369362 0
1570184191669 0.015837587416172028 0
1570184193684 0.010477283969521523 0
1570184195509 0.014253209345042706 0
1570184197430 0.013442088849842548 0
1570184199587 0.011880888603627682 0
1570184201592 0.015418415889143944 0
1570184204007 0.01712089404463768 0
1570184206032 0.012277133762836456 0
1570184208128 0.008893161080777645 0
1570184210100 0.01605619490146637 0
1570184211707 0.01614956744015217 0
1570184213691 0.016542844474315643 0
1570184215810 0.017059529200196266 0
1570184217506 0.01133695151656866 0
1570184219238 0.011703540571033955 0
1570184221129 0.012378601357340813 0
1570184223049 0.014432493597269058 0
1570184224994 0.012428312562406063 0
1570184227188 0.014803030528128147 0
1570184229157 0.01445457898080349 0
1570184231324 0.014074191451072693 0
1570184233283 0.0129224369302392 0
1570184235073 0.01413089968264103 0
1570184236964 0.014398457482457161 0
1570184238803 0.0159913320094347 0
1570184240806 0.013334757648408413 0
1570184242757 0.012143000960350037 0
1570184244488 0.019266294315457344 0
1570184246351 0.010840438306331635 0
1570184248357 0.013125664554536343 0
1570184250594 0.014840822666883469 0
1570184252626 0.01646455191075802 0
1570184254330 0.01618323102593422 0
1570184256280 0.013869883492588997 0
1570184258259 0.012952812016010284 0
1570184260139 0.01193748228251934 0
1570184262311 0.013547277078032494 0
1570184264287 0.01675610989332199 0
1570184266279 0.012921571731567383 0
1570184268308 0.014295971021056175 0
1570184270211 0.011845981702208519 0
1570184272219 0.020087670534849167 0
1570184274178 0.01310296356678009 0
1570184275982 0.02228887379169464 0
1570184278244 0.01608460023999214 0
1570184280271 0.015317974612116814 0
1570184281842 0.011555451899766922 0
1570184283475 0.014311492443084717 0
1570184285312 0.01399937178939581 0
1570184287139 0.016623251140117645 0
1570184289097 0.01260247454047203 0
1570184290928 0.017551107332110405 0
1570184292638 0.015527257695794106 0
1570184294644 0.010986516252160072 0
1570184296436 0.012098300270736217 0
1570184298466 0.016339197754859924 0
1570184300560 0.019744038581848145 0
1570184302536 0.01721029356122017 0
1570184304375 0.01448991522192955 0
1570184306458 0.015147771686315536 0
1570184308514 0.016011513769626617 0
1570184310883 0.01755252480506897 0
1570184312777 0.009454267099499702 0
1570184314826 0.013962996192276478 0
1570184316769 0.012764696963131428 0
1570184318615 0.0118817538022995 0
1570184320649 0.012234075926244259 0
1570184322803 0.01508877519518137 0
1570184324650 0.011791225522756577 0
1570184326891 0.013435682281851768 0
1570184328895 0.009916465729475021 0
1570184330871 0.01661060005426407 0
1570184333084 0.012067439965903759 0
1570184334983 0.014075398445129395 0
1570184337070 0.017406297847628593 0
1570184339162 0.014271309599280357 0
1570184341129 0.013195531442761421 0
1570184343293 0.01723397709429264 0
1570184345241 0.01377837359905243 0
1570184346921 0.012412668205797672 0
1570184348896 0.016976581886410713 0
1570184350814 0.012938402593135834 0
1570184352791 0.015526223927736282 0
1570184354859 0.013504676520824432 0
1570184356635 0.013598158024251461 0
1570184358842 0.01168814580887556 0
1570184360765 0.012403622269630432 0
1570184362641 0.020264189690351486 0
1570184364660 0.013650180771946907 0
1570184366801 0.014885745011270046 0
1570184368547 0.01204341184347868 0
1570184370554 0.009138403460383415 0
1570184372615 0.016141368076205254 0
1570184374275 0.0127496849745512 0
1570184375971 0.01218658871948719 0
1570184378046 0.017103562131524086 0
1570184379808 0.01443606149405241 0
1570184381563 0.012233488261699677 0
1570184383433 0.01439615897834301 0
1570184385350 0.010186715051531792 0
1570184387384 0.016992807388305664 0
1570184389210 0.012606333009898663 0
1570184391175 0.01601319946348667 0
1570184393249 0.018024079501628876 0
1570184395087 0.01218454260379076 0
1570184397306 0.01311971340328455 0
1570184399417 0.010519030503928661 0
1570184401071 0.012658527120947838 0
1570184402804 0.009911531582474709 0
1570184404819 0.015610747039318085 0
1570184406433 0.01754576340317726 0
1570184408230 0.012267488986253738 0
1570184410277 0.013211756944656372 0
1570184412042 0.017801523208618164 0
1570184414098 0.009194763377308846 0
1570184416149 0.01611822471022606 0
1570184418098 0.010166572406888008 0
1570184419957 0.01344284601509571 0
1570184421768 0.0160219669342041 0
1570184423595 0.011231985874474049 0
1570184425582 0.013263408094644547 0
1570184427588 0.01623723655939102 0
1570184429618 0.014663904905319214 0
1570184431624 0.015568877570331097 0
1570184433458 0.013169163838028908 0
1570184435376 0.01728212460875511 0
1570184437506 0.010333321988582611 0
1570184439266 0.01430632546544075 0
1570184440965 0.012360038235783577 0
1570184442723 0.012625373899936676 0
1570184444472 0.009805569425225258 0
1570184446363 0.010686798952519894 0
1570184448298 0.011866694316267967 0
1570184450019 0.014683021232485771 0
1570184452143 0.011043477803468704 0
1570184454272 0.013763763010501862 0
1570184456188 0.011296325363218784 0
1570184458074 0.018350521102547646 0
1570184459867 0.013536673970520496 0
1570184461817 0.012455984950065613 0
1570184463410 0.013070286251604557 0
1570184465275 0.010234445333480835 0
1570184467385 0.012419579550623894 0
1570184469202 0.012641744688153267 0
1570184470939 0.016017034649848938 0
1570184472665 0.011128503829240799 0
1570184474538 0.012491563335061073 0
1570184476443 0.012953129597008228 0
1570184478355 0.01733759045600891 0
1570184480231 0.012039786204695702 0
1570184482254 0.014484655112028122 0
1570184484352 0.013749678619205952 0
1570184486101 0.01372592244297266 0
1570184488296 0.0158041100949049 0
1570184490117 0.01166367158293724 0
1570184492144 0.01361194346100092 0
1570184494244 0.011436531320214272 0
1570184496084 0.019603732973337173 0
1570184498171 0.01434217020869255 0
1570184500209 0.012578414753079414 0
1570184502031 0.014363694004714489 0
1570184503942 0.009888584725558758 0
1570184505787 0.015611589886248112 0
1570184507436 0.012217570096254349 0
1570184509364 0.010929579846560955 0
1570184511273 0.012580310925841331 0
1570184513081 0.008714217692613602 0
1570184515229 0.014967754483222961 0
1570184517288 0.009831653907895088 0
1570184519410 0.00819694809615612 0
1570184521549 0.01569594442844391 0
1570184523279 0.012861435301601887 0
1570184525031 0.01599583402276039 0
1570184527014 0.01269464660435915 0
1570184528758 0.017025798559188843 0
1570184530833 0.012115223333239555 0
1570184532819 0.010773882269859314 0
1570184534535 0.011849193833768368 0
1570184536609 0.007739778608083725 0
1570184538530 0.010674938559532166 0
1570184540470 0.010494092479348183 0
1570184542482 0.011649428866803646 0
1570184544281 0.015494653023779392 0
1570184546368 0.015140203759074211 0
1570184548420 0.01712895929813385 0
1570184550073 0.013524026609957218 0
1570184552250 0.012995455414056778 0
1570184554535 0.013535233214497566 0
1570184556339 0.011362219229340553 0
1570184558252 0.01499693002551794 0
1570184560127 0.014884931035339832 0
1570184562321 0.010545950382947922 0
1570184564491 0.010435410775244236 0
1570184566426 0.015242130495607853 0
1570184568411 0.012875526212155819 0
1570184570606 0.01092206034809351 0
1570184572722 0.014847959391772747 0
1570184574877 0.015199268236756325 0
1570184576894 0.013979759067296982 0
1570184578781 0.010075544007122517 0
1570184580977 0.011547461152076721 0
1570184583158 0.016769345849752426 0
1570184585471 0.012158606201410294 0
1570184587480 0.010132335126399994 0
1570184589454 0.012435423210263252 0
1570184591609 0.01035349816083908 0
1570184593566 0.014278080314397812 0
1570184595395 0.010366182774305344 0
1570184597522 0.01623646914958954 0
1570184599382 0.014281027019023895 0
1570184601428 0.009796828031539917 0
1570184603590 0.010518264025449753 0
1570184605404 0.012633765116333961 0
1570184607418 0.01028049923479557 0
1570184609499 0.014747710898518562 0
1570184611373 0.013649718835949898 0
1570184613575 0.013556431978940964 0
1570184615709 0.008546149358153343 0
1570184617788 0.013606768101453781 0
1570184620019 0.01112622581422329 0
1570184622299 0.009815245866775513 0
1570184624350 0.01135077141225338 0
1570184626583 0.015736963599920273 0
1570184628537 0.011300058104097843 0
1570184630830 0.012424727901816368 0
1570184633120 0.014192081987857819 0
1570184634894 0.008577127940952778 0
1570184637053 0.013342954218387604 0
1570184639253 0.014272934757173061 0
1570184641565 0.011690130457282066 0
1570184643592 0.010124051943421364 0
1570184645302 0.01398975308984518 0
1570184647333 0.011265339329838753 0
1570184649417 0.008834787644445896 0
1570184651696 0.010112014599144459 0
1570184653730 0.013764307834208012 0
1570184655628 0.01333160512149334 0
1570184657771 0.0138294268399477 0
1570184659848 0.012516717426478863 0
1570184661752 0.013722850009799004 0
1570184663831 0.010232457891106606 0
1570184665952 0.013307314366102219 0
1570184668265 0.013482565060257912 0
1570184670359 0.01276947557926178 0
1570184672288 0.01114528439939022 0
1570184674273 0.0131670031696558 0
1570184675995 0.011202998459339142 0
1570184677810 0.01247446145862341 0
1570184680019 0.01355802733451128 0
1570184681824 0.012638536281883717 0
1570184683802 0.012175703421235085 0
1570184685891 0.019751232117414474 0
1570184688036 0.011839764192700386 0
1570184690272 0.011027179658412933 0
1570184692046 0.012978630140423775 0
1570184694130 0.010270358994603157 0
1570184696137 0.012818004935979843 0
1570184698209 0.010263398289680481 0
1570184700462 0.008450798690319061 0
1570184702638 0.015158675611019135 0
1570184704755 0.006692205090075731 0
1570184706970 0.015020221471786499 0
1570184708921 0.014684328809380531 0
1570184710557 0.018280304968357086 0
1570184712558 0.014313653111457825 0
1570184714449 0.01103160995990038 0
1570184716642 0.015782879665493965 0
1570184718677 0.010406090877950191 0
1570184720559 0.013172691687941551 0
1570184722873 0.015074493363499641 0
1570184724985 0.009131424129009247 0
1570184726862 0.014449467882514 0
1570184729155 0.01536908932030201 0
1570184730989 0.010276339016854763 0
1570184732922 0.013255730271339417 0
1570184735046 0.010613895952701569 0
1570184736974 0.009915562346577644 0
1570184739505 0.013953322544693947 0
1570184741739 0.011086948215961456 0
1570184743815 0.011006888002157211 0
1570184745932 0.012106385082006454 0
1570184748024 0.012381049804389477 0
1570184750248 0.012513680383563042 0
1570184752470 0.008844137191772461 0
1570184754508 0.01398148387670517 0
1570184756644 0.009853959083557129 0
1570184758669 0.00871538557112217 0
1570184760436 0.015650000423192978 0
1570184762308 0.012348635122179985 0
1570184764128 0.009999112226068974 0
1570184765856 0.010029357858002186 0
1570184768080 0.00784034002572298 0
1570184770202 0.010192504152655602 0
1570184771975 0.013089342042803764 0
1570184774097 0.0074630314484238625 0
1570184776123 0.014265812002122402 0
1570184778272 0.012826637364923954 0
1570184780198 0.010736429132521152 0
1570184782343 0.011013926938176155 0
1570184784537 0.009929637424647808 0
1570184786918 0.01165299117565155 0
1570184788970 0.009908762760460377 0
1570184790897 0.013720095157623291 0
1570184792940 0.011569039896130562 0
1570184795032 0.016423888504505157 0
1570184797421 0.013708754442632198 0
1570184799354 0.013604927808046341 0
1570184801336 0.010310404933989048 0
1570184803558 0.009891407564282417 0
1570184805474 0.009960399009287357 0
1570184807830 0.014043929055333138 0
1570184809928 0.010970610193908215 0
1570184811822 0.011238005012273788 0
1570184814034 0.013919428922235966 0
1570184816310 0.013601148501038551 0
1570184818448 0.012231854721903801 0
1570184820804 0.0155741386115551 0
1570184822853 0.011234089732170105 0
1570184825070 0.012010406702756882 0
1570184827261 0.01571395993232727 0
1570184829042 0.009688924998044968 0
1570184830940 0.01706768199801445 0
1570184832865 0.01235925778746605 0
1570184834858 0.014059202745556831 0
1570184836941 0.010889013297855854 0
1570184838919 0.011242649517953396 0
1570184841250 0.01666082814335823 0
1570184843194 0.012345533818006516 0
1570184845319 0.010668482631444931 0
1570184847386 0.011053568683564663 0
1570184849250 0.013772680424153805 0
1570184851107 0.012246526777744293 0
1570184853125 0.017461301758885384 0
1570184854992 0.01072513498365879 0
1570184857275 0.010641049593687057 0
1570184859362 0.012649326585233212 0
1570184861822 0.016449615359306335 0
1570184864171 0.011989284306764603 0
1570184866035 0.011123580858111382 0
1570184867895 0.013920517638325691 0
1570184869988 0.008127467706799507 0
1570184872066 0.01865551620721817 0
1570184874430 0.014983786270022392 0
1570184876680 0.013481482863426208 0
1570184878898 0.009267687797546387 0
1570184881133 0.015980996191501617 0
1570184883146 0.00939459353685379 0
1570184885378 0.01655779778957367 0
1570184887496 0.012576250359416008 0
1570184889269 0.017675215378403664 0
1570184891261 0.013043981976807117 0
1570184893268 0.01229961309581995 0
1570184895703 0.009496020153164864 0
1570184897840 0.010904817841947079 0
1570184899979 0.011780086904764175 0
1570184902253 0.011242115870118141 0
1570184903863 0.010109449736773968 0
