1570182425000 0.35312145948410034 0
1570182426536 0.3363550305366516 0
1570182427872 0.3269953727722168 0
1570182429256 0.3219107389450073 0
1570182430657 0.3246252238750458 0
1570182432026 0.3115028142929077 0
1570182433237 0.29895561933517456 0
1570182434540 0.2999734878540039 0
1570182436026 0.2993212640285492 0
1570182437529 0.28164756298065186 0
1570182438996 0.2807539105415344 0
1570182440325 0.26977014541625977 0
1570182441756 0.2623000144958496 0
1570182443123 0.25308188796043396 0
1570182444594 0.259975790977478 0
1570182445946 0.2636769413948059 0
1570182447340 0.2616550922393799 0
1570182448652 0.26746368408203125 0
1570182450043 0.24846510589122772 0
1570182451417 0.25513556599617004 0
1570182452818 0.25669389963150024 0
1570182454065 0.25195595622062683 0
1570182455686 0.23631340265274048 0
1570182457290 0.24379009008407593 0
1570182458735 0.22986215353012085 0
1570182460054 0.25667881965637207 0
1570182461440 0.2609659433364868 0
1570182462924 0.2373007833957672 0
1570182464278 0.2341872751712799 0
1570182465620 0.24128581583499908 0
1570182466887 0.23967328667640686 0
1570182468185 0.23941200971603394 0
1570182469629 0.22988548874855042 0
1570182471285 0.2412957400083542 0
1570182472791 0.23320157825946808 0
1570182474270 0.22822900116443634 0
1570182475798 0.22830551862716675 0
1570182477052 0.22018057107925415 0
1570182478258 0.22784961760044098 0
1570182479536 0.2163919061422348 0
1570182480773 0.22156664729118347 0
1570182482131 0.22844822704792023 0
1570182483474 0.22815480828285217 0
1570182485064 0.22687578201293945 0
1570182486476 0.2268061637878418 0
1570182487800 0.2220081388950348 0
1570182489001 0.22455385327339172 0
1570182490431 0.21091870963573456 0
1570182491841 0.22629553079605103 0
1570182493251 0.22952069342136383 0
1570182494481 0.22018373012542725 0
1570182495878 0.2092440277338028 0
1570182497325 0.21798427402973175 0
1570182498656 0.21971291303634644 0
1570182499975 0.2189595103263855 0
1570182501323 0.22097620368003845 0
1570182502609 0.2143881916999817 0
1570182503978 0.2145175188779831 0
1570182505386 0.2074793577194214 0
1570182506843 0.23781511187553406 0
1570182508364 0.21201172471046448 0
1570182509899 0.2169101983308792 0
1570182511486 0.21352562308311462 0
1570182512901 0.2086828351020813 0
1570182514351 0.21562443673610687 0
1570182515545 0.21034002304077148 0
1570182516838 0.2152947187423706 0
1570182518111 0.1949251890182495 0
1570182519383 0.20715373754501343 0
1570182520850 0.21083690226078033 0
1570182522232 0.19810175895690918 0
1570182523576 0.21070989966392517 0
1570182524928 0.2120215892791748 0
1570182526331 0.21396198868751526 0
1570182527651 0.20491796731948853 0
1570182528890 0.20905113220214844 0
1570182530176 0.206325501203537 0
1570182531563 0.21486644446849823 0
1570182533070 0.1968846321105957 0
1570182534459 0.20583173632621765 0
1570182535774 0.20447900891304016 0
1570182537389 0.20157074928283691 0
1570182538880 0.20547722280025482 0
1570182540223 0.20891731977462769 0
1570182541791 0.20679087936878204 0
1570182543223 0.20430077612400055 0
1570182544637 0.19521185755729675 0
1570182546092 0.20317380130290985 0
1570182547553 0.201165109872818 0
1570182548896 0.19614768028259277 0
1570182550471 0.20153029263019562 0
1570182552140 0.20091399550437927 0
1570182553575 0.19980624318122864 0
1570182554908 0.1963491141796112 0
1570182556461 0.1970144659280777 0
1570182558018 0.18703503906726837 0
1570182559414 0.19222521781921387 0
1570182561014 0.19593828916549683 0
1570182562437 0.2083505392074585 0
1570182564047 0.19069057703018188 0
1570182565543 0.18778224289417267 0
1570182567146 0.2072063535451889 0
1570182568556 0.20241740345954895 0
1570182569898 0.1874718964099884 0
1570182571652 0.19225168228149414 0
1570182573303 0.19867955148220062 0
1570182574705 0.1887374222278595 0
1570182576238 0.19250449538230896 0
1570182577791 0.19789868593215942 0
1570182579378 0.20035028457641602 0
1570182580712 0.1880382001399994 0
1570182582158 0.18595750629901886 0
1570182583638 0.1882043033838272 0
1570182585081 0.1813177466392517 0
1570182587921 0.18796448409557343 0
1570182589331 0.17819291353225708 0
1570182590698 0.19873005151748657 0
1570182592284 0.1899230182170868 0
1570182593829 0.21250733733177185 0
1570182595452 0.18594300746917725 0
1570182596809 0.19481930136680603 0
1570182598275 0.19563418626785278 0
1570182599841 0.18782630562782288 0
1570182601388 0.18379545211791992 0
1570182602937 0.18877778947353363 0
1570182604362 0.188023179769516 0
1570182605721 0.1804727017879486 0
1570182607218 0.1854400336742401 0
1570182608835 0.18500372767448425 0
1570182610351 0.18537086248397827 0
1570182611917 0.18150070309638977 0
1570182613574 0.1906624138355255 0
1570182614905 0.19174930453300476 0
1570182616390 0.18018729984760284 0
1570182618034 0.17871594429016113 0
1570182619641 0.1824849545955658 0
1570182621175 0.1945818066596985 0
1570182622642 0.1802181601524353 0
1570182623999 0.1813977211713791 0
1570182625342 0.19146345555782318 0
1570182626680 0.18416206538677216 0
1570182628225 0.18848085403442383 0
1570182629813 0.1759616732597351 0
1570182631412 0.18345262110233307 0
1570182632766 0.19550740718841553 0
1570182634237 0.18528464436531067 0
1570182635801 0.1814780980348587 0
1570182637376 0.1785408854484558 0
1570182638920 0.17612072825431824 0
1570182640357 0.17041873931884766 0
1570182641838 0.18878653645515442 0
1570182643302 0.18977881968021393 0
1570182644855 0.1745167076587677 0
1570182646217 0.18443407118320465 0
1570182647654 0.1791166067123413 0
1570182649081 0.17208123207092285 0
1570182650568 0.1805596947669983 0
1570182652317 0.19093750417232513 0
1570182653702 0.17207495868206024 0
1570182655014 0.1824922114610672 0
1570182657523 0.17595495283603668 0
1570182659042 0.17331945896148682 0
1570182660348 0.17374655604362488 0
1570182661784 0.1773759424686432 0
1570182663186 0.1842687875032425 0
1570182664594 0.18392547965049744 0
1570182666243 0.16513727605342865 0
1570182667556 0.1691620945930481 0
1570182669076 0.17790266871452332 0
1570182670567 0.1697036623954773 0
1570182672250 0.17360050976276398 0
1570182673953 0.17087417840957642 0
1570182675553 0.1804514229297638 0
1570182676914 0.17566607892513275 0
1570182678361 0.16738742589950562 0
1570182679784 0.16550478339195251 0
1570182681319 0.17608502507209778 0
1570182682833 0.1672869324684143 0
1570182684565 0.17578554153442383 0
1570182686103 0.1756390482187271 0
1570182687461 0.17221534252166748 0
1570182688880 0.17478419840335846 0
1570182690289 0.17247413098812103 0
1570182691734 0.17683260142803192 0
1570182693359 0.17395763099193573 0
1570182694911 0.1681508719921112 0
1570182696213 0.16411396861076355 0
1570182697677 0.16680499911308289 0
1570182699198 0.17096391320228577 0
1570182700870 0.16540418565273285 0
1570182702654 0.1734904646873474 0
1570182704219 0.1656692624092102 0
1570182705521 0.1651027947664261 0
1570182707041 0.16897770762443542 0
1570182708463 0.17116913199424744 0
1570182710010 0.16193658113479614 0
1570182711649 0.16879957914352417 0
1570182713251 0.1678789258003235 0
1570182714511 0.17005762457847595 0
1570182715880 0.1700488179922104 0
1570182717418 0.17103499174118042 0
1570182718955 0.15412196516990662 0
1570182720506 0.18231303989887238 0
1570182721946 0.1564171314239502 0
1570182723568 0.1571950912475586 0
1570182725051 0.16992303729057312 0
1570182726563 0.16442519426345825 0
1570182727817 0.16802486777305603 0
1570182729274 0.1577407717704773 0
1570182730718 0.1709967404603958 0
1570182732040 0.16251330077648163 0
1570182733316 0.1583343744277954 0
1570182734668 0.1686815321445465 0
1570182736953 0.1595771759748459 0
1570182738367 0.15770071744918823 0
1570182739669 0.1643129587173462 0
1570182741042 0.1607312560081482 0
1570182742405 0.1678268313407898 0
1570182743932 0.17274469137191772 0
1570182745390 0.15564343333244324 0
1570182747009 0.170220747590065 0
1570182748588 0.1695651113986969 0
1570182750205 0.16540572047233582 0
1570182751901 0.1520150899887085 0
1570182753514 0.15837448835372925 0
1570182755032 0.17005248367786407 0
1570182756606 0.16571246087551117 0
1570182758218 0.16531628370285034 0
1570182759663 0.16707119345664978 0
1570182761092 0.16316963732242584 0
1570182762691 0.16940414905548096 0
1570182764242 0.15862520039081573 0
1570182765688 0.15224198997020721 0
1570182767352 0.14877480268478394 0
1570182768972 0.16585153341293335 0
1570182770492 0.15686947107315063 0
1570182771831 0.15478548407554626 0
1570182773091 0.16137784719467163 0
1570182774502 0.14838171005249023 0
1570182775832 0.15564176440238953 0
1570182777484 0.14937925338745117 0
1570182778898 0.1469188630580902 0
1570182780278 0.15978163480758667 0
1570182781540 0.1629999577999115 0
1570182783066 0.16655847430229187 0
1570182784515 0.15241339802742004 0
1570182785916 0.16396848857402802 0
1570182787410 0.16277562081813812 0
1570182788858 0.15259042382240295 0
1570182790303 0.17239558696746826 0
1570182791782 0.15437553822994232 0
1570182793284 0.159518763422966 0
1570182794604 0.14802029728889465 0
1570182795989 0.15250159800052643 0
1570182797623 0.15393447875976562 0
1570182799207 0.15408068895339966 0
1570182800710 0.1664247214794159 0
1570182802416 0.16283749043941498 0
1570182804092 0.14675067365169525 0
1570182805761 0.1589685082435608 0
1570182807355 0.15699121356010437 0
1570182808766 0.15776029229164124 0
1570182810265 0.14991754293441772 0
1570182811772 0.15744537115097046 0
1570182813283 0.151080921292305 0
1570182814687 0.15402579307556152 0
1570182816385 0.15548114478588104 0
1570182817857 0.15374919772148132 0
1570182819509 0.14278720319271088 0
1570182821119 0.1495582014322281 0
1570182822857 0.15508653223514557 0
1570182824410 0.1484842300415039 0
1570182825715 0.16375771164894104 0
1570182827185 0.1444905549287796 0
1570182828650 0.14766345918178558 0
1570182829958 0.1637330949306488 0
1570182831271 0.14811646938323975 0
1570182832706 0.15811766684055328 0
1570182834427 0.14444687962532043 0
1570182836052 0.1476440578699112 0
1570182837438 0.14012384414672852 0
1570182838785 0.13694621622562408 0
1570182840360 0.1461309790611267 0
1570182841919 0.15233920514583588 0
1570182843599 0.15590867400169373 0
1570182845210 0.16502070426940918 0
1570182847701 0.1417747437953949 0
1570182849273 0.1465962827205658 0
1570182851100 0.16132953763008118 0
1570182852483 0.15551459789276123 0
1570182853962 0.15997916460037231 0
1570182855302 0.15100210905075073 0
1570182857045 0.13972638547420502 0
1570182858474 0.14222599565982819 0
1570182859790 0.143178790807724 0
1570182861174 0.15309590101242065 0
1570182862485 0.13872596621513367 0
1570182863883 0.15036961436271667 0
1570182865568 0.15086311101913452 0
1570182867186 0.14378979802131653 0
1570182868850 0.15381261706352234 0
1570182870473 0.14797189831733704 0
1570182872127 0.14485293626785278 0
1570182873672 0.1326456516981125 0
1570182875131 0.1557556390762329 0
1570182876577 0.1528662145137787 0
1570182877888 0.13894939422607422 0
1570182879308 0.1553039401769638 0
1570182880727 0.14450758695602417 0
1570182882201 0.13954994082450867 0
1570182883749 0.1577395498752594 0
1570182885158 0.15756425261497498 0
1570182886582 0.14303338527679443 0
1570182888201 0.15432856976985931 0
1570182889710 0.13652130961418152 0
1570182891523 0.1460639387369156 0
1570182892956 0.14699822664260864 0
1570182894260 0.1448475420475006 0
1570182895599 0.14686061441898346 0
1570182897029 0.1490590125322342 0
1570182898455 0.1402614563703537 0
1570182899819 0.13932585716247559 0
1570182902162 0.1580110490322113 0
1570182903676 0.156907856464386 0
1570182905107 0.14248615503311157 0
1570182906699 0.14578920602798462 0
1570182908229 0.12834453582763672 0
1570182909594 0.14374777674674988 0
1570182910974 0.15473148226737976 0
1570182912581 0.14006119966506958 0
1570182914233 0.14122119545936584 0
1570182915535 0.13838118314743042 0
1570182916872 0.13469181954860687 0
1570182918327 0.13534998893737793 0
1570182919822 0.15787746012210846 0
1570182921275 0.1368829756975174 0
1570182922713 0.15904080867767334 0
1570182924182 0.14755091071128845 0
1570182925698 0.14796194434165955 0
1570182927390 0.1553916484117508 0
1570182928749 0.1343335658311844 0
1570182930179 0.13810287415981293 0
1570182931837 0.1471269130706787 0
1570182933291 0.14411622285842896 0
1570182934641 0.13072937726974487 0
1570182936417 0.13976307213306427 0
1570182937887 0.1433562934398651 0
1570182939411 0.14422385394573212 0
1570182940858 0.1569327414035797 0
1570182942211 0.13547608256340027 0
1570182943743 0.1377277374267578 0
1570182945486 0.13864220678806305 0
1570182947105 0.1422879993915558 0
1570182948644 0.13534420728683472 0
1570182950263 0.15190847218036652 0
1570182951923 0.1408659666776657 0
1570182953542 0.14910490810871124 0
1570182955058 0.14683189988136292 0
1570182956564 0.13502109050750732 0
1570182958061 0.144120454788208 0
1570182959495 0.13242538273334503 0
1570182961091 0.12535646557807922 0
1570182962458 0.14523306488990784 0
1570182963696 0.13742955029010773 0
1570182964931 0.13804954290390015 0
1570182966221 0.15156245231628418 0
1570182967703 0.13555917143821716 0
1570182969149 0.13116785883903503 0
1570182970816 0.15036004781723022 0
1570182972469 0.14573025703430176 0
1570182974163 0.15065816044807434 0
1570182975527 0.14779818058013916 0
1570182976981 0.1483643651008606 0
1570182978438 0.1466268002986908 0
1570182979940 0.13226376473903656 0
1570182981681 0.12799830734729767 0
1570182983298 0.13916252553462982 0
1570182985005 0.13376054167747498 0
1570182986462 0.14295779168605804 0
1570182987806 0.1518445611000061 0
1570182989359 0.12755125761032104 0
1570182990973 0.1304367631673813 0
1570182992609 0.13227330148220062 0
1570182994234 0.14162677526474 0
1570182995928 0.13463261723518372 0
1570182997626 0.14016656577587128 0
1570182999473 0.12814709544181824 0
1570183001246 0.149887353181839 0
1570183003028 0.13079272210597992 0
1570183004583 0.14659741520881653 0
1570183006172 0.13201257586479187 0
1570183007655 0.12591789662837982 0
1570183009182 0.13893303275108337 0
1570183010618 0.13277706503868103 0
1570183011995 0.13183638453483582 0
1570183013631 0.1494748592376709 0
1570183015322 0.12432567030191422 0
1570183016704 0.12894123792648315 0
1570183018089 0.1438254565000534 0
1570183019454 0.15152880549430847 0
1570183020860 0.13804589211940765 0
1570183022624 0.12748105823993683 0
1570183024123 0.13886374235153198 0
1570183025806 0.1363275647163391 0
1570183027338 0.13332360982894897 0
1570183028608 0.13098135590553284 0
1570183029951 0.13694952428340912 0
1570183031483 0.13611887395381927 0
1570183032978 0.11630742251873016 0
1570183034592 0.1329277753829956 0
1570183036065 0.13950765132904053 0
1570183037600 0.1339433640241623 0
1570183038953 0.12850159406661987 0
1570183040428 0.12574675679206848 0
1570183041783 0.15025891363620758 0
1570183043298 0.1330852508544922 0
1570183045094 0.1299455761909485 0
1570183046826 0.1293969750404358 0
1570183048583 0.12805268168449402 0
1570183050091 0.1302918791770935 0
1570183051700 0.13314133882522583 0
1570183053250 0.13961875438690186 0
1570183054848 0.13561351597309113 0
1570183056473 0.13560575246810913 0
1570183058291 0.1232713907957077 0
1570183059768 0.13188010454177856 0
1570183061274 0.13639308512210846 0
1570183062843 0.12114191800355911 0
1570183064515 0.1277962028980255 0
1570183066025 0.1273248791694641 0
1570183067866 0.12862925231456757 0
1570183069389 0.12090844660997391 0
1570183071017 0.13029783964157104 0
1570183072749 0.13679775595664978 0
1570183074536 0.12808029353618622 0
1570183076311 0.13850605487823486 0
1570183077807 0.1286798119544983 0
1570183079405 0.13716022670269012 0
1570183081046 0.12754830718040466 0
1570183082778 0.12730103731155396 0
1570183084339 0.13686051964759827 0
1570183085901 0.13197538256645203 0
1570183087343 0.11879779398441315 0
1570183088736 0.13063976168632507 0
1570183090332 0.12497801333665848 0
1570183092126 0.12757405638694763 0
1570183093881 0.13073080778121948 0
1570183095566 0.1341201663017273 0
1570183096912 0.12921059131622314 0
1570183098605 0.11534469574689865 0
1570183100261 0.1283964216709137 0
1570183101967 0.11587320268154144 0
1570183103702 0.1253623515367508 0
1570183105427 0.11821354180574417 0
1570183107153 0.11918003857135773 0
1570183108901 0.1270698755979538 0
1570183110559 0.12123042345046997 0
1570183112126 0.13264428079128265 0
1570183113887 0.12449544668197632 0
1570183115834 0.12731707096099854 0
1570183117379 0.127954363822937 0
1570183118968 0.1212405264377594 0
1570183120595 0.1195492297410965 0
1570183122076 0.13705269992351532 0
1570183123567 0.11723309755325317 0
1570183125002 0.12329794466495514 0
1570183126559 0.15339446067810059 0
1570183128121 0.13279706239700317 0
1570183129734 0.15429198741912842 0
1570183131238 0.1212129145860672 0
1570183132721 0.12445059418678284 0
1570183134146 0.1364714503288269 0
1570183135629 0.11594925820827484 0
1570183137144 0.12919987738132477 0
1570183138810 0.13451585173606873 0
1570183140320 0.12104728072881699 0
1570183141831 0.13207532465457916 0
1570183143351 0.1203252449631691 0
1570183144978 0.12823563814163208 0
1570183146550 0.11437077820301056 0
1570183148066 0.13599488139152527 0
1570183149514 0.1228884607553482 0
1570183151077 0.12443923950195312 0
1570183152647 0.12478230893611908 0
1570183154040 0.14031121134757996 0
1570183155551 0.11791190505027771 0
1570183157132 0.11903028190135956 0
1570183158676 0.11822525411844254 0
1570183160069 0.11598843336105347 0
1570183161785 0.11499595642089844 0
1570183163351 0.1327478289604187 0
1570183165017 0.12500537931919098 0
1570183166615 0.11584381014108658 0
1570183168086 0.1305525004863739 0
1570183169585 0.1167134940624237 0
1570183171201 0.11541055142879486 0
1570183172945 0.13717716932296753 0
1570183174569 0.12471341341733932 0
1570183176186 0.12222332507371902 0
1570183177621 0.13916951417922974 0
1570183179156 0.12707939743995667 0
1570183180608 0.12470044195652008 0
1570183182160 0.12142074108123779 0
1570183183633 0.1104818731546402 0
1570183185241 0.12690317630767822 0
1570183186776 0.1337532103061676 0
1570183188349 0.11834631115198135 0
1570183190243 0.11607938259840012 0
1570183192140 0.12231908738613129 0
1570183193847 0.13120831549167633 0
1570183195377 0.1338997781276703 0
1570183196990 0.12590333819389343 0
1570183198683 0.1188526377081871 0
1570183200075 0.12223146855831146 0
1570183201611 0.11652951687574387 0
1570183203110 0.12419769912958145 0
1570183204554 0.11826634407043457 0
1570183205885 0.1258014738559723 0
1570183207232 0.11978010833263397 0
1570183208650 0.1309264600276947 0
1570183210034 0.11918410658836365 0
1570183211588 0.12219829857349396 0
1570183212996 0.13308414816856384 0
1570183214406 0.12751314043998718 0
1570183215802 0.1154249757528305 0
1570183217319 0.12915194034576416 0
1570183218920 0.11755478382110596 0
1570183220439 0.11152070015668869 0
1570183221954 0.12076982110738754 0
1570183223488 0.11717677116394043 0
1570183224979 0.12038248032331467 0
1570183226520 0.121228888630867 0
1570183228497 0.12831315398216248 0
1570183230384 0.12174548953771591 0
1570183232058 0.122599758207798 0
1570183233494 0.12415816634893417 0
1570183235003 0.10975693166255951 0
1570183236577 0.11435657739639282 0
1570183238040 0.11342017352581024 0
1570183239540 0.1038001999258995 0
1570183241167 0.1239829808473587 0
1570183243070 0.11065971106290817 0
1570183244804 0.12175089120864868 0
1570183246293 0.11313825845718384 0
1570183247907 0.11859098076820374 0
1570183249961 0.10636639595031738 0
1570183251360 0.10830807685852051 0
1570183252956 0.10856671631336212 0
1570183254573 0.12250929325819016 0
1570183256128 0.12769809365272522 0
1570183257716 0.11153889447450638 0
1570183259351 0.11840949952602386 0
1570183261007 0.11673238128423691 0
1570183262586 0.10574594140052795 0
1570183264233 0.13091304898262024 0
1570183265981 0.12103667855262756 0
1570183267594 0.12037282437086105 0
1570183269506 0.12935572862625122 0
1570183271283 0.11698514223098755 0
1570183272823 0.12595528364181519 0
1570183274471 0.11656484007835388 0
1570183276216 0.12524816393852234 0
1570183277866 0.12808844447135925 0
1570183279636 0.11423703283071518 0
1570183281377 0.11692313104867935 0
1570183282901 0.1097879633307457 0
1570183284625 0.12495191395282745 0
1570183286553 0.12206296622753143 0
1570183288089 0.10094010829925537 0
1570183289709 0.11127085983753204 0
1570183291282 0.11678758263587952 0
1570183292932 0.11074483394622803 0
1570183294755 0.1155153289437294 0
1570183296648 0.12758895754814148 0
1570183298524 0.10944005846977234 0
1570183300034 0.11659334599971771 0
1570183301582 0.11294205486774445 0
1570183303293 0.10616518557071686 0
1570183305052 0.11749537289142609 0
1570183306784 0.11610759049654007 0
1570183308238 0.1152285784482956 0
1570183310013 0.10486157983541489 0
1570183311631 0.12385060638189316 0
1570183313500 0.11300833523273468 0
1570183315296 0.12200130522251129 0
1570183316891 0.1203494742512703 0
1570183318780 0.12127326428890228 0
1570183320617 0.11821720004081726 0
1570183322565 0.12328504025936127 0
1570183324012 0.11254946887493134 0
1570183325688 0.10638995468616486 0
1570183327511 0.11025998741388321 0
1570183329185 0.11397815495729446 0
1570183330712 0.11833788454532623 0
1570183332512 0.10829202830791473 0
1570183334142 0.1163729578256607 0
1570183335862 0.09588658809661865 0
1570183337664 0.1264391392469406 0
1570183339486 0.1102316826581955 0
1570183341109 0.11600787937641144 0
1570183342755 0.12811776995658875 0
1570183344571 0.11845404654741287 0
1570183346265 0.11869508028030396 0
1570183347746 0.11196184903383255 0
1570183349445 0.11985661089420319 0
1570183351165 0.10657580196857452 0
1570183352871 0.10510869324207306 0
1570183354533 0.11064252257347107 0
1570183356410 0.11594370007514954 0
1570183358061 0.11202769726514816 0
1570183359886 0.12065651267766953 0
1570183361762 0.10543327778577805 0
1570183363451 0.10636235773563385 0
1570183365148 0.10934928059577942 0
1570183367111 0.11948202550411224 0
1570183368917 0.12812373042106628 0
1570183370517 0.11668442189693451 0
1570183372212 0.11805859208106995 0
1570183374041 0.10581869632005692 0
1570183375866 0.1272880882024765 0
1570183377714 0.11041679978370667 0
1570183379346 0.11394400894641876 0
1570183381057 0.11629070341587067 0
1570183382808 0.12394171208143234 0
1570183384771 0.10053050518035889 0
1570183386634 0.11342756450176239 0
1570183388193 0.1048215925693512 0
1570183389871 0.10424274206161499 0
1570183391467 0.10460744053125381 0
1570183393126 0.10766016691923141 0
1570183395100 0.11507011950016022 0
1570183397044 0.11570744216442108 0
1570183398784 0.11605200171470642 0
1570183400718 0.12179135531187057 0
1570183402671 0.10835982859134674 0
1570183404383 0.10541749000549316 0
1570183406291 0.1215701550245285 0
1570183407925 0.11166076362133026 0
1570183409827 0.11010365933179855 0
1570183411345 0.11777283996343613 0
1570183413030 0.10908789932727814 0
1570183415021 0.11734689027070999 0
1570183416781 0.10899566113948822 0
1570183418281 0.11123913526535034 0
1570183419882 0.10868681222200394 0
1570183421365 0.10422487556934357 0
1570183423025 0.10978523641824722 0
1570183424694 0.10274776816368103 0
1570183426511 0.10545811057090759 0
1570183428209 0.12089572846889496 0
1570183429984 0.11152602732181549 0
1570183431609 0.10702599585056305 0
1570183433247 0.10935533046722412 0
1570183434882 0.10748455673456192 0
1570183436572 0.0983094871044159 0
1570183438321 0.09625060856342316 0
1570183439997 0.10542912781238556 0
1570183441796 0.10448630899190903 0
1570183443560 0.11713771522045135 0
1570183445180 0.11044590175151825 0
1570183446940 0.11287511140108109 0
1570183448857 0.11636371910572052 0
1570183450276 0.10478055477142334 0
1570183451916 0.12504395842552185 0
1570183453775 0.1048089861869812 0
1570183455498 0.10437282919883728 0
1570183457092 0.12416274845600128 0
1570183458899 0.11688552051782608 0
1570183460792 0.10936042666435242 0
1570183462520 0.10851208865642548 0
1570183464216 0.11771588772535324 0
1570183465956 0.10089287161827087 0
1570183467603 0.10724232345819473 0
1570183469295 0.11299379169940948 0
1570183471250 0.09296448528766632 0
1570183473166 0.11271627247333527 0
1570183474935 0.12626925110816956 0
1570183476763 0.11301378905773163 0
1570183478333 0.10915780812501907 0
1570183479799 0.10154447704553604 0
1570183481277 0.09340348094701767 0
1570183483034 0.11923086643218994 0
1570183484738 0.11829009652137756 0
1570183486399 0.102597177028656 0
1570183488333 0.11318844556808472 0
1570183489909 0.11909819394350052 0
1570183491349 0.10679597407579422 0
1570183493056 0.11752046644687653 0
1570183494947 0.11728275567293167 0
1570183496806 0.10509436577558517 0
1570183498381 0.1050465926527977 0
1570183500125 0.10706228017807007 0
1570183501871 0.11817824095487595 0
1570183503407 0.10338820517063141 0
1570183505130 0.10259273648262024 0
1570183507059 0.11221818625926971 0
1570183508582 0.10736355185508728 0
1570183510345 0.11055228114128113 0
1570183512217 0.10706514120101929 0
1570183514021 0.09600725024938583 0
1570183515979 0.10740691423416138 0
1570183518012 0.10433453321456909 0
1570183519604 0.10218679159879684 0
1570183521322 0.09011716395616531 0
1570183523294 0.10373765975236893 0
1570183525118 0.10706980526447296 0
1570183526794 0.10570577532052994 0
1570183528275 0.10581566393375397 0
1570183529885 0.1070384681224823 0
1570183531376 0.1140691339969635 0
1570183533007 0.1041451096534729 0
1570183534676 0.09869320690631866 0
1570183536443 0.11305482685565948 0
1570183538477 0.10153046250343323 0
1570183540340 0.10268531739711761 0
1570183541870 0.10478323698043823 0
1570183543373 0.11873028427362442 0
1570183544998 0.10607442259788513 0
1570183546727 0.10430517792701721 0
1570183548311 0.10085997730493546 0
1570183550193 0.11935415118932724 0
1570183552034 0.11075326055288315 0
1570183553703 0.11370472609996796 0
1570183555524 0.0905398279428482 0
1570183557393 0.10998856276273727 0
1570183559274 0.10340898483991623 0
1570183561184 0.12058472633361816 0
1570183563167 0.10327544808387756 0
1570183564852 0.11413024365901947 0
1570183566607 0.09905731678009033 0
1570183568466 0.10661761462688446 0
1570183570039 0.10250476002693176 0
1570183571601 0.09904348850250244 0
1570183573481 0.09173361957073212 0
1570183575286 0.10320974886417389 0
1570183577129 0.10287125408649445 0
1570183578856 0.1052609384059906 0
1570183580762 0.11355903744697571 0
1570183582425 0.10495343059301376 0
1570183584382 0.10674871504306793 0
1570183586281 0.10515648126602173 0
1570183587743 0.11547866463661194 0
1570183589413 0.10288864374160767 0
1570183591227 0.09192031621932983 0
1570183593026 0.09890931844711304 0
1570183594586 0.10257169604301453 0
1570183596479 0.1027582436800003 0
1570183598234 0.12276489287614822 0
1570183599946 0.11284668743610382 0
1570183601534 0.10325050354003906 0
1570183603543 0.0981585755944252 0
1570183605170 0.09926767647266388 0
1570183606809 0.0967494398355484 0
1570183608573 0.09288161993026733 0
1570183610297 0.09723450243473053 0
1570183612028 0.10432245582342148 0
1570183613770 0.1062285378575325 0
1570183615730 0.09768228977918625 0
1570183617582 0.1048964262008667 0
1570183619598 0.10414745658636093 0
1570183621579 0.1082395538687706 0
1570183623282 0.11569274216890335 0
1570183625170 0.10124120861291885 0
1570183626694 0.09880582988262177 0
1570183628431 0.09615582972764969 0
1570183630211 0.1007140576839447 0
1570183632102 0.10905726253986359 0
1570183633825 0.10425577312707901 0
1570183635531 0.10247524082660675 0
1570183637380 0.10502337664365768 0
1570183639387 0.10019088536500931 0
1570183641045 0.11663050204515457 0
1570183642908 0.10054367780685425 0
1570183644987 0.101302370429039 0
1570183646686 0.11006808280944824 0
1570183648387 0.11553140729665756 0
1570183650138 0.09869149327278137 0
1570183651875 0.096260204911232 0
1570183653581 0.10155968368053436 0
1570183655537 0.10279279947280884 0
1570183657099 0.10033349692821503 0
1570183658621 0.10091036558151245 0
1570183660306 0.09898583590984344 0
1570183662183 0.09822884202003479 0
1570183663913 0.10305610299110413 0
1570183665954 0.1002834290266037 0
1570183667910 0.10722304880619049 0
1570183669333 0.111615389585495 0
1570183671493 0.09811656177043915 0
1570183673538 0.0999695435166359 0
1570183675090 0.09423372149467468 0
1570183676840 0.10081427544355392 0
1570183678851 0.09882435202598572 0
1570183680432 0.12246444821357727 0
1570183682288 0.09962528944015503 0
1570183684342 0.10004817694425583 0
1570183686024 0.09374001622200012 0
1570183687919 0.10210786759853363 0
1570183689916 0.10092893987894058 0
1570183691552 0.10778609663248062 0
1570183693363 0.09246167540550232 0
1570183695387 0.0920611321926117 0
1570183697153 0.09409352391958237 0
1570183699050 0.10271152853965759 0
1570183701118 0.10427460074424744 0
1570183702891 0.10236166417598724 0
1570183704522 0.10315296798944473 0
1570183706532 0.09528076648712158 0
1570183708362 0.10106196999549866 0
1570183710142 0.1060376837849617 0
1570183711986 0.09758181869983673 0
1570183713754 0.09530012309551239 0
1570183715324 0.09835203737020493 0
1570183717314 0.10240712761878967 0
1570183719302 0.09844495356082916 0
1570183721090 0.1066504642367363 0
1570183723009 0.09949708729982376 0
1570183725146 0.09550308436155319 0
1570183726760 0.1070776879787445 0
1570183728556 0.10130661725997925 0
1570183730196 0.09199097007513046 0
1570183731940 0.09304302930831909 0
1570183733666 0.09488894045352936 0
1570183735466 0.10342250019311905 0
1570183737225 0.09660705924034119 0
1570183739014 0.09452128410339355 0
1570183740900 0.08709968626499176 0
1570183742601 0.09923417866230011 0
1570183744217 0.1037830114364624 0
1570183745932 0.10495415329933167 0
1570183747785 0.09917598962783813 0
1570183749453 0.09552355855703354 0
1570183751112 0.10512717813253403 0
1570183753112 0.0965903252363205 0
1570183755084 0.08545392006635666 0
1570183757207 0.09580668807029724 0
1570183759167 0.09579645097255707 0
1570183760753 0.10137870162725449 0
1570183762776 0.09643638134002686 0
1570183764409 0.09854024648666382 0
1570183766169 0.10313631594181061 0
1570183768118 0.10148396342992783 0
1570183769803 0.0964750275015831 0
1570183771578 0.09099714457988739 0
1570183773593 0.09724782407283783 0
1570183775492 0.09503023326396942 0
1570183777290 0.11389651894569397 0
1570183779171 0.09686188399791718 0
1570183780875 0.1059919223189354 0
1570183782524 0.09512743353843689 0
1570183784317 0.08831246942281723 0
1570183785984 0.09339278191328049 0
1570183787568 0.11011998355388641 0
1570183789192 0.09472024440765381 0
1570183790927 0.10170452296733856 0
1570183792805 0.10164868831634521 0
1570183794886 0.10017596185207367 0
1570183796858 0.10422058403491974 0
1570183798543 0.09293144196271896 0
1570183800387 0.09824636578559875 0
1570183802525 0.09147046506404877 0
1570183804525 0.09604945778846741 0
1570183806412 0.0927763357758522 0
1570183808383 0.09582427144050598 0
1570183810131 0.09779413044452667 0
1570183811806 0.09600335359573364 0
1570183813624 0.09613701701164246 0
1570183815473 0.12267129123210907 0
1570183817172 0.08745633810758591 0
1570183819119 0.10678409039974213 0
1570183821089 0.09214362502098083 0
1570183822935 0.09705580770969391 0
1570183825103 0.09967653453350067 0
1570183826999 0.09183426946401596 0
1570183828844 0.10548608005046844 0
1570183831023 0.09208425879478455 0
1570183832961 0.09831515699625015 0
1570183834723 0.09974952042102814 0
1570183836519 0.09933461248874664 0
1570183838469 0.09609177708625793 0
1570183840012 0.08762341737747192 0
1570183841767 0.10008522123098373 0
1570183843484 0.09362050145864487 0
1570183845301 0.08675657212734222 0
1570183846995 0.09643062949180603 0
1570183848862 0.09224016219377518 0
1570183850575 0.09457536041736603 0
1570183852303 0.08826418220996857 0
1570183854378 0.10316107422113419 0
1570183856297 0.09883999824523926 0
1570183857919 0.08880004286766052 0
1570183859814 0.08462955057621002 0
1570183861766 0.08427061140537262 0
1570183863592 0.0927390307188034 0
1570183865255 0.09768503904342651 0
1570183866764 0.09228473901748657 0
1570183868353 0.10050181299448013 0
1570183870070 0.09544239938259125 0
1570183871765 0.12063296884298325 0
1570183873379 0.10267588496208191 0
1570183875036 0.08588927984237671 0
1570183876664 0.09761340916156769 0
1570183878450 0.09660808742046356 0
1570183880051 0.08885990083217621 0
1570183881775 0.09555643051862717 0
1570183883809 0.09576961398124695 0
1570183886012 0.10132268816232681 0
1570183888036 0.09624281525611877 0
1570183889845 0.09477312862873077 0
1570183891506 0.0926901176571846 0
1570183893045 0.08816315978765488 0
1570183894668 0.09942468255758286 0
1570183896243 0.09650002419948578 0
1570183897739 0.1020253375172615 0
1570183899421 0.09029437601566315 0
1570183901066 0.0881045013666153 0
1570183902724 0.08866462856531143 0
1570183904421 0.09442371129989624 0
1570183906180 0.09669888764619827 0
1570183908314 0.09009361267089844 0
1570183910260 0.08804865926504135 0
1570183912192 0.09226487576961517 0
1570183914130 0.09150297939777374 0
1570183915778 0.09286756813526154 0
1570183917508 0.10039922595024109 0
1570183919526 0.09164350479841232 0
1570183921200 0.08381006866693497 0
1570183923000 0.08788671344518661 0
1570183924849 0.0889149084687233 0
1570183926405 0.09902156889438629 0
1570183927990 0.10436218976974487 0
1570183930163 0.08586380630731583 0
1570183931876 0.08359435200691223 0
1570183933776 0.09208574891090393 0
1570183935742 0.09379163384437561 0
1570183937510 0.09469878673553467 0
1570183939225 0.08636299520730972 0
1570183941101 0.08923704922199249 0
1570183943389 0.08832715451717377 0
1570183945304 0.08544526994228363 0
1570183947385 0.09625664353370667 0
1570183949049 0.09454934298992157 0
1570183950806 0.09893082827329636 0
1570183952863 0.09899772703647614 0
1570183954956 0.08381638675928116 0
1570183956491 0.08350787311792374 0
1570183958188 0.09650024771690369 0
1570183960153 0.09072431176900864 0
1570183962121 0.08371951431035995 0
1570183964447 0.09638337790966034 0
1570183966288 0.09103722125291824 0
1570183968128 0.0883590579032898 0
1570183969926 0.10110744833946228 0
1570183971753 0.08915290981531143 0
1570183974027 0.0830463245511055 0
1570183976005 0.09670694172382355 0
1570183978103 0.09399516880512238 0
1570183980093 0.09169580042362213 0
1570183982373 0.10204751789569855 0
1570183983950 0.09337033331394196 0
1570183985692 0.10143429040908813 0
1570183987559 0.08454642444849014 0
1570183989633 0.08804266899824142 0
1570183991814 0.09185940027236938 0
1570183993454 0.09226447343826294 0
1570183995029 0.08639539778232574 0
1570183997070 0.08895781636238098 0
1570183998930 0.09149490296840668 0
1570184001074 0.08884389698505402 0
1570184002655 0.09100466221570969 0
1570184004175 0.0880250334739685 0
1570184006154 0.10160551220178604 0
1570184007996 0.0910755842924118 0
1570184010448 0.09439240396022797 0
1570184012253 0.08203236758708954 0
1570184013942 0.08787065744400024 0
1570184016048 0.10552607476711273 0
1570184017993 0.08834458142518997 0
1570184019768 0.09003731608390808 0
1570184021504 0.09565041959285736 0
1570184023334 0.09174426645040512 0
1570184024974 0.09329259395599365 0
1570184027364 0.07836391776800156 0
1570184029360 0.09574230015277863 0
1570184031548 0.08857566118240356 0
1570184033636 0.08850335329771042 0
1570184035623 0.10933773219585419 0
1570184037303 0.09054300934076309 0
1570184038977 0.09157513082027435 0
1570184040955 0.08942444622516632 0
1570184043052 0.0874485969543457 0
1570184044846 0.08521236479282379 0
1570184046988 0.08617464452981949 0
1570184048667 0.09077925235033035 0
1570184050461 0.10024768114089966 0
1570184052290 0.08759482949972153 0
1570184054177 0.09491321444511414 0
1570184056473 0.08913677930831909 0
1570184058318 0.083431676030159 0
1570184060500 0.09570048749446869 0
1570184062601 0.08346962928771973 0
1570184064538 0.0831165686249733 0
1570184066263 0.09826016426086426 0
1570184067837 0.10137812793254852 0
1570184069465 0.09265907853841782 0
1570184071325 0.08990404009819031 0
1570184073169 0.08651184290647507 0
1570184074633 0.0878334790468216 0
1570184076302 0.09684832394123077 0
1570184077952 0.1000024676322937 0
1570184079582 0.09236286580562592 0
1570184081234 0.0921030044555664 0
1570184082921 0.0832986980676651 0
1570184084697 0.08536657691001892 0
1570184086358 0.07911532372236252 0
1570184088029 0.08057920634746552 0
1570184089693 0.09581002593040466 0
1570184091335 0.0929131954908371 0
1570184093074 0.0801570862531662 0
1570184095149 0.09248514473438263 0
1570184097071 0.09694871306419373 0
1570184098585 0.08975145220756531 0
1570184100183 0.08370686322450638 0
1570184101851 0.0828431099653244 0
1570184103532 0.08867242187261581 0
1570184105202 0.09310735762119293 0
1570184106882 0.10155676305294037 0
1570184108657 0.09177824854850769 0
1570184110319 0.0839955285191536 0
1570184112089 0.09138398617506027 0
1570184114012 0.08786346018314362 0
1570184116276 0.08471722900867462 0
1570184118049 0.09948969632387161 0
1570184120304 0.09271402657032013 0
1570184122237 0.09910246729850769 0
1570184123831 0.08329924196004868 0
1570184125435 0.09408162534236908 0
1570184127340 0.09135345369577408 0
1570184129339 0.08068360388278961 0
1570184131474 0.08274336159229279 0
1570184133431 0.0860772579908371 0
1570184135372 0.0819525346159935 0
1570184137369 0.08983343094587326 0
1570184139062 0.08135389536619186 0
1570184140777 0.08866247534751892 0
1570184142679 0.0848357155919075 0
1570184144239 0.09463737905025482 0
1570184145928 0.08487458527088165 0
1570184147641 0.08181528747081757 0
1570184149608 0.08631188422441483 0
1570184151779 0.0896180048584938 0
1570184153669 0.09380744397640228 0
1570184155550 0.08338497579097748 0
1570184157760 0.08921408653259277 0
1570184159526 0.08676621317863464 0
1570184161544 0.09228505194187164 0
1570184163727 0.10714104026556015 0
1570184165580 0.08280393481254578 0
1570184167605 0.1009758859872818 0
1570184169579 0.08764658868312836 0
1570184171486 0.08308852463960648 0
1570184173541 0.09753205627202988 0
1570184175626 0.08319447934627533 0
1570184177795 0.08396472036838531 0
1570184179742 0.0956730842590332 0
1570184181936 0.08478564023971558 0
1570184183990 0.09071622043848038 0
1570184185716 0.08137243986129761 0
1570184187673 0.09374170005321503 0
1570184189505 0.08073198795318604 0
1570184191474 0.08632515370845795 0
1570184193492 0.08486689627170563 0
1570184195330 0.09491679072380066 0
1570184197314 0.09355287253856659 0
1570184199392 0.08745340257883072 0
1570184201399 0.0922098159790039 0
1570184203804 0.09393935650587082 0
1570184205876 0.08797182142734528 0
1570184207950 0.08344587683677673 0
1570184209937 0.09460937976837158 0
1570184211598 0.09912535548210144 0
1570184213529 0.09810484945774078 0
1570184215644 0.09614891558885574 0
1570184217353 0.08800969272851944 0
1570184219108 0.08204562216997147 0
1570184220976 0.08293506503105164 0
1570184222860 0.08431316167116165 0
1570184224886 0.088163822889328 0
1570184227060 0.08309289813041687 0
1570184229000 0.09078920632600784 0
1570184231210 0.08802171051502228 0
1570184233174 0.08765369653701782 0
1570184234892 0.08258819580078125 0
1570184236793 0.09029102325439453 0
1570184238625 0.08329255133867264 0
1570184240696 0.08598555624485016 0
1570184242652 0.087556853890419 0
1570184244372 0.08323712646961212 0
1570184246176 0.09049877524375916 0
1570184248204 0.08473105728626251 0
1570184250396 0.08015379309654236 0
1570184252486 0.08680934458971024 0
1570184254203 0.08189727365970612 0
1570184256080 0.08951833099126816 0
1570184258156 0.09077592194080353 0
1570184259958 0.08798742294311523 0
1570184262132 0.08846175670623779 0
1570184264177 0.09433594346046448 0
1570184266154 0.08344285190105438 0
1570184268122 0.08511358499526978 0
1570184270018 0.08626866340637207 0
1570184272018 0.10106662660837173 0
1570184274069 0.08448672294616699 0
1570184275782 0.1053069680929184 0
1570184278028 0.08516992628574371 0
1570184280170 0.08729909360408783 0
1570184281734 0.08687411993741989 0
1570184283324 0.08885064721107483 0
1570184285203 0.0834774523973465 0
1570184286971 0.09287906438112259 0
1570184288954 0.08574400097131729 0
1570184290801 0.09627041220664978 0
1570184292482 0.08874756097793579 0
1570184294489 0.08151541650295258 0
1570184296329 0.0771670788526535 0
1570184298303 0.09608832001686096 0
1570184300403 0.0961412638425827 0
1570184302399 0.09605000913143158 0
1570184304200 0.08318598568439484 0
1570184306271 0.09430919587612152 0
1570184308343 0.08937715739011765 0
1570184310685 0.09166621416807175 0
1570184312666 0.0735791027545929 0
1570184314586 0.08172638714313507 0
1570184316614 0.09019990265369415 0
1570184318379 0.07799145579338074 0
1570184320534 0.08685649931430817 0
1570184322591 0.08437520265579224 0
1570184324421 0.08050680160522461 0
1570184326711 0.08941718935966492 0
1570184328765 0.07508563995361328 0
1570184330667 0.10504098981618881 0
1570184332881 0.08223885297775269 0
1570184334848 0.08970244973897934 0
1570184336865 0.08839878439903259 0
1570184339005 0.09124059975147247 0
1570184340968 0.08699943125247955 0
1570184343124 0.09352748095989227 0
1570184345122 0.09443756937980652 0
1570184346786 0.0826762318611145 0
1570184348700 0.08407358825206757 0
1570184350709 0.09368446469306946 0
1570184352573 0.08321469277143478 0
1570184354746 0.08976908028125763 0
1570184356522 0.08662055432796478 0
1570184358620 0.0917636901140213 0
1570184360590 0.08669596910476685 0
1570184362531 0.09812485426664352 0
1570184364466 0.08350051194429398 0
1570184366656 0.09015766531229019 0
1570184368404 0.08600080758333206 0
1570184370385 0.07107360661029816 0
1570184372463 0.09812331199645996 0
1570184374158 0.09063997119665146 0
1570184375858 0.07979536056518555 0
1570184377885 0.0854809358716011 0
1570184379697 0.0791313499212265 0
1570184381451 0.07807719707489014 0
1570184383298 0.09579573571681976 0
1570184385174 0.0851992592215538 0
1570184387185 0.08891396969556808 0
1570184389099 0.08500969409942627 0
1570184390972 0.08609326183795929 0
1570184393040 0.09626282006502151 0
1570184394922 0.0835629403591156 0
1570184397146 0.08447237312793732 0
1570184399206 0.08738203346729279 0
1570184400932 0.0822681188583374 0
1570184402683 0.07634381204843521 0
1570184404627 0.08452266454696655 0
1570184406321 0.08481843769550323 0
1570184408115 0.07973241060972214 0
1570184410166 0.07892526686191559 0
1570184411865 0.0877341702580452 0
1570184413972 0.07640054821968079 0
1570184416038 0.0880683958530426 0
1570184417979 0.07370644807815552 0
1570184419763 0.07765600085258484 0
1570184421660 0.0901847705245018 0
1570184423480 0.08498553931713104 0
1570184425411 0.08594407141208649 0
1570184427461 0.09131172299385071 0
1570184429434 0.0842672735452652 0
1570184431426 0.09020582586526871 0
1570184433349 0.08823779225349426 0
1570184435261 0.0901411771774292 0
1570184437364 0.07295523583889008 0
1570184439122 0.08740483969449997 0
1570184440850 0.07700078934431076 0
1570184442592 0.08792553097009659 0
1570184444358 0.08043807744979858 0
1570184446144 0.07880590856075287 0
1570184448114 0.0779576450586319 0
1570184449879 0.08075043559074402 0
1570184451935 0.07836099714040756 0
1570184454102 0.07851014286279678 0
1570184455974 0.08121271431446075 0
1570184457959 0.09932301938533783 0
1570184459728 0.07886601984500885 0
1570184461668 0.08361184597015381 0
1570184463292 0.08618971705436707 0
1570184465153 0.07965392619371414 0
1570184467170 0.07624485343694687 0
1570184469089 0.08146882057189941 0
1570184470825 0.08682212233543396 0
1570184472500 0.07952702045440674 0
1570184474406 0.0803198590874672 0
1570184476303 0.08164437115192413 0
1570184478196 0.09072927385568619 0
1570184480078 0.07765977829694748 0
1570184482011 0.08997293561697006 0
1570184484246 0.08029911667108536 0
1570184485975 0.07966490089893341 0
1570184488137 0.08793456107378006 0
1570184489997 0.07989472150802612 0
1570184491989 0.07728485018014908 0
1570184494137 0.082466259598732 0
1570184495898 0.09669263660907745 0
1570184498058 0.08832778036594391 0
1570184500084 0.08327427506446838 0
1570184501877 0.07989683002233505 0
1570184503826 0.07643648236989975 0
1570184505649 0.08580765128135681 0
1570184507296 0.0796993151307106 0
1570184509188 0.07278411835432053 0
1570184511138 0.07951502501964569 0
1570184512912 0.07685691118240356 0
1570184515091 0.0796404555439949 0
1570184517128 0.08035990595817566 0
1570184519261 0.0726693719625473 0
1570184521387 0.08243826031684875 0
1570184523097 0.07481969892978668 0
1570184524914 0.0867086723446846 0
1570184526863 0.08374787122011185 0
1570184528587 0.0804121121764183 0
1570184530663 0.07991297543048859 0
1570184532711 0.07226239144802094 0
1570184534345 0.08450749516487122 0
1570184536440 0.07409471273422241 0
1570184538401 0.0824078917503357 0
1570184540350 0.07159139215946198 0
1570184542347 0.08290085196495056 0
1570184544125 0.09749284386634827 0
1570184546246 0.08897186070680618 0
1570184548299 0.07872225344181061 0
1570184549911 0.08348298072814941 0
1570184552088 0.07539860904216766 0
1570184554432 0.0802571028470993 0
1570184556175 0.07722340524196625 0
1570184558052 0.08782809972763062 0
1570184560013 0.08621105551719666 0
1570184562073 0.07839306443929672 0
1570184564270 0.07441987097263336 0
1570184566257 0.09045498818159103 0
1570184568249 0.08214785158634186 0
1570184570413 0.07308821380138397 0
1570184572549 0.09097196161746979 0
1570184574677 0.09051962196826935 0
1570184576674 0.08773142099380493 0
1570184578610 0.08199930191040039 0
1570184580764 0.07790806889533997 0
1570184582986 0.08815880119800568 0
1570184585351 0.07670716196298599 0
1570184587359 0.07565620541572571 0
1570184589262 0.08596500754356384 0
1570184591489 0.07979716360569 0
1570184593424 0.08102256059646606 0
1570184595213 0.07652188837528229 0
1570184597294 0.08568519353866577 0
1570184599210 0.07654590904712677 0
1570184601207 0.0753709077835083 0
1570184603417 0.07815511524677277 0
1570184605284 0.07977207005023956 0
1570184607194 0.07575673609972 0
1570184609385 0.08523834496736526 0
1570184611168 0.07948374003171921 0
1570184613401 0.08213374763727188 0
1570184615596 0.07367479801177979 0
1570184617615 0.08959576487541199 0
1570184619893 0.08444869518280029 0
1570184622156 0.07699069380760193 0
1570184624186 0.07384543120861053 0
1570184626369 0.08363611996173859 0
1570184628418 0.07740919291973114 0
1570184630579 0.07328027486801147 0
1570184632985 0.07816712558269501 0
1570184634774 0.07166313380002975 0
1570184636828 0.08028967678546906 0
1570184639029 0.0920557752251625 0
1570184641343 0.0776611864566803 0
1570184643453 0.07675408571958542 0
1570184645168 0.08067725598812103 0
1570184647108 0.07833048701286316 0
1570184649167 0.07222439348697662 0
1570184651472 0.06989005208015442 0
1570184653607 0.08360541611909866 0
1570184655449 0.08530113101005554 0
1570184657598 0.08395940810441971 0
1570184659620 0.08551937341690063 0
1570184661627 0.08267293125391006 0
1570184663605 0.08198234438896179 0
1570184665698 0.07595135271549225 0
1570184668040 0.08758453279733658 0
1570184670237 0.08080698549747467 0
1570184672115 0.0830894485116005 0
1570184674131 0.08445689082145691 0
1570184675845 0.07414858043193817 0
1570184677662 0.07729476690292358 0
1570184679822 0.07999293506145477 0
1570184681702 0.08165422081947327 0
1570184683627 0.08473794162273407 0
1570184685769 0.0978928953409195 0
1570184687809 0.08238595724105835 0
1570184690147 0.07745030522346497 0
1570184691920 0.07690000534057617 0
1570184693875 0.0798327848315239 0
1570184695988 0.08623598515987396 0
1570184697983 0.07774794101715088 0
1570184700330 0.0711229145526886 0
1570184702462 0.08560112863779068 0
1570184704539 0.0667160153388977 0
1570184706787 0.08783119171857834 0
1570184708777 0.08433469384908676 0
1570184710432 0.08741901814937592 0
1570184712352 0.08354488760232925 0
1570184714260 0.07675319164991379 0
1570184716521 0.0970030426979065 0
1570184718476 0.07215294241905212 0
1570184720359 0.07739930599927902 0
1570184722687 0.08275791257619858 0
1570184724868 0.07121376693248749 0
1570184726641 0.07152165472507477 0
1570184728938 0.08585228025913239 0
1570184730814 0.08283882588148117 0
1570184732735 0.08403857052326202 0
1570184734868 0.07418254762887955 0
1570184736591 0.07252935320138931 0
1570184739305 0.07844656705856323 0
1570184741605 0.08242284506559372 0
1570184743636 0.07421361654996872 0
1570184745719 0.07377465069293976 0
1570184747902 0.07591746747493744 0
1570184750023 0.08237247169017792 0
1570184752279 0.07529864460229874 0
1570184754312 0.08322092890739441 0
1570184756470 0.07873737812042236 0
1570184758548 0.07737085223197937 0
1570184760291 0.08689537644386292 0
1570184762189 0.07610820233821869 0
1570184763954 0.07651770859956741 0
1570184765736 0.06709042191505432 0
1570184767900 0.06931619346141815 0
1570184770025 0.07451224327087402 0
1570184771829 0.07998493313789368 0
1570184773912 0.07162709534168243 0
1570184775890 0.08988313376903534 0
1570184778041 0.08456983417272568 0
1570184780070 0.07401809096336365 0
1570184782212 0.07714829593896866 0
1570184784304 0.07228400558233261 0
1570184786792 0.07454411685466766 0
1570184788843 0.07185760140419006 0
1570184790716 0.08269140124320984 0
1570184792827 0.07824357599020004 0
1570184794798 0.08687977492809296 0
1570184797218 0.08141756057739258 0
1570184799208 0.07933048903942108 0
1570184801151 0.07935306429862976 0
1570184803314 0.0723148062825203 0
1570184805349 0.07363007217645645 0
1570184807668 0.0834677591919899 0
1570184809793 0.07317359000444412 0
1570184811575 0.07667919993400574 0
1570184813880 0.07749046385288239 0
1570184816193 0.0843830555677414 0
1570184818264 0.08040408790111542 0
1570184820613 0.08299277722835541 0
1570184822676 0.08062855899333954 0
1570184824890 0.07095158100128174 0
1570184827146 0.08275768160820007 0
1570184828915 0.07196483016014099 0
1570184830756 0.08113914728164673 0
1570184832740 0.08032942563295364 0
1570184834733 0.07445630431175232 0
1570184836805 0.07247082144021988 0
1570184838737 0.07815678417682648 0
1570184841057 0.08858804404735565 0
1570184842986 0.07728283107280731 0
1570184845199 0.08143256604671478 0
1570184847191 0.07522042095661163 0
1570184849093 0.08242611587047577 0
1570184850922 0.07370929419994354 0
1570184852999 0.08255258202552795 0
1570184854865 0.07602870464324951 0
1570184857036 0.06712958961725235 0
1570184859242 0.08917690813541412 0
1570184861584 0.0855761170387268 0
1570184864008 0.07457278668880463 0
1570184865881 0.07831205427646637 0
1570184867699 0.08359461277723312 0
1570184869792 0.07619932293891907 0
1570184871842 0.0930725485086441 0
1570184874267 0.08283835649490356 0
1570184876475 0.08247214555740356 0
1570184878714 0.07455195486545563 0
1570184880974 0.08674753457307816 0
1570184882906 0.07548718899488449 0
1570184885187 0.08944892883300781 0
1570184887291 0.07208229601383209 0
1570184889103 0.0819576233625412 0
1570184891078 0.07760594040155411 0
1570184893021 0.07218390703201294 0
1570184895466 0.06782656162977219 0
1570184897606 0.0695360079407692 0
1570184899763 0.07694657146930695 0
1570184902138 0.08166877925395966 0
1570184903720 0.0752963051199913 0
