1570182425150 0.39549753069877625 0
1570182426714 0.4735581576824188 0
1570182428035 0.3413074314594269 0
1570182429427 0.37167248129844666 0
1570182430836 0.36784595251083374 0
1570182432134 0.32340148091316223 0
1570182433368 0.42953699827194214 0
1570182434720 0.38162147998809814 0
1570182436206 0.3746151924133301 0
1570182437702 0.3598260283470154 0
1570182439179 0.3709529936313629 0
1570182440508 0.3334563374519348 0
1570182441938 0.42293688654899597 0
1570182443304 0.31114667654037476 0
1570182444767 0.38560134172439575 0
1570182446101 0.3424151539802551 0
1570182447532 0.39437705278396606 0
1570182448833 0.3589797019958496 0
1570182450229 0.3481464684009552 0
1570182451596 0.33294370770454407 0
1570182452965 0.34348759055137634 0
1570182454244 0.3774155378341675 0
1570182455863 0.3545599579811096 0
1570182457455 0.3778059780597687 0
1570182458911 0.3550545573234558 0
1570182460250 0.31862929463386536 0
1570182461618 0.36067700386047363 0
1570182463049 0.3122037649154663 0
1570182464381 0.3342556953430176 0
1570182465759 0.354489803314209 0
1570182467025 0.3751530647277832 0
1570182468311 0.30290335416793823 0
1570182469796 0.3216512203216553 0
1570182471480 0.3500954806804657 0
1570182472930 0.3240199685096741 0
1570182474439 0.36867788434028625 0
1570182475900 0.3153453469276428 0
1570182477212 0.3437824249267578 0
1570182478433 0.30705124139785767 0
1570182479655 0.3246654272079468 0
1570182480894 0.3801117241382599 0
1570182482275 0.36319732666015625 0
1570182483678 0.3024837374687195 0
1570182485259 0.3465260863304138 0
1570182486623 0.2968476414680481 0
1570182487919 0.32511985301971436 0
1570182489147 0.31642603874206543 0
1570182490559 0.3152458667755127 0
1570182492025 0.33120855689048767 0
1570182493365 0.33439356088638306 0
1570182494604 0.32470250129699707 0
1570182496008 0.27905282378196716 0
1570182497482 0.3361319601535797 0
1570182498798 0.291643351316452 0
1570182500162 0.3165650963783264 0
1570182501487 0.32799166440963745 0
1570182502757 0.32015636563301086 0
1570182504103 0.31831008195877075 0
1570182505545 0.29144757986068726 0
1570182507040 0.2876831889152527 0
1570182508554 0.3046013116836548 0
1570182510099 0.30326783657073975 0
1570182511667 0.29262059926986694 0
1570182513099 0.30018115043640137 0
1570182514478 0.2974608838558197 0
1570182515721 0.2761099338531494 0
1570182516966 0.31653454899787903 0
1570182518249 0.3018954396247864 0
1570182519592 0.30102455615997314 0
1570182521031 0.2877708375453949 0
1570182522367 0.2625947594642639 0
1570182523757 0.31251680850982666 0
1570182525161 0.33750736713409424 0
1570182526470 0.3025887906551361 0
1570182527765 0.3234284520149231 0
1570182529013 0.288044273853302 0
1570182530321 0.3200169801712036 0
1570182531737 0.30479148030281067 0
1570182533274 0.2699791193008423 0
1570182534664 0.26906418800354004 0
1570182535980 0.30754202604293823 0
1570182537533 0.28306829929351807 0
1570182539052 0.29037582874298096 0
1570182540338 0.27259302139282227 0
1570182541936 0.28525492548942566 0
1570182543358 0.26948678493499756 0
1570182544754 0.2797030210494995 0
1570182546265 0.2720750570297241 0
1570182547691 0.2754896879196167 0
1570182549103 0.29319077730178833 0
1570182550695 0.25597819685935974 0
1570182552345 0.2653525173664093 0
1570182553704 0.28907114267349243 0
1570182555034 0.2578045129776001 0
1570182556670 0.2711535692214966 0
1570182558214 0.2632130980491638 0
1570182559552 0.25631025433540344 0
1570182561153 0.26700395345687866 0
1570182562649 0.30301886796951294 0
1570182564267 0.24390128254890442 0
1570182565759 0.2570716440677643 0
1570182567355 0.28912225365638733 0
1570182568682 0.249100923538208 0
1570182570041 0.24204960465431213 0
1570182571887 0.2381434142589569 0
1570182573497 0.26545634865760803 0
1570182574919 0.31110894680023193 0
1570182576454 0.25202688574790955 0
1570182578004 0.2718490958213806 0
1570182579503 0.2576320171356201 0
1570182580854 0.2868129014968872 0
1570182582316 0.22784456610679626 0
1570182583855 0.26438450813293457 0
1570182586729 0.25913041830062866 0
1570182588053 0.250262051820755 0
1570182589503 0.2294432669878006 0
1570182590923 0.23462608456611633 0
1570182592501 0.26788467168807983 0
1570182593974 0.27288609743118286 0
1570182595623 0.2605634331703186 0
1570182596948 0.24962952733039856 0
1570182598484 0.2650890350341797 0
1570182600032 0.27969297766685486 0
1570182601608 0.23577603697776794 0
1570182603136 0.23925961554050446 0
1570182604545 0.2556697130203247 0
1570182605929 0.2368437796831131 0
1570182607448 0.23043526709079742 0
1570182609054 0.23052054643630981 0
1570182610573 0.22810474038124084 0
1570182612141 0.23187880218029022 0
1570182613717 0.2704933285713196 0
1570182615055 0.24726301431655884 0
1570182616611 0.22545364499092102 0
1570182618260 0.20815107226371765 0
1570182619871 0.23968107998371124 0
1570182621339 0.21679195761680603 0
1570182622786 0.23728005588054657 0
1570182624181 0.25370633602142334 0
1570182625528 0.23006680607795715 0
1570182626871 0.20843437314033508 0
1570182628406 0.27774739265441895 0
1570182630032 0.22022292017936707 0
1570182631616 0.21529510617256165 0
1570182632976 0.24861347675323486 0
1570182634451 0.22088000178337097 0
1570182635962 0.24291203916072845 0
1570182637614 0.18595460057258606 0
1570182639084 0.1978181004524231 0
1570182640596 0.20401595532894135 0
1570182641993 0.22694075107574463 0
1570182643521 0.22213177382946014 0
1570182645000 0.19998885691165924 0
1570182646422 0.2626684308052063 0
1570182647824 0.2663726210594177 0
1570182649298 0.21908371150493622 0
1570182651127 0.20964020490646362 0
1570182652531 0.2741623520851135 0
1570182653860 0.1871495097875595 0
1570182655240 0.21933619678020477 0
1570182657766 0.2397489696741104 0
1570182659191 0.23036643862724304 0
1570182660521 0.2062041461467743 0
1570182661955 0.17685459554195404 0
1570182663357 0.2372283637523651 0
1570182664806 0.20601890981197357 0
1570182666398 0.1765434741973877 0
1570182667793 0.2019483745098114 0
1570182669283 0.20656323432922363 0
1570182670805 0.20669430494308472 0
1570182672478 0.2436722069978714 0
1570182674200 0.18889141082763672 0
1570182675771 0.1982910931110382 0
1570182677060 0.2304922491312027 0
1570182678603 0.18904182314872742 0
1570182680027 0.20456528663635254 0
1570182681522 0.2086934894323349 0
1570182683071 0.19512104988098145 0
1570182684803 0.2333315908908844 0
1570182686241 0.18576185405254364 0
1570182687619 0.18595293164253235 0
1570182689054 0.2204039990901947 0
1570182690479 0.21742619574069977 0
1570182691983 0.2403990626335144 0
1570182693595 0.1873590350151062 0
1570182695052 0.2333519607782364 0
1570182696373 0.20417390763759613 0
1570182697827 0.1937112808227539 0
1570182699430 0.20391197502613068 0
1570182701346 0.17933745682239532 0
1570182702911 0.2055489420890808 0
1570182704391 0.20779933035373688 0
1570182705773 0.1802116483449936 0
1570182707197 0.21348240971565247 0
1570182708694 0.19606292247772217 0
1570182710258 0.2187003493309021 0
1570182711896 0.18156728148460388 0
1570182713392 0.21167497336864471 0
1570182714652 0.22039081156253815 0
1570182716175 0.2209615260362625 0
1570182717662 0.17396733164787292 0
1570182719188 0.19476750493049622 0
1570182720641 0.20078405737876892 0
1570182722149 0.16924218833446503 0
1570182723784 0.19152703881263733 0
1570182725200 0.20155638456344604 0
1570182726706 0.16566230356693268 0
1570182728073 0.17634722590446472 0
1570182729426 0.22092074155807495 0
1570182730940 0.2458641231060028 0
1570182732172 0.19028736650943756 0
1570182733493 0.17244969308376312 0
1570182734872 0.1831471025943756 0
1570182737109 0.1819678544998169 0
1570182738501 0.18179325759410858 0
1570182739822 0.2036403864622116 0
1570182741245 0.1525808870792389 0
1570182742575 0.22459831833839417 0
1570182744150 0.211455836892128 0
1570182745558 0.16155946254730225 0
1570182747266 0.19335129857063293 0
1570182748733 0.1599685549736023 0
1570182750479 0.15593969821929932 0
1570182752149 0.15118595957756042 0
1570182753667 0.21424224972724915 0
1570182755289 0.19103099405765533 0
1570182756865 0.2289775162935257 0
1570182758449 0.1972699612379074 0
1570182759847 0.20481514930725098 0
1570182761359 0.19961389899253845 0
1570182762961 0.21882209181785583 0
1570182764477 0.16312187910079956 0
1570182765963 0.1765357255935669 0
1570182767615 0.204387828707695 0
1570182769236 0.22098374366760254 0
1570182770682 0.1908474564552307 0
1570182771989 0.16090106964111328 0
1570182773295 0.14968794584274292 0
1570182774649 0.15728583931922913 0
1570182776270 0.15500198304653168 0
1570182777672 0.16276615858078003 0
1570182779058 0.20846417546272278 0
1570182780411 0.1872042715549469 0
1570182781700 0.15974077582359314 0
1570182783332 0.184652179479599 0
1570182784676 0.15345898270606995 0
1570182786080 0.2116870880126953 0
1570182787570 0.18154767155647278 0
1570182789015 0.1452305018901825 0
1570182790467 0.13455739617347717 0
1570182791976 0.15165555477142334 0
1570182793440 0.15833376348018646 0
1570182794783 0.16609162092208862 0
1570182796216 0.14266809821128845 0
1570182797886 0.18004462122917175 0
1570182799414 0.17658045887947083 0
1570182800984 0.2000916749238968 0
1570182802683 0.1547165811061859 0
1570182804373 0.14944812655448914 0
1570182806035 0.18424981832504272 0
1570182807528 0.18955369293689728 0
1570182808929 0.18629390001296997 0
1570182810511 0.15579450130462646 0
1570182812002 0.13602116703987122 0
1570182813440 0.17506666481494904 0
1570182814951 0.20375019311904907 0
1570182816592 0.17231148481369019 0
1570182818156 0.17496357858181 0
1570182819721 0.1459333300590515 0
1570182821391 0.1357729136943817 0
1570182823125 0.1738121658563614 0
1570182824576 0.12822987139225006 0
1570182825881 0.20624718070030212 0
1570182827335 0.17169475555419922 0
1570182828834 0.17346560955047607 0
1570182830150 0.1614370197057724 0
1570182831526 0.13649088144302368 0
1570182832959 0.18317097425460815 0
1570182834704 0.17384514212608337 0
1570182836223 0.19114919006824493 0
1570182837638 0.14566366374492645 0
1570182839070 0.17676039040088654 0
1570182840617 0.16880327463150024 0
1570182842198 0.178514763712883 0
1570182843831 0.18579772114753723 0
1570182845375 0.20195762813091278 0
1570182847963 0.15139105916023254 0
1570182849574 0.17779403924942017 0
1570182851299 0.17105641961097717 0
1570182852766 0.13981103897094727 0
1570182854130 0.18253570795059204 0
1570182855455 0.17675165832042694 0
1570182857245 0.13569699227809906 0
1570182858640 0.12012626230716705 0
1570182859972 0.22723662853240967 0
1570182861318 0.16189146041870117 0
1570182862638 0.13576622307300568 0
1570182864092 0.16343393921852112 0
1570182865854 0.1889832615852356 0
1570182867473 0.14271734654903412 0
1570182869079 0.18649131059646606 0
1570182870753 0.16029605269432068 0
1570182872380 0.183927983045578 0
1570182873903 0.16536563634872437 0
1570182875411 0.17667852342128754 0
1570182876732 0.14715519547462463 0
1570182878054 0.19761745631694794 0
1570182879477 0.19428277015686035 0
1570182880902 0.13930410146713257 0
1570182882387 0.12475595623254776 0
1570182883965 0.18263405561447144 0
1570182885333 0.15657947957515717 0
1570182886797 0.17931786179542542 0
1570182888365 0.17733405530452728 0
1570182890006 0.14377173781394958 0
1570182891686 0.13690195977687836 0
1570182893124 0.15117663145065308 0
1570182894426 0.17141053080558777 0
1570182895813 0.15297502279281616 0
1570182897205 0.1625097393989563 0
1570182898678 0.13099396228790283 0
1570182900868 0.1551453024148941 0
1570182902382 0.1986679583787918 0
1570182903862 0.1774774193763733 0
1570182905375 0.14851264655590057 0
1570182906998 0.1632544845342636 0
1570182908425 0.12649568915367126 0
1570182909769 0.15796759724617004 0
1570182911228 0.16341501474380493 0
1570182912876 0.17545568943023682 0
1570182914392 0.16400116682052612 0
1570182915715 0.13789395987987518 0
1570182917034 0.14447537064552307 0
1570182918540 0.16728931665420532 0
1570182919999 0.17793050408363342 0
1570182921463 0.13296452164649963 0
1570182922913 0.1680716574192047 0
1570182924416 0.19537365436553955 0
1570182926002 0.1718120276927948 0
1570182927561 0.1622316539287567 0
1570182928981 0.18346291780471802 0
1570182930433 0.1331251710653305 0
1570182932044 0.10487941652536392 0
1570182933473 0.12419164180755615 0
1570182934921 0.1391761153936386 0
1570182936690 0.15973448753356934 0
1570182938124 0.1436888724565506 0
1570182939593 0.14199592173099518 0
1570182941077 0.17977097630500793 0
1570182942437 0.12658269703388214 0
1570182943931 0.17201590538024902 0
1570182945721 0.14570914208889008 0
1570182947323 0.15782001614570618 0
1570182948921 0.14889392256736755 0
1570182950575 0.14578866958618164 0
1570182952203 0.18968817591667175 0
1570182953718 0.17887507379055023 0
1570182955279 0.1416531205177307 0
1570182956843 0.1748788058757782 0
1570182958237 0.12405736744403839 0
1570182959770 0.1358320116996765 0
1570182961361 0.1344987154006958 0
1570182962635 0.14210283756256104 0
1570182963872 0.126755952835083 0
1570182965106 0.13430866599082947 0
1570182966476 0.17070284485816956 0
1570182967978 0.14937907457351685 0
1570182969422 0.11144150793552399 0
1570182971108 0.19768419861793518 0
1570182972742 0.1245482861995697 0
1570182974356 0.18270638585090637 0
1570182975750 0.14773204922676086 0
1570182977204 0.10166949033737183 0
1570182978623 0.13747455179691315 0
1570182980223 0.15418633818626404 0
1570182981977 0.11498968303203583 0
1570182983604 0.14840373396873474 0
1570182985287 0.1963711977005005 0
1570182986637 0.16719785332679749 0
1570182988025 0.13572867214679718 0
1570182989644 0.12775862216949463 0
1570182991285 0.10495537519454956 0
1570182992919 0.12990422546863556 0
1570182994549 0.17763350903987885 0
1570182996204 0.1431313157081604 0
1570182997947 0.13871200382709503 0
1570182999794 0.14575278759002686 0
1570183001534 0.10779967904090881 0
1570183003314 0.17427587509155273 0
1570183004866 0.15356853604316711 0
1570183006497 0.10001314431428909 0
1570183007994 0.15404199063777924 0
1570183009415 0.15232448279857635 0
1570183010811 0.09094837307929993 0
1570183012275 0.10574911534786224 0
1570183013962 0.1452029049396515 0
1570183015558 0.15626072883605957 0
1570183016967 0.1418948769569397 0
1570183018263 0.19251200556755066 0
1570183019770 0.15683385729789734 0
1570183021169 0.13245302438735962 0
1570183022862 0.14924201369285583 0
1570183024362 0.15023599565029144 0
1570183026124 0.1837877333164215 0
1570183027519 0.1344863772392273 0
1570183028817 0.1415698528289795 0
1570183030191 0.15256120264530182 0
1570183031676 0.1667969524860382 0
1570183033315 0.09335695952177048 0
1570183034898 0.17821690440177917 0
1570183036325 0.11095964908599854 0
1570183037789 0.13623835146427155 0
1570183039213 0.13902822136878967 0
1570183040613 0.11286170780658722 0
1570183042051 0.1736796498298645 0
1570183043543 0.10287449508905411 0
1570183045402 0.13270165026187897 0
1570183047159 0.10695953667163849 0
1570183048847 0.13155058026313782 0
1570183050391 0.11612747609615326 0
1570183052047 0.18010541796684265 0
1570183053580 0.1738557517528534 0
1570183055130 0.13066715002059937 0
1570183056822 0.13930054008960724 0
1570183058536 0.15900099277496338 0
1570183060031 0.1534588634967804 0
1570183061541 0.1738775074481964 0
1570183063173 0.16289252042770386 0
1570183064860 0.13999158143997192 0
1570183066396 0.11910329014062881 0
1570183068114 0.16620168089866638 0
1570183069672 0.09506119787693024 0
1570183071296 0.1347184181213379 0
1570183073070 0.14807268977165222 0
1570183074877 0.11964128166437149 0
1570183076607 0.1871309131383896 0
1570183078143 0.13972091674804688 0
1570183079632 0.11862044781446457 0
1570183081321 0.11877673119306564 0
1570183083064 0.1190483570098877 0
1570183084577 0.15666888654232025 0
1570183086100 0.1308651864528656 0
1570183087536 0.17249400913715363 0
1570183088947 0.08421815931797028 0
1570183090651 0.1306818723678589 0
1570183092470 0.15734770894050598 0
1570183094152 0.15434890985488892 0
1570183095760 0.13677868247032166 0
1570183097219 0.1449434608221054 0
1570183098913 0.0852355882525444 0
1570183100582 0.11067639291286469 0
1570183102194 0.15309491753578186 0
1570183103993 0.1317083090543747 0
1570183105752 0.0700528472661972 0
1570183107471 0.13380546867847443 0
1570183109222 0.11585763841867447 0
1570183110807 0.13571886718273163 0
1570183112420 0.132563516497612 0
1570183114220 0.1675611287355423 0
1570183116055 0.1550694853067398 0
1570183117600 0.17089825868606567 0
1570183119312 0.15451757609844208 0
1570183120789 0.10544759780168533 0
1570183122321 0.19374245405197144 0
1570183123766 0.1221788227558136 0
1570183125237 0.1293816864490509 0
1570183126766 0.18191684782505035 0
1570183128409 0.13262256979942322 0
1570183129946 0.14288152754306793 0
1570183131430 0.08093039691448212 0
1570183132956 0.11498168855905533 0
1570183134368 0.13792121410369873 0
1570183135843 0.11581381410360336 0
1570183137398 0.1662806123495102 0
1570183139055 0.1788492202758789 0
1570183140557 0.09967365860939026 0
1570183142030 0.12299483269453049 0
1570183143602 0.1255188137292862 0
1570183145173 0.1204281896352768 0
1570183146791 0.1392495036125183 0
1570183148257 0.15853601694107056 0
1570183149739 0.10942034423351288 0
1570183151326 0.16182199120521545 0
1570183152845 0.13433393836021423 0
1570183154256 0.16687476634979248 0
1570183155779 0.09004239737987518 0
1570183157349 0.10852020978927612 0
1570183158894 0.1674278974533081 0
1570183160299 0.13005289435386658 0
1570183161976 0.14858509600162506 0
1570183163549 0.15087580680847168 0
1570183165228 0.14450520277023315 0
1570183166835 0.10721366852521896 0
1570183168292 0.1060013622045517 0
1570183169778 0.11028660833835602 0
1570183171440 0.12830457091331482 0
1570183173149 0.13509070873260498 0
1570183174765 0.143354594707489 0
1570183176392 0.12395917624235153 0
1570183177821 0.1835276186466217 0
1570183179355 0.14222371578216553 0
1570183180810 0.10089291632175446 0
1570183182382 0.11174291372299194 0
1570183183882 0.13820666074752808 0
1570183185450 0.1109011098742485 0
1570183187025 0.1451144814491272 0
1570183188725 0.1639348268508911 0
1570183190613 0.14584477245807648 0
1570183192476 0.08848309516906738 0
1570183194122 0.11468207091093063 0
1570183195722 0.16859407722949982 0
1570183197382 0.16733749210834503 0
1570183198892 0.14225099980831146 0
1570183200284 0.1055368036031723 0
1570183201815 0.1317627876996994 0
1570183203318 0.11673958599567413 0
1570183204752 0.10818058252334595 0
1570183206082 0.13277667760849 0
1570183207444 0.12153752148151398 0
1570183208843 0.19044405221939087 0
1570183210259 0.14004084467887878 0
1570183211779 0.12990956008434296 0
1570183213250 0.16233289241790771 0
1570183214601 0.12433172762393951 0
1570183216016 0.1315399408340454 0
1570183217567 0.09269915521144867 0
1570183219157 0.1459449678659439 0
1570183220646 0.1114262044429779 0
1570183222169 0.0924750417470932 0
1570183223690 0.09371118992567062 0
1570183225186 0.130995512008667 0
1570183226891 0.15008699893951416 0
1570183228879 0.17518554627895355 0
1570183230760 0.1357746720314026 0
1570183232262 0.164298415184021 0
1570183233722 0.11358663439750671 0
1570183235221 0.12656018137931824 0
1570183236799 0.07089413702487946 0
1570183238272 0.12338690459728241 0
1570183239789 0.10409881174564362 0
1570183241505 0.11958765238523483 0
1570183243421 0.13317081332206726 0
1570183245025 0.11062878370285034 0
1570183246525 0.08129537105560303 0
1570183248312 0.2108510434627533 0
1570183250193 0.07897445559501648 0
1570183251661 0.12092424929141998 0
1570183253212 0.11360485851764679 0
1570183254824 0.13822847604751587 0
1570183256347 0.11055651307106018 0
1570183257956 0.09373477101325989 0
1570183259614 0.09615124017000198 0
1570183261233 0.1221778467297554 0
1570183262858 0.11065009981393814 0
1570183264601 0.12285466492176056 0
1570183266185 0.13338331878185272 0
1570183267978 0.1129118800163269 0
1570183269863 0.15294107794761658 0
1570183271658 0.1244422048330307 0
1570183273066 0.22261062264442444 0
1570183274837 0.13636916875839233 0
1570183276609 0.15044352412223816 0
1570183278168 0.17020127177238464 0
1570183279935 0.173771470785141 0
1570183281722 0.13162246346473694 0
1570183283135 0.18276084959506989 0
1570183285017 0.11529335379600525 0
1570183286879 0.14622069895267487 0
1570183288413 0.08100934326648712 0
1570183289935 0.10097888112068176 0
1570183291609 0.13994938135147095 0
1570183293199 0.10541905462741852 0
1570183295141 0.08974825590848923 0
1570183297032 0.09032896161079407 0
1570183298731 0.0864022970199585 0
1570183300258 0.1462932676076889 0
1570183301852 0.11195188760757446 0
1570183303632 0.14108017086982727 0
1570183305434 0.12371158599853516 0
1570183307015 0.11393892765045166 0
1570183308564 0.11113126575946808 0
1570183310217 0.10930308699607849 0
1570183312029 0.10577576607465744 0
1570183313869 0.0981096476316452 0
1570183315592 0.11499801278114319 0
1570183317179 0.13882356882095337 0
1570183319075 0.1884573996067047 0
1570183321004 0.09835216403007507 0
1570183322803 0.12656104564666748 0
1570183324249 0.14136669039726257 0
1570183326051 0.10551795363426208 0
1570183327808 0.12823039293289185 0
1570183329431 0.1656559258699417 0
1570183331032 0.12178662419319153 0
1570183332813 0.09386757761240005 0
1570183334348 0.12606306374073029 0
1570183336213 0.09911870211362839 0
1570183338026 0.17078903317451477 0
1570183339850 0.12909048795700073 0
1570183341427 0.10584023594856262 0
1570183343156 0.2049967348575592 0
1570183344887 0.12824073433876038 0
1570183346508 0.19739924371242523 0
1570183347977 0.15253588557243347 0
1570183349678 0.10511964559555054 0
1570183351528 0.10206282883882523 0
1570183353111 0.1142745167016983 0
1570183354808 0.08438458293676376 0
1570183356770 0.07720160484313965 0
1570183358434 0.07547803968191147 0
1570183360317 0.13115659356117249 0
1570183362016 0.11507051438093185 0
1570183363672 0.12427177280187607 0
1570183365557 0.0815228745341301 0
1570183367412 0.07968179881572723 0
1570183369144 0.16403546929359436 0
1570183370825 0.18093140423297882 0
1570183372546 0.13115757703781128 0
1570183374422 0.09841214120388031 0
1570183376240 0.1593184620141983 0
1570183378015 0.1137320026755333 0
1570183379686 0.11772719025611877 0
1570183381283 0.16017797589302063 0
1570183383219 0.12281137704849243 0
1570183385154 0.08567186444997787 0
1570183386860 0.14732077717781067 0
1570183388511 0.11299028992652893 0
1570183390165 0.1215033084154129 0
1570183391725 0.1145046129822731 0
1570183393543 0.1039171889424324 0
1570183395504 0.14919370412826538 0
1570183397439 0.1370289921760559 0
1570183399204 0.1609412431716919 0
1570183401138 0.12212418019771576 0
1570183402988 0.08718249201774597 0
1570183404828 0.10954451560974121 0
1570183406556 0.08293251693248749 0
1570183408357 0.12107452750205994 0
1570183410050 0.11033039540052414 0
1570183411790 0.10355250537395477 0
1570183413433 0.11807896196842194 0
1570183415440 0.12978610396385193 0
1570183417022 0.0832473635673523 0
1570183418616 0.11350227892398834 0
1570183420128 0.09311607480049133 0
1570183421611 0.09872683882713318 0
1570183423330 0.08846250921487808 0
1570183425089 0.11509371548891068 0
1570183426783 0.08902566134929657 0
1570183428560 0.14737758040428162 0
1570183430319 0.12203488498926163 0
1570183431887 0.15093371272087097 0
1570183433578 0.13333922624588013 0
1570183435114 0.13923895359039307 0
1570183436982 0.14797604084014893 0
1570183438614 0.0886995941400528 0
1570183440305 0.09511744976043701 0
1570183442102 0.08793242275714874 0
1570183443775 0.130880206823349 0
1570183445582 0.1412351131439209 0
1570183447367 0.123750239610672 0
1570183449077 0.13834719359874725 0
1570183450558 0.105662502348423 0
1570183452303 0.11215685307979584 0
1570183454144 0.09164057672023773 0
1570183455729 0.1087990552186966 0
1570183457506 0.12996190786361694 0
1570183459328 0.13386760652065277 0
1570183461090 0.10788100957870483 0
1570183462791 0.10105551779270172 0
1570183464595 0.11171349883079529 0
1570183466316 0.11671176552772522 0
1570183467909 0.07950280606746674 0
1570183469707 0.11308537423610687 0
1570183471679 0.13338875770568848 0
1570183473527 0.11907146871089935 0
1570183475325 0.13200940191745758 0
1570183477025 0.0966949313879013 0
1570183478586 0.10085190832614899 0
1570183480067 0.09171396493911743 0
1570183481666 0.08870600163936615 0
1570183483408 0.10866013169288635 0
1570183485003 0.15524360537528992 0
1570183486806 0.11384911835193634 0
1570183488659 0.09342528879642487 0
1570183490137 0.15160301327705383 0
1570183491689 0.12735876441001892 0
1570183493462 0.1614491492509842 0
1570183495388 0.23741814494132996 0
1570183497108 0.12051413953304291 0
1570183498740 0.08625014871358871 0
1570183500540 0.1347922384738922 0
1570183502136 0.12581399083137512 0
1570183503658 0.11775313317775726 0
1570183505556 0.12174490839242935 0
1570183507364 0.12500622868537903 0
1570183508916 0.14673882722854614 0
1570183510770 0.11006505787372589 0
1570183512603 0.07827126979827881 0
1570183514439 0.09687359631061554 0
1570183516391 0.10149945318698883 0
1570183518235 0.09703922271728516 0
1570183519951 0.08908145874738693 0
1570183521698 0.09363434463739395 0
1570183523723 0.13057473301887512 0
1570183525556 0.11141826212406158 0
1570183527038 0.11371571570634842 0
1570183528542 0.14405925571918488 0
1570183530151 0.11891259253025055 0
1570183531732 0.12991681694984436 0
1570183533323 0.10084757208824158 0
1570183535060 0.10045397281646729 0
1570183536887 0.12581637501716614 0
1570183538907 0.10049353539943695 0
1570183540650 0.08818627148866653 0
1570183542154 0.09555500745773315 0
1570183543629 0.14618825912475586 0
1570183545378 0.10162091255187988 0
1570183546998 0.07225017249584198 0
1570183548697 0.08167611062526703 0
1570183550611 0.09081807732582092 0
1570183552315 0.12529824674129486 0
1570183554008 0.08755111694335938 0
1570183555899 0.1124308854341507 0
1570183557738 0.09683045744895935 0
1570183559667 0.06322893500328064 0
1570183561499 0.12177307903766632 0
1570183563446 0.12155541032552719 0
1570183565191 0.12423409521579742 0
1570183566996 0.06773713231086731 0
1570183568752 0.09506058692932129 0
1570183570323 0.08477985858917236 0
1570183571950 0.07062586396932602 0
1570183573804 0.09214276820421219 0
1570183575713 0.10562165081501007 0
1570183577391 0.13732993602752686 0
1570183579254 0.13115760684013367 0
1570183581017 0.08660739660263062 0
1570183582795 0.07945358753204346 0
1570183584837 0.15939833223819733 0
1570183586535 0.08690893650054932 0
1570183588015 0.11752654612064362 0
1570183589808 0.08505094796419144 0
1570183591571 0.130409374833107 0
1570183593267 0.10669946670532227 0
1570183594988 0.07601810991764069 0
1570183596803 0.10223258286714554 0
1570183598545 0.1476873904466629 0
1570183600285 0.1640760898590088 0
1570183601972 0.11395834386348724 0
1570183603807 0.1448977291584015 0
1570183605436 0.11657165735960007 0
1570183607116 0.09039236605167389 0
1570183608875 0.07622506469488144 0
1570183610610 0.08432300388813019 0
1570183612370 0.11692480742931366 0
1570183614146 0.14572912454605103 0
1570183616175 0.09081760048866272 0
1570183618023 0.11665021628141403 0
1570183620040 0.07599785923957825 0
1570183621989 0.13648270070552826 0
1570183623628 0.11868400871753693 0
1570183625521 0.11925949901342392 0
1570183627072 0.1059366837143898 0
1570183628759 0.13350114226341248 0
1570183630571 0.14142689108848572 0
1570183632427 0.07131089270114899 0
1570183634099 0.06418696790933609 0
1570183635914 0.07586871087551117 0
1570183637793 0.09429901093244553 0
1570183639631 0.09014908969402313 0
1570183641318 0.09317275881767273 0
1570183643340 0.09197396039962769 0
1570183645395 0.10641849786043167 0
1570183646957 0.1631227731704712 0
1570183648714 0.1661672294139862 0
1570183650465 0.10537896305322647 0
1570183652277 0.08419659733772278 0
1570183653978 0.10459455102682114 0
1570183655820 0.10567715764045715 0
1570183657344 0.11590832471847534 0
1570183658981 0.10121767222881317 0
1570183660689 0.10170620679855347 0
1570183662436 0.0700201466679573 0
1570183664388 0.13811993598937988 0
1570183666360 0.10655353963375092 0
1570183668160 0.07751746475696564 0
1570183669773 0.1379338502883911 0
1570183671908 0.11495104432106018 0
1570183673783 0.09205280989408493 0
1570183675432 0.10017021745443344 0
1570183677281 0.09839114546775818 0
1570183679146 0.10294950008392334 0
1570183680722 0.15334436297416687 0
1570183682717 0.05729711055755615 0
1570183684714 0.13176098465919495 0
1570183686350 0.11999858915805817 0
1570183688357 0.11978355050086975 0
1570183690263 0.13061316311359406 0
1570183691874 0.11213912069797516 0
1570183693780 0.0942404717206955 0
1570183695817 0.14945769309997559 0
1570183697442 0.12970325350761414 0
1570183699453 0.10599455237388611 0
1570183701524 0.09810637682676315 0
1570183703165 0.06515448540449142 0
1570183704939 0.10638653486967087 0
1570183706987 0.08664295077323914 0
1570183708687 0.10147581994533539 0
1570183710515 0.09996641427278519 0
1570183712395 0.11510948091745377 0
1570183714005 0.1148703321814537 0
1570183715714 0.10257143527269363 0
1570183717774 0.08107121288776398 0
1570183719789 0.098578080534935 0
1570183721394 0.1114337369799614 0
1570183723399 0.07739605009555817 0
1570183725395 0.07805169373750687 0
1570183727227 0.11695370078086853 0
1570183728937 0.09859593212604523 0
1570183730631 0.10899445414543152 0
1570183732305 0.14633646607398987 0
1570183734019 0.12026670575141907 0
1570183735842 0.09521793574094772 0
1570183737499 0.08497123420238495 0
1570183739442 0.08297386020421982 0
1570183741169 0.08124683797359467 0
1570183742877 0.10253147780895233 0
1570183744513 0.14049199223518372 0
1570183746257 0.12405851483345032 0
1570183748149 0.11084415018558502 0
1570183749720 0.1110580563545227 0
1570183751582 0.17393991351127625 0
1570183753545 0.13112859427928925 0
1570183755591 0.12733390927314758 0
1570183757665 0.09598039090633392 0
1570183759439 0.10754452645778656 0
1570183761201 0.09125903248786926 0
1570183763057 0.11950498074293137 0
1570183764759 0.07084927707910538 0
1570183766532 0.12041416764259338 0
1570183768540 0.06695511192083359 0
1570183770113 0.11631087958812714 0
1570183772033 0.0689101368188858 0
1570183774032 0.1400015652179718 0
1570183775816 0.05950189381837845 0
1570183777646 0.1245751827955246 0
1570183779513 0.10013166069984436 0
1570183781162 0.07583419978618622 0
1570183782908 0.07558271288871765 0
1570183784643 0.09878619760274887 0
1570183786298 0.10596035420894623 0
1570183787878 0.0841548889875412 0
1570183789520 0.12017598748207092 0
1570183791350 0.07365305721759796 0
1570183793249 0.07887013256549835 0
1570183795321 0.09166716039180756 0
1570183797219 0.1488698124885559 0
1570183798956 0.11892302334308624 0
1570183800847 0.1295221745967865 0
1570183803005 0.04888533428311348 0
1570183804874 0.14692440629005432 0
1570183806894 0.07133136689662933 0
1570183808820 0.07591202110052109 0
1570183810453 0.12121791392564774 0
1570183812205 0.10654821246862411 0
1570183814080 0.11367533355951309 0
1570183815723 0.14821204543113708 0
1570183817544 0.15807199478149414 0
1570183819574 0.05534537136554718 0
1570183821351 0.08327698707580566 0
1570183823427 0.09874433279037476 0
1570183825552 0.09537584334611893 0
1570183827266 0.12097881734371185 0
1570183829314 0.12624549865722656 0
1570183831473 0.07529634982347488 0
1570183833273 0.07174909114837646 0
1570183835068 0.09080676734447479 0
1570183836903 0.17663481831550598 0
1570183838725 0.08254867047071457 0
1570183840342 0.12443330138921738 0
1570183842158 0.06555654853582382 0
1570183843923 0.106320321559906 0
1570183845618 0.08285865187644958 0
1570183847383 0.16175398230552673 0
1570183849290 0.06775223463773727 0
1570183850866 0.07229519635438919 0
1570183852734 0.08224353194236755 0
1570183854848 0.09306751191616058 0
1570183856558 0.11584975570440292 0
1570183858217 0.08704086393117905 0
1570183860137 0.06895391643047333 0
1570183862205 0.11382430046796799 0
1570183863911 0.11848600953817368 0
1570183865535 0.0579238161444664 0
1570183867037 0.10142397880554199 0
1570183868675 0.10735850036144257 0
1570183870391 0.12472544610500336 0
1570183872021 0.15724685788154602 0
1570183873623 0.1377229392528534 0
1570183875318 0.07320056855678558 0
1570183876928 0.07444022595882416 0
1570183878702 0.07651709020137787 0
1570183880307 0.16070035099983215 0
1570183882265 0.11687296628952026 0
1570183884315 0.0938863679766655 0
1570183886464 0.09427598863840103 0
1570183888498 0.09939223527908325 0
1570183890114 0.09944535791873932 0
1570183891766 0.10694563388824463 0
1570183893334 0.07777164876461029 0
1570183894969 0.1287761926651001 0
1570183896530 0.09541372954845428 0
1570183898039 0.0791131779551506 0
1570183899725 0.10438038408756256 0
1570183901328 0.15642637014389038 0
1570183903035 0.060145553201436996 0
1570183904690 0.13206174969673157 0
1570183906719 0.1081346943974495 0
1570183908788 0.05821504071354866 0
1570183910789 0.07536377757787704 0
1570183912668 0.09711092710494995 0
1570183914417 0.12107345461845398 0
1570183916059 0.12023913860321045 0
1570183917811 0.11355996131896973 0
1570183919801 0.09786441922187805 0
1570183921611 0.05731568485498428 0
1570183923525 0.07299567013978958 0
1570183925135 0.12564709782600403 0
1570183926714 0.0931798443198204 0
1570183928371 0.11303289234638214 0
1570183930483 0.09003044664859772 0
1570183932169 0.10397721081972122 0
1570183934145 0.10784581303596497 0
1570183936144 0.07532704621553421 0
1570183937786 0.10371596366167068 0
1570183939598 0.09923502802848816 0
1570183941606 0.08671164512634277 0
1570183943776 0.09239090979099274 0
1570183945595 0.09281457960605621 0
1570183947696 0.11163255572319031 0
1570183949379 0.14443673193454742 0
1570183951232 0.08380116522312164 0
1570183953353 0.14798510074615479 0
1570183955228 0.0976458489894867 0
1570183956917 0.07610131800174713 0
1570183958636 0.07274408638477325 0
1570183960551 0.08799855411052704 0
1570183962596 0.08353126049041748 0
1570183964834 0.09243897348642349 0
1570183966792 0.1102280467748642 0
1570183968513 0.08050365746021271 0
1570183970300 0.1344965696334839 0
1570183972092 0.12338290363550186 0
1570183974543 0.16941606998443604 0
1570183976513 0.1333436369895935 0
1570183978534 0.13093578815460205 0
1570183980483 0.06059388816356659 0
1570183982705 0.12239514291286469 0
1570183984254 0.13336865603923798 0
1570183986128 0.1128929853439331 0
1570183988013 0.06706959754228592 0
1570183990015 0.061072953045368195 0
1570183992114 0.09918975085020065 0
1570183993747 0.08680941164493561 0
1570183995507 0.08711724728345871 0
1570183997555 0.10322070121765137 0
1570183999278 0.12114498019218445 0
1570184001350 0.10843080282211304 0
1570184002963 0.1031445860862732 0
1570184004507 0.09915084391832352 0
1570184006595 0.16166529059410095 0
1570184008500 0.11414052546024323 0
1570184010789 0.1118844673037529 0
1570184012570 0.08948208391666412 0
1570184014450 0.077446848154068 0
1570184016487 0.08129873871803284 0
1570184018264 0.10026270151138306 0
1570184020107 0.09128968417644501 0
1570184021975 0.1119692325592041 0
1570184023743 0.10574978590011597 0
1570184025452 0.07585874944925308 0
1570184027790 0.08612700551748276 0
1570184029850 0.06931649148464203 0
1570184031997 0.09711194783449173 0
1570184034064 0.08248116075992584 0
1570184035945 0.10646975040435791 0
1570184037656 0.06940621137619019 0
1570184039404 0.11541131138801575 0
1570184041489 0.06089220941066742 0
1570184043502 0.12133646756410599 0
1570184045260 0.0729864239692688 0
1570184047317 0.10608094185590744 0
1570184048993 0.11631117016077042 0
1570184050823 0.09783384203910828 0
1570184052813 0.1308201253414154 0
1570184054545 0.12797865271568298 0
1570184056811 0.07847181707620621 0
1570184058804 0.13695251941680908 0
1570184060978 0.06708795577287674 0
1570184063056 0.07161275297403336 0
1570184064823 0.07325610518455505 0
1570184066572 0.06102212518453598 0
1570184068140 0.14604036509990692 0
1570184069890 0.05438560992479324 0
1570184071807 0.05925793573260307 0
1570184073436 0.12093687057495117 0
1570184074927 0.1073610857129097 0
1570184076574 0.16669726371765137 0
1570184078239 0.10452095419168472 0
1570184079867 0.10888639837503433 0
1570184081542 0.09886718541383743 0
1570184083247 0.08169397711753845 0
1570184085036 0.11070207506418228 0
1570184086637 0.10155525803565979 0
1570184088302 0.12902650237083435 0
1570184089970 0.09656491130590439 0
1570184091618 0.10875913500785828 0
1570184093564 0.1158566102385521 0
1570184095687 0.1556779146194458 0
1570184097350 0.06741774827241898 0
1570184098890 0.08958259969949722 0
1570184100497 0.07618116587400436 0
1570184102127 0.09967440366744995 0
1570184103823 0.09115399420261383 0
1570184105488 0.12469308078289032 0
1570184107267 0.11639232933521271 0
1570184108957 0.12108481675386429 0
1570184110598 0.08373941481113434 0
1570184112652 0.12573941051959991 0
1570184114577 0.1184006929397583 0
1570184116554 0.08375672996044159 0
1570184118607 0.15122215449810028 0
1570184120841 0.09191005676984787 0
1570184122512 0.07615415006875992 0
1570184124138 0.08909916877746582 0
1570184125771 0.10209652036428452 0
1570184127666 0.07648811489343643 0
1570184129873 0.1216147243976593 0
1570184131960 0.12307026982307434 0
1570184133824 0.06680687516927719 0
1570184135849 0.08263085782527924 0
1570184137765 0.06504149734973907 0
1570184139379 0.0767248272895813 0
1570184141230 0.139059916138649 0
1570184142978 0.08341102302074432 0
1570184144558 0.11319279670715332 0
1570184146269 0.10788185894489288 0
1570184148056 0.09846080839633942 0
1570184150203 0.07332800328731537 0
1570184152194 0.09558193385601044 0
1570184153977 0.10011999309062958 0
1570184155981 0.061236169189214706 0
1570184158251 0.08981554210186005 0
1570184159835 0.10703958570957184 0
1570184162065 0.10134550929069519 0
1570184164128 0.09641186892986298 0
1570184165932 0.11396503448486328 0
1570184168143 0.157958522439003 0
1570184169873 0.09395159780979156 0
1570184172047 0.08039652556180954 0
1570184174058 0.12461067736148834 0
1570184175972 0.06820524483919144 0
1570184178269 0.07206486165523529 0
1570184180137 0.1101851537823677 0
1570184182350 0.07730350643396378 0
1570184184440 0.12930017709732056 0
1570184186266 0.11543738842010498 0
1570184188053 0.1252242773771286 0
1570184189954 0.11109913140535355 0
1570184191980 0.06200961768627167 0
1570184193982 0.08576254546642303 0
1570184195738 0.07621470093727112 0
1570184197685 0.1027761846780777 0
1570184199951 0.08023158460855484 0
1570184201919 0.07363466918468475 0
1570184204337 0.10883988440036774 0
1570184206394 0.11534123122692108 0
1570184208465 0.08333330601453781 0
1570184210307 0.11603324115276337 0
1570184211976 0.09213584661483765 0
1570184214037 0.09551047533750534 0
1570184216045 0.11957904696464539 0
1570184217733 0.08749016374349594 0
1570184219517 0.09144751727581024 0
1570184221394 0.03993537276983261 0
1570184223438 0.05462649464607239 0
1570184225258 0.1011807918548584 0
1570184227371 0.092546746134758 0
1570184229518 0.08146854490041733 0
1570184231664 0.0986671969294548 0
1570184233584 0.11037291586399078 0
1570184235289 0.08062142133712769 0
1570184237245 0.04200069606304169 0
1570184239123 0.10001607239246368 0
1570184241088 0.125740647315979 0
1570184242954 0.08000505715608597 0
1570184244705 0.1173434853553772 0
1570184246767 0.07393664121627808 0
1570184248755 0.04713526740670204 0
1570184250969 0.10082266479730606 0
1570184252862 0.10084544122219086 0
1570184254557 0.0831802561879158 0
1570184256638 0.09761416912078857 0
1570184258466 0.11574801802635193 0
1570184260503 0.060184404253959656 0
1570184262694 0.08685042709112167 0
1570184264620 0.22203457355499268 0
1570184266585 0.1258743703365326 0
1570184268538 0.09036196768283844 0
1570184270584 0.14670169353485107 0
1570184272511 0.08933297544717789 0
1570184274378 0.07692544907331467 0
1570184276279 0.12512698769569397 0
1570184278511 0.12417085468769073 0
1570184280464 0.07724382728338242 0
1570184282073 0.06996160000562668 0
1570184283794 0.11051977425813675 0
1570184285539 0.06748272478580475 0
1570184287459 0.08635587990283966 0
1570184289340 0.11679860949516296 0
1570184291116 0.13426390290260315 0
1570184292938 0.08298508822917938 0
1570184294952 0.08881497383117676 0
1570184296775 0.07042618095874786 0
1570184298839 0.11193086951971054 0
1570184300908 0.10814942419528961 0
1570184302761 0.07896934449672699 0
1570184304603 0.10344009101390839 0
1570184306717 0.11553995311260223 0
1570184308873 0.13543333113193512 0
1570184311242 0.11998144537210464 0
1570184313055 0.08973053842782974 0
1570184315156 0.0773516520857811 0
1570184317066 0.07026307284832001 0
1570184318961 0.08137711882591248 0
1570184320921 0.0901632010936737 0
1570184323004 0.0895148515701294 0
1570184324932 0.12725001573562622 0
1570184327214 0.1086215153336525 0
1570184329090 0.05770307779312134 0
1570184331226 0.124472975730896 0
1570184333409 0.10010521113872528 0
1570184335279 0.10002155601978302 0
1570184337410 0.08549413830041885 0
1570184339479 0.12337686121463776 0
1570184341522 0.07760459184646606 0
1570184343588 0.06366482377052307 0
1570184345429 0.14722475409507751 0
1570184347157 0.09847727417945862 0
1570184349209 0.09017462283372879 0
1570184351034 0.11386454105377197 0
1570184353171 0.07509385049343109 0
1570184355148 0.10392940789461136 0
1570184356940 0.07287469506263733 0
1570184359102 0.13088345527648926 0
1570184361047 0.09371805936098099 0
1570184362942 0.12409103661775589 0
1570184364982 0.06830233335494995 0
1570184367080 0.09792517870664597 0
1570184368773 0.12109021842479706 0
1570184370875 0.1043216809630394 0
1570184372901 0.1585243046283722 0
1570184374502 0.09804721176624298 0
1570184376264 0.08270429819822311 0
1570184378395 0.10337431728839874 0
1570184380077 0.08979009091854095 0
1570184381784 0.07635973393917084 0
1570184383634 0.10678461194038391 0
1570184385635 0.07907326519489288 0
1570184387636 0.08117042481899261 0
1570184389480 0.08770933002233505 0
1570184391450 0.08709871768951416 0
1570184393643 0.11456941068172455 0
1570184395499 0.06832554936408997 0
1570184397575 0.0768091231584549 0
1570184399608 0.11552362143993378 0
1570184401298 0.11933533847332001 0
1570184403068 0.1006089597940445 0
1570184405020 0.1125415489077568 0
1570184406673 0.10714114457368851 0
1570184408609 0.058817096054553986 0
1570184410500 0.07696904242038727 0
1570184412275 0.09986251592636108 0
1570184414497 0.06535659730434418 0
1570184416425 0.10973525792360306 0
1570184418330 0.11480794847011566 0
1570184420255 0.06510821729898453 0
1570184422008 0.14584805071353912 0
1570184423823 0.11380264163017273 0
1570184425943 0.08067482709884644 0
1570184427850 0.07151246070861816 0
1570184429882 0.09666545689105988 0
1570184431944 0.07567440718412399 0
1570184433686 0.10523262619972229 0
1570184435778 0.09872860461473465 0
1570184437778 0.06674056500196457 0
1570184439492 0.105706587433815 0
1570184441193 0.0748300552368164 0
1570184443034 0.12297748774290085 0
1570184444700 0.0933452844619751 0
1570184446655 0.10533501952886581 0
1570184448508 0.04141829162836075 0
1570184450250 0.08299098163843155 0
1570184452558 0.046478502452373505 0
1570184454586 0.11732025444507599 0
1570184456498 0.08302301168441772 0
1570184458299 0.13964225351810455 0
1570184460106 0.16312579810619354 0
1570184462023 0.08771216869354248 0
1570184463642 0.09485095739364624 0
1570184465507 0.0859522819519043 0
1570184467737 0.11352051049470901 0
1570184469448 0.10585661232471466 0
1570184471217 0.08066094666719437 0
1570184472985 0.08142032474279404 0
1570184474768 0.10273487120866776 0
1570184476786 0.11770637333393097 0
1570184478587 0.10122214257717133 0
1570184480519 0.07396578043699265 0
1570184482644 0.08045854419469833 0
1570184484561 0.07128551602363586 0
1570184486434 0.11320364475250244 0
1570184488642 0.11778075993061066 0
1570184490455 0.07412828505039215 0
1570184492543 0.0679466649889946 0
1570184494443 0.08365947753190994 0
1570184496380 0.16733601689338684 0
1570184498515 0.08558282256126404 0
1570184500415 0.08632470667362213 0
1570184502382 0.11314325034618378 0
1570184504304 0.12272947281599045 0
1570184505999 0.11135390400886536 0
1570184507672 0.055232368409633636 0
1570184509663 0.06546930968761444 0
1570184511519 0.06487037241458893 0
1570184513348 0.07160605490207672 0
1570184515539 0.14330998063087463 0
1570184517646 0.048233162611722946 0
1570184519739 0.028766797855496407 0
1570184521757 0.08532755821943283 0
1570184523521 0.1455225646495819 0
1570184525321 0.07724402099847794 0
1570184527248 0.1104225292801857 0
1570184529074 0.09756068140268326 0
1570184531223 0.10562615841627121 0
1570184533020 0.09224538505077362 0
1570184534820 0.08521649986505508 0
1570184536982 0.0889996588230133 0
1570184538794 0.05298565328121185 0
1570184540763 0.0952172726392746 0
1570184542691 0.08709292113780975 0
1570184544572 0.13662096858024597 0
1570184546709 0.08928564190864563 0
1570184548652 0.1302230805158615 0
1570184550364 0.1734517514705658 0
1570184552677 0.07485432922840118 0
1570184554738 0.07715309411287308 0
1570184556608 0.1153380423784256 0
1570184558560 0.09728386253118515 0
1570184560362 0.0970124900341034 0
1570184562726 0.062099650502204895 0
1570184564927 0.06912103295326233 0
1570184566736 0.10836154967546463 0
1570184568812 0.08195662498474121 0
1570184571009 0.14645542204380035 0
1570184573048 0.08264411985874176 0
1570184575164 0.11583076417446136 0
1570184577153 0.09830345213413239 0
1570184579101 0.12690383195877075 0
1570184581357 0.09783495962619781 0
1570184583573 0.11829356104135513 0
1570184585816 0.10358357429504395 0
1570184587785 0.09048216044902802 0
1570184589766 0.12123435735702515 0
1570184591964 0.08702386915683746 0
1570184593784 0.12580937147140503 0
1570184595633 0.09410996735095978 0
1570184597876 0.07910509407520294 0
1570184599726 0.1111786887049675 0
1570184601775 0.08926890045404434 0
1570184603957 0.05501915141940117 0
1570184605692 0.0844193547964096 0
1570184607812 0.11767055094242096 0
1570184609711 0.06906722486019135 0
1570184611682 0.07594134658575058 0
1570184613970 0.11703675985336304 0
1570184616004 0.062199994921684265 0
1570184618180 0.08088222146034241 0
1570184620314 0.1349286288022995 0
1570184622517 0.08054803311824799 0
1570184624731 0.058349281549453735 0
1570184626935 0.07993839681148529 0
1570184628882 0.09881184995174408 0
1570184631273 0.11000324040651321 0
1570184633340 0.06565908342599869 0
1570184635301 0.05813555791974068 0
1570184637501 0.08502677083015442 0
1570184639697 0.2145540714263916 0
1570184641987 0.123483806848526 0
1570184643814 0.1262635439634323 0
1570184645605 0.09515263140201569 0
1570184647692 0.1213577538728714 0
1570184649761 0.07275832444429398 0
1570184652164 0.09382021427154541 0
1570184654060 0.14088186621665955 0
1570184655881 0.061324916779994965 0
1570184658121 0.10869798064231873 0
1570184660145 0.07303862273693085 0
1570184662116 0.08044780045747757 0
1570184664268 0.08964069187641144 0
1570184666395 0.08337993919849396 0
1570184668666 0.08288948237895966 0
1570184670650 0.15188011527061462 0
1570184672671 0.07630866765975952 0
1570184674518 0.10956504940986633 0
1570184676245 0.08025455474853516 0
1570184678184 0.08550891280174255 0
1570184680273 0.08823907375335693 0
1570184682064 0.06460423767566681 0
1570184684182 0.07166539132595062 0
1570184686165 0.17772340774536133 0
1570184688467 0.07285375148057938 0
1570184690563 0.05885593593120575 0
1570184692332 0.11741986125707626 0
1570184694559 0.0774763971567154 0
1570184696444 0.11696641147136688 0
1570184698605 0.07337718456983566 0
1570184700801 0.11535638570785522 0
1570184702994 0.12422748655080795 0
1570184705161 0.06909041851758957 0
1570184707275 0.0830027163028717 0
1570184709143 0.11396926641464233 0
1570184710851 0.1273941546678543 0
1570184712842 0.10863970220088959 0
1570184714861 0.07353973388671875 0
1570184716921 0.13411995768547058 0
1570184718894 0.10270361602306366 0
1570184720985 0.12192653119564056 0
1570184723220 0.09781915694475174 0
1570184725246 0.10096047073602676 0
1570184727231 0.0908699631690979 0
1570184729485 0.06650928407907486 0
1570184731311 0.10434214770793915 0
1570184733309 0.05980374664068222 0
1570184735293 0.0770220085978508 0
1570184737401 0.09752161800861359 0
1570184739916 0.08566641062498093 0
1570184741958 0.09173832833766937 0
1570184744171 0.08797590434551239 0
1570184746330 0.07690653204917908 0
1570184748358 0.06462577730417252 0
1570184750630 0.07445862889289856 0
1570184752793 0.04476068913936615 0
1570184754755 0.093485526740551 0
1570184757027 0.09154318273067474 0
1570184758905 0.12178806960582733 0
1570184760730 0.06661975383758545 0
1570184762550 0.07192538678646088 0
1570184764375 0.11752574145793915 0
1570184766207 0.11852242052555084 0
1570184768393 0.07216795533895493 0
1570184770496 0.13016314804553986 0
1570184772309 0.0929969921708107 0
1570184774419 0.1358942985534668 0
1570184776494 0.13810628652572632 0
1570184778616 0.12733356654644012 0
1570184780621 0.08056501299142838 0
1570184782570 0.056336335837841034 0
1570184784968 0.14158529043197632 0
1570184787372 0.07627763599157333 0
1570184789230 0.0737459808588028 0
1570184791150 0.07506944984197617 0
1570184793156 0.056864142417907715 0
1570184795500 0.1695442795753479 0
1570184797831 0.1595924198627472 0
1570184799607 0.12650111317634583 0
1570184801604 0.11504808068275452 0
1570184803828 0.07798279821872711 0
1570184805846 0.09153307974338531 0
1570184808141 0.1046212911605835 0
1570184810145 0.02890554815530777 0
1570184812283 0.1039341539144516 0
1570184814417 0.061166346073150635 0
1570184816532 0.1325482875108719 0
1570184818837 0.12068837136030197 0
1570184821221 0.11459062993526459 0
1570184823266 0.0708446204662323 0
1570184825428 0.09430600702762604 0
1570184827476 0.10520026087760925 0
1570184829293 0.051205024123191833 0
1570184831236 0.10605349391698837 0
1570184833151 0.07602638006210327 0
1570184835203 0.13030117750167847 0
1570184837158 0.10228527337312698 0
1570184839336 0.08644188940525055 0
1570184841630 0.1784897744655609 0
1570184843566 0.104273721575737 0
1570184845636 0.08509610593318939 0
1570184847753 0.10029500722885132 0
1570184849504 0.05964379757642746 0
1570184851467 0.07639667391777039 0
1570184853450 0.11881719529628754 0
1570184855322 0.09128665924072266 0
1570184857722 0.14185191690921783 0
1570184859734 0.08904849737882614 0
1570184862246 0.07489282637834549 0
1570184864526 0.15680088102817535 0
1570184866294 0.11420995742082596 0
1570184868194 0.0989546924829483 0
1570184870215 0.08729023486375809 0
1570184872460 0.11156316101551056 0
1570184874861 0.1274193674325943 0
1570184877057 0.0928155779838562 0
1570184879319 0.10255033522844315 0
1570184881479 0.13382329046726227 0
1570184883559 0.08513664454221725 0
1570184885830 0.12223675847053528 0
1570184887733 0.0811019167304039 0
1570184889579 0.1083182692527771 0
1570184891478 0.0965598002076149 0
1570184893712 0.08234165608882904 0
1570184896045 0.06811521202325821 0
1570184898289 0.0839049369096756 0
1570184900433 0.09561383724212646 0
1570184902480 0.11232797801494598 0
1570184904090 0.07664311677217484 0
