1570182424912 3.6415717601776123 0
1570182426481 3.3530592918395996 0
1570182427807 2.8626132011413574 0
1570182429177 3.1046292781829834 0
1570182430570 2.626361131668091 0
1570182431967 2.6131885051727295 0
1570182433144 3.531930446624756 0
1570182434449 3.1326935291290283 0
1570182435936 3.3667171001434326 0
1570182437436 2.967162609100342 0
1570182438919 2.8769819736480713 0
1570182440236 2.885047435760498 0
1570182441668 2.699946165084839 0
1570182443038 2.18466854095459 0
1570182444504 2.379136323928833 0
1570182445873 2.3046486377716064 0
1570182447260 3.1222949028015137 0
1570182448560 2.860313892364502 0
1570182449945 2.4200079441070557 0
1570182451326 2.8320934772491455 0
1570182452725 2.5658693313598633 0
1570182453970 2.5837390422821045 0
1570182455595 2.5301520824432373 0
1570182457197 2.579465627670288 0
1570182458642 2.3548858165740967 0
1570182459967 2.5040507316589355 0
1570182461344 2.6336474418640137 0
1570182462825 2.362924814224243 0
1570182464206 2.4941630363464355 0
1570182465545 2.688556432723999 0
1570182466824 2.470109224319458 0
1570182468120 2.375269889831543 0
1570182469525 2.334181308746338 0
1570182471182 2.390845775604248 0
1570182472732 2.551691770553589 0
1570182474185 2.6612391471862793 0
1570182475734 2.601511240005493 0
1570182476989 2.0008625984191895 0
1570182478172 2.619515895843506 0
1570182479462 2.121828556060791 0
1570182480706 2.4723503589630127 0
1570182481975 2.5615570545196533 0
1570182483374 2.671778917312622 0
1570182484898 2.384615421295166 0
1570182486388 2.3103156089782715 0
1570182487699 2.083019971847534 0
1570182488937 2.28570294380188 0
1570182490330 2.2902719974517822 0
1570182491752 2.643976926803589 0
1570182493182 2.4392952919006348 0
1570182494420 2.4638466835021973 0
1570182495700 1.9796149730682373 0
1570182497222 2.394162178039551 0
1570182498555 2.1722991466522217 0
1570182499883 2.293714761734009 0
1570182501225 2.6447737216949463 0
1570182502536 2.276416540145874 0
1570182503914 2.1574149131774902 0
1570182505291 2.2354378700256348 0
1570182506743 2.052798271179199 0
1570182508255 2.4350340366363525 0
1570182509800 2.2661266326904297 0
1570182511381 2.412321090698242 0
1570182512801 2.1927504539489746 0
1570182514246 2.3338310718536377 0
1570182515478 1.9292469024658203 0
1570182516754 2.317945957183838 0
1570182518033 2.2346739768981934 0
1570182519282 2.3599140644073486 0
1570182520750 2.387957811355591 0
1570182522143 1.9787020683288574 0
1570182523474 2.371307134628296 0
1570182524834 2.399766683578491 0
1570182526265 2.557889223098755 0
1570182527587 2.4858641624450684 0
1570182528825 2.0816497802734375 0
1570182530031 2.182513952255249 0
1570182531447 2.1813223361968994 0
1570182532970 1.8963552713394165 0
1570182534362 1.9518824815750122 0
1570182535669 2.1596226692199707 0
1570182537288 2.2774853706359863 0
1570182538776 2.255725860595703 0
1570182540157 2.3951568603515625 0
1570182541722 2.172748327255249 0
1570182543117 1.9498389959335327 0
1570182544554 2.0356969833374023 0
1570182545837 2.191749095916748 0
1570182547476 1.9214727878570557 0
1570182548804 2.1764960289001465 0
1570182550370 1.8674110174179077 0
1570182552035 1.8676068782806396 0
1570182553478 2.235891819000244 0
1570182554803 2.014039993286133 0
1570182556350 1.9460335969924927 0
1570182557911 1.9989256858825684 0
1570182559347 2.088120698928833 0
1570182560540 1.8938488960266113 0
1570182562320 2.363473415374756 0
1570182563925 2.052215814590454 0
1570182565444 1.9407206773757935 0
1570182567038 2.12668776512146 0
1570182568473 1.6777623891830444 0
1570182569808 1.903233289718628 0
1570182571120 1.674221396446228 0
1570182573186 1.9487736225128174 0
1570182574598 2.2137200832366943 0
1570182576130 1.9534285068511963 0
1570182577681 2.1755428314208984 0
1570182579312 1.7731351852416992 0
1570182580601 2.0288970470428467 0
1570182582010 1.6934207677841187 0
1570182583538 1.92997145652771 0
1570182585010 1.8069837093353271 0
1570182587818 1.7896455526351929 0
1570182589261 1.568798303604126 0
1570182590583 1.9055370092391968 0
1570182592173 2.025231122970581 0
1570182593720 2.0171146392822266 0
1570182595121 1.994006633758545 0
1570182596729 1.658286213874817 0
1570182598162 2.14064884185791 0
1570182599725 2.0626697540283203 0
1570182601276 1.8514827489852905 0
1570182602825 2.097041130065918 0
1570182604291 1.888047218322754 0
1570182605606 1.7730485200881958 0
1570182607101 1.6433122158050537 0
1570182608737 1.6938236951828003 0
1570182610240 1.6942541599273682 0
1570182611804 1.6193076372146606 0
1570182613460 1.9269750118255615 0
1570182614832 1.7404080629348755 0
1570182616269 1.768957257270813 0
1570182617919 1.5828665494918823 0
1570182619526 2.1132285594940186 0
1570182621080 1.7445613145828247 0
1570182622526 1.634364128112793 0
1570182623903 1.7118626832962036 0
1570182625245 1.9900667667388916 0
1570182626561 1.7670159339904785 0
1570182628141 1.9203064441680908 0
1570182629689 1.4544204473495483 0
1570182631300 1.6672199964523315 0
1570182632646 1.9186031818389893 0
1570182634116 1.709545373916626 0
1570182635726 1.6842480897903442 0
1570182637261 1.5424349308013916 0
1570182638808 1.8146063089370728 0
1570182640197 1.7044174671173096 0
1570182641704 1.7809444665908813 0
1570182643179 1.862135887145996 0
1570182644749 1.7360286712646484 0
1570182646096 2.180814027786255 0
1570182647536 2.0178325176239014 0
1570182648965 1.8420361280441284 0
1570182650491 1.8619818687438965 0
1570182652198 1.944963812828064 0
1570182653610 1.5137369632720947 0
1570182654940 1.8101623058319092 0
1570182656309 2.1311535835266113 0
1570182658956 1.7541316747665405 0
1570182660243 1.6607561111450195 0
1570182661655 1.4835410118103027 0
1570182663066 1.7214628458023071 0
1570182664475 1.4695494174957275 0
1570182666004 1.4675294160842896 0
1570182667435 1.6523021459579468 0
1570182668990 1.7287472486495972 0
1570182670446 1.787781834602356 0
1570182672131 1.6416490077972412 0
1570182673833 1.652082085609436 0
1570182675457 1.591529369354248 0
1570182676837 1.5840216875076294 0
1570182678239 1.5172746181488037 0
1570182679662 1.6192697286605835 0
1570182681117 1.5900667905807495 0
1570182682710 1.5471616983413696 0
1570182684442 1.8893574476242065 0
1570182686018 1.5174317359924316 0
1570182687364 1.4975101947784424 0
1570182688804 1.7105892896652222 0
1570182690170 1.4993754625320435 0
1570182691609 1.814771294593811 0
1570182693235 1.5278186798095703 0
1570182694820 2.2420568466186523 0
1570182696131 1.5439255237579346 0
1570182697596 1.4343771934509277 0
1570182699090 2.039433002471924 0
1570182700734 1.4180649518966675 0
1570182702521 1.8460164070129395 0
1570182704141 1.3272861242294312 0
1570182705425 1.517643690109253 0
1570182706868 1.6522018909454346 0
1570182708333 1.5639044046401978 0
1570182709886 1.4861953258514404 0
1570182711524 1.604945182800293 0
1570182713158 1.594199776649475 0
1570182714437 1.7206979990005493 0
1570182715776 1.766620397567749 0
1570182717291 1.3636550903320312 0
1570182718825 1.6086469888687134 0
1570182720391 1.6200145483016968 0
1570182721859 1.4054977893829346 0
1570182723447 1.4840805530548096 0
1570182724972 1.4873309135437012 0
1570182726445 1.397162675857544 0
1570182727701 1.5499061346054077 0
1570182729196 1.5665420293807983 0
1570182730641 1.7293661832809448 0
1570182731955 1.5341848134994507 0
1570182733226 1.3466583490371704 0
1570182734571 1.6622339487075806 0
1570182735958 1.4356986284255981 0
1570182738278 1.4952733516693115 0
1570182739530 1.8408386707305908 0
1570182740898 1.3399956226348877 0
1570182742274 1.7796127796173096 0
1570182743800 1.761767864227295 0
1570182745298 1.3327534198760986 0
1570182746879 1.6424331665039062 0
1570182748511 1.5339910984039307 0
1570182750074 1.2517508268356323 0
1570182751771 1.2937116622924805 0
1570182753393 1.5548447370529175 0
1570182754902 1.8002493381500244 0
1570182756509 1.5227546691894531 0
1570182758104 1.5918728113174438 0
1570182759511 1.8010096549987793 0
1570182760891 1.7651695013046265 0
1570182762558 1.8024975061416626 0
1570182764159 1.4370845556259155 0
1570182765559 1.3811657428741455 0
1570182767220 1.4929940700531006 0
1570182768871 1.73429536819458 0
1570182770337 1.685048222541809 0
1570182771751 1.4478718042373657 0
1570182773005 1.283024787902832 0
1570182774426 1.1753597259521484 0
1570182775759 1.3404461145401 0
1570182777381 1.4567797183990479 0
1570182778755 1.577372670173645 0
1570182780190 1.498430609703064 0
1570182781454 1.438339352607727 0
1570182782933 1.7908623218536377 0
1570182784433 1.418875813484192 0
1570182785831 1.6556109189987183 0
1570182787319 1.4680942296981812 0
1570182788773 1.2264928817749023 0
1570182790174 1.4482601881027222 0
1570182791654 1.406123399734497 0
1570182793151 1.451170563697815 0
1570182794519 1.3355132341384888 0
1570182795907 1.0920730829238892 0
1570182797501 1.788632869720459 0
1570182799088 1.3789860010147095 0
1570182800600 1.7814679145812988 0
1570182802276 1.1901768445968628 0
1570182803965 1.2323832511901855 0
1570182805623 1.8136518001556396 0
1570182807273 1.5330634117126465 0
1570182808680 1.4961366653442383 0
1570182810127 1.3623061180114746 0
1570182811658 1.3416850566864014 0
1570182813187 1.4447522163391113 0
1570182814550 1.4320061206817627 0
1570182816227 1.4100252389907837 0
1570182817704 1.5315203666687012 0
1570182819368 1.1946126222610474 0
1570182820981 1.3291374444961548 0
1570182822697 1.4442164897918701 0
1570182824296 1.247159719467163 0
1570182825631 1.6017587184906006 0
1570182827061 1.4599672555923462 0
1570182828514 1.321547508239746 0
1570182829855 1.337101936340332 0
1570182831187 1.2074110507965088 0
1570182832558 1.561851143836975 0
1570182834262 1.3940246105194092 0
1570182835961 1.449769377708435 0
1570182837307 1.0751179456710815 0
1570182838634 1.3251246213912964 0
1570182840216 1.4535330533981323 0
1570182841780 1.5609490871429443 0
1570182843457 1.5974098443984985 0
1570182845121 1.634382963180542 0
1570182846407 1.2063701152801514 0
1570182849135 1.4076876640319824 0
1570182850736 1.5552858114242554 0
1570182852317 1.316152811050415 0
1570182853878 1.4698220491409302 0
1570182855166 1.4710867404937744 0
1570182856517 1.1365865468978882 0
1570182858353 0.9748122096061707 0
1570182859665 1.682523250579834 0
1570182861030 1.5014317035675049 0
1570182862395 1.1630884408950806 0
1570182863766 1.5654559135437012 0
1570182865422 1.4433461427688599 0
1570182867058 1.3306950330734253 0
1570182868703 1.4476293325424194 0
1570182870328 1.3584223985671997 0
1570182871982 1.3810254335403442 0
1570182873585 1.286033272743225 0
1570182874985 1.5450854301452637 0
1570182876482 1.268209457397461 0
1570182877794 1.4075146913528442 0
1570182879214 1.6178417205810547 0
1570182880634 1.1807408332824707 0
1570182882046 1.1072129011154175 0
1570182883614 1.579517126083374 0
1570182885065 1.3331547975540161 0
1570182886455 1.3584749698638916 0
1570182888073 1.522594690322876 0
1570182889578 1.1674199104309082 0
1570182891385 1.3724172115325928 0
1570182892864 1.3225867748260498 0
1570182894160 1.609631061553955 0
1570182895464 1.4106534719467163 0
1570182896902 1.1773544549942017 0
1570182898300 1.3490965366363525 0
1570182899728 1.3138329982757568 0
1570182902054 1.5405312776565552 0
1570182903564 1.8634493350982666 0
1570182904956 1.2355815172195435 0
1570182906586 1.5167710781097412 0
1570182908077 1.0333454608917236 0
1570182909502 1.5104913711547852 0
1570182910885 1.5332770347595215 0
1570182912427 1.328830599784851 0
1570182914118 1.371061086654663 0
1570182915441 1.279223084449768 0
1570182916772 1.2748897075653076 0
1570182918217 1.2587709426879883 0
1570182919726 1.5966053009033203 0
1570182921126 1.2269986867904663 0
1570182922590 1.7764286994934082 0
1570182924070 1.7611119747161865 0
1570182925579 1.495290756225586 0
1570182927282 1.4450838565826416 0
1570182928656 1.3943959474563599 0
1570182930067 1.1960924863815308 0
1570182931683 1.208889126777649 0
1570182933183 1.2060356140136719 0
1570182934543 1.2048778533935547 0
1570182936254 1.3761283159255981 0
1570182937762 1.0916178226470947 0
1570182939273 1.2483121156692505 0
1570182940703 1.3234976530075073 0
1570182942116 1.1333519220352173 0
1570182943645 1.567973017692566 0
1570182945326 1.1909140348434448 0
1570182947014 1.4599124193191528 0
1570182948493 1.2614071369171143 0
1570182950106 1.2144707441329956 0
1570182951827 1.407576560974121 0
1570182953415 1.5243000984191895 0
1570182954873 1.2988017797470093 0
1570182956423 1.2443337440490723 0
1570182957971 1.4497007131576538 0
1570182959382 1.2180167436599731 0
1570182960927 1.2250723838806152 0
1570182962369 1.5265084505081177 0
1570182963606 1.1339033842086792 0
1570182964842 1.0855985879898071 0
1570182966075 1.2716010808944702 0
1570182967564 1.1371550559997559 0
1570182969052 1.0573136806488037 0
1570182970662 1.699491024017334 0
1570182972304 1.1414132118225098 0
1570182974064 1.6134494543075562 0
1570182975431 1.4449955224990845 0
1570182976882 1.261560320854187 0
1570182978324 1.4751207828521729 0
1570182979780 1.391013503074646 0
1570182981566 0.9515331983566284 0
1570182983138 1.1412780284881592 0
1570182984844 1.488308310508728 0
1570182986366 1.4403696060180664 0
1570182987674 1.3703969717025757 0
1570182989191 1.2767080068588257 0
1570182990810 1.1067726612091064 0
1570182992468 1.315903902053833 0
1570182994070 1.310757040977478 0
1570182995762 1.232874870300293 0
1570182997459 1.1420683860778809 0
1570182999352 1.2048215866088867 0
1570183001082 1.307860016822815 0
1570183002853 1.4496078491210938 0
1570183004423 1.3742200136184692 0
1570183006070 1.1352386474609375 0
1570183007556 1.426540493965149 0
1570183009087 1.518755316734314 0
1570183010489 0.9271183013916016 0
1570183011855 1.1957486867904663 0
1570183013466 1.5010566711425781 0
1570183015140 1.3248151540756226 0
1570183016607 1.1715623140335083 0
1570183017949 1.739693284034729 0
1570183019233 1.4775662422180176 0
1570183020759 1.2931978702545166 0
1570183022460 1.1625012159347534 0
1570183023970 1.3037688732147217 0
1570183025640 1.514201283454895 0
1570183027242 1.0499324798583984 0
1570183028507 1.2948594093322754 0
1570183029851 1.6858164072036743 0
1570183031308 1.4661647081375122 0
1570183032808 0.9782589673995972 0
1570183034469 1.4745373725891113 0
1570183035961 1.1911287307739258 0
1570183037499 1.236969232559204 0
1570183038811 1.1240118741989136 0
1570183040327 1.0731483697891235 0
1570183041664 1.4211069345474243 0
1570183043203 1.1868879795074463 0
1570183044926 1.2001389265060425 0
1570183046677 1.135697603225708 0
1570183048413 1.1555438041687012 0
1570183049923 1.1171119213104248 0
1570183051595 1.4764727354049683 0
1570183053083 1.5840288400650024 0
1570183054675 1.1032078266143799 0
1570183056297 1.1850247383117676 0
1570183058163 1.1792014837265015 0
1570183059645 1.320678949356079 0
1570183061101 1.5366630554199219 0
1570183062666 1.3117724657058716 0
1570183064340 1.196400761604309 0
1570183065894 1.0714213848114014 0
1570183067694 1.5088112354278564 0
1570183069248 0.9271095991134644 0
1570183070855 1.280259132385254 0
1570183072589 1.4257019758224487 0
1570183074356 1.1443307399749756 0
1570183076132 1.433210015296936 0
1570183077664 1.4147100448608398 0
1570183079257 1.3803532123565674 0
1570183080872 1.3921074867248535 0
1570183082605 1.0668861865997314 0
1570183084240 1.2653765678405762 0
1570183085776 1.440489649772644 0
1570183087235 1.2229057550430298 0
1570183088635 1.1958969831466675 0
1570183090164 1.2113933563232422 0
1570183091983 1.3129198551177979 0
1570183093694 1.3834902048110962 0
1570183095423 1.4557222127914429 0
1570183096794 1.219744324684143 0
1570183098450 0.726118266582489 0
1570183100099 1.1492786407470703 0
1570183101816 1.1362196207046509 0
1570183103521 1.3236390352249146 0
1570183105220 0.9910914301872253 0
1570183106971 1.1426796913146973 0
1570183108722 0.9941884279251099 0
1570183110424 1.390333652496338 0
1570183111993 1.4349122047424316 0
1570183113712 1.4290343523025513 0
1570183115614 1.1450637578964233 0
1570183117226 1.2318686246871948 0
1570183118785 1.280319094657898 0
1570183120488 1.03355073928833 0
1570183121938 1.6502591371536255 0
1570183123461 1.1521906852722168 0
1570183124897 1.4039058685302734 0
1570183126401 1.7485599517822266 0
1570183127990 1.1506338119506836 0
1570183129609 1.3232229948043823 0
1570183131105 0.8505038619041443 0
1570183132593 1.2639167308807373 0
1570183134039 1.3518867492675781 0
1570183135490 1.17143714427948 0
1570183137042 1.2739691734313965 0
1570183138649 1.4538408517837524 0
1570183140173 1.2010091543197632 0
1570183141727 1.202275276184082 0
1570183143222 1.010159969329834 0
1570183144867 1.3308813571929932 0
1570183146403 1.1022536754608154 0
1570183147962 1.5304069519042969 0
1570183149387 0.9903241395950317 0
1570183150956 1.4334170818328857 0
1570183152540 1.1814947128295898 0
1570183153914 1.3665752410888672 0
1570183155435 0.9506592750549316 0
1570183157009 1.1442629098892212 0
1570183158541 1.4590553045272827 0
1570183159960 1.227698564529419 0
1570183161620 1.1039273738861084 0
1570183163203 1.2880167961120605 0
1570183164910 1.3381990194320679 0
1570183166508 1.061580777168274 0
1570183167973 1.1570895910263062 0
1570183169485 1.1010842323303223 0
1570183171094 1.1161733865737915 0
1570183172752 1.2688769102096558 0
1570183174460 1.1117726564407349 0
1570183176080 1.1911441087722778 0
1570183177463 1.673061728477478 0
1570183179052 1.5274770259857178 0
1570183180495 1.0127832889556885 0
1570183182021 0.9935678839683533 0
1570183183532 1.0355530977249146 0
1570183185122 1.0695582628250122 0
1570183186666 1.451249122619629 0
1570183188158 1.3789700269699097 0
1570183190054 1.2501435279846191 0
1570183191954 1.1439684629440308 0
1570183193739 1.1370986700057983 0
1570183195192 1.6055399179458618 0
1570183196866 1.5665556192398071 0
1570183198529 1.3637797832489014 0
1570183199961 1.1076844930648804 0
1570183201444 1.2886676788330078 0
1570183203006 1.1235462427139282 0
1570183204448 1.1434556245803833 0
1570183205780 1.1311293840408325 0
1570183207130 1.2719253301620483 0
1570183208492 1.7194092273712158 0
1570183209895 1.3779082298278809 0
1570183211455 1.2856699228286743 0
1570183212861 1.4406205415725708 0
1570183214296 1.3522543907165527 0
1570183215671 1.2901679277420044 0
1570183217204 1.264823079109192 0
1570183218805 1.156777262687683 0
1570183220331 1.1844598054885864 0
1570183221838 1.0245519876480103 0
1570183223353 0.98268723487854 0
1570183224872 1.2727375030517578 0
1570183226380 1.153324842453003 0
1570183228299 1.561774730682373 0
1570183230193 1.08383047580719 0
1570183231946 1.2019259929656982 0
1570183233323 0.9754241704940796 0
1570183234840 1.279529333114624 0
1570183236451 0.9641337394714355 0
1570183237932 1.1239606142044067 0
1570183239353 0.8628780841827393 0
1570183240976 1.2602405548095703 0
1570183242877 1.2053276300430298 0
1570183244648 1.077130913734436 0
1570183246181 1.0570008754730225 0
1570183247704 1.5614964962005615 0
1570183249759 0.7810853123664856 0
1570183251239 1.1488200426101685 0
1570183252837 1.067498803138733 0
1570183254376 1.4287564754486084 0
1570183255976 1.2691975831985474 0
1570183257555 0.8783265948295593 0
1570183259197 0.9064788818359375 0
1570183260896 0.9724655747413635 0
1570183262390 0.9141104817390442 0
1570183264039 1.067705512046814 0
1570183265869 1.2751669883728027 0
1570183267398 1.0187935829162598 0
1570183269311 1.402335524559021 0
1570183271074 1.1528706550598145 0
1570183272714 1.77610182762146 0
1570183274275 1.1486916542053223 0
1570183276017 1.3156015872955322 0
1570183277752 1.4071952104568481 0
1570183279448 1.1554909944534302 0
1570183281174 1.2556707859039307 0
1570183282740 1.4445714950561523 0
1570183284429 1.1392889022827148 0
1570183286372 1.3340022563934326 0
1570183287920 0.8103300333023071 0
1570183289546 0.9723191857337952 0
1570183291107 1.330936074256897 0
1570183292771 0.9521676301956177 0
1570183294558 1.0615345239639282 0
1570183296442 1.0005913972854614 0
1570183298361 0.8715882897377014 0
1570183299913 1.339945673942566 0
1570183301438 1.0116809606552124 0
1570183303093 1.3687458038330078 0
1570183304871 0.9100942611694336 0
1570183306649 1.102034330368042 0
1570183308056 1.0340399742126465 0
1570183309855 1.0395333766937256 0
1570183311427 1.0729954242706299 0
1570183313298 1.0787241458892822 0
1570183315180 1.1084667444229126 0
1570183316771 1.1738919019699097 0
1570183318514 1.3974835872650146 0
1570183320412 1.0138704776763916 0
1570183322417 1.2157689332962036 0
1570183323831 1.338265299797058 0
1570183325486 1.0101661682128906 0
1570183327347 1.2632026672363281 0
1570183328997 1.4084945917129517 0
1570183330541 1.056174397468567 0
1570183332368 1.029683232307434 0
1570183334008 1.11431086063385 0
1570183335660 0.9227156043052673 0
1570183337458 1.5940487384796143 0
1570183339283 1.074805498123169 0
1570183340959 1.1049879789352417 0
1570183342544 1.5787211656570435 0
1570183344420 1.1862835884094238 0
1570183346146 1.6534817218780518 0
1570183347622 1.3905880451202393 0
1570183349150 1.0838767290115356 0
1570183350959 0.9713938236236572 0
1570183352704 1.2517045736312866 0
1570183354375 1.024943470954895 0
1570183356204 0.9401230812072754 0
1570183357861 0.7662703394889832 0
1570183359681 1.2056742906570435 0
1570183361559 0.9201393127441406 0
1570183363307 1.0780301094055176 0
1570183364940 0.8530007004737854 0
1570183366939 1.212466835975647 0
1570183368702 1.3916809558868408 0
1570183370337 1.4053068161010742 0
1570183372037 1.1279181241989136 0
1570183373838 1.1159604787826538 0
1570183375657 1.2318483591079712 0
1570183377574 1.1473218202590942 0
1570183379137 1.1099236011505127 0
1570183380901 1.3291648626327515 0
1570183382628 1.1733543872833252 0
1570183384589 1.1530871391296387 0
1570183386524 1.3687011003494263 0
1570183388018 0.8903402090072632 0
1570183389672 1.28127121925354 0
1570183391257 1.0546643733978271 0
1570183392916 1.0575491189956665 0
1570183394890 1.2742085456848145 0
1570183396834 1.2475298643112183 0
1570183398574 1.1915481090545654 0
1570183400509 1.403166651725769 0
1570183402460 0.9504985213279724 0
1570183404205 1.1130174398422241 0
1570183406120 0.9237956404685974 0
1570183407702 1.0946602821350098 0
1570183409683 1.0025830268859863 0
1570183411133 1.1611496210098267 0
1570183412819 1.2347642183303833 0
1570183414809 1.1731716394424438 0
1570183416641 1.1054469347000122 0
1570183418095 1.1818692684173584 0
1570183419707 1.145336389541626 0
1570183421152 0.9502673745155334 0
1570183422844 0.9425274729728699 0
1570183424505 1.1351969242095947 0
1570183426345 1.0845279693603516 0
1570183428011 1.3223170042037964 0
1570183429796 0.9914711713790894 0
1570183431454 1.1573103666305542 0
1570183433032 1.0644543170928955 0
1570183434763 0.9520663022994995 0
1570183436397 0.9470597505569458 0
1570183438198 0.9446635842323303 0
1570183439808 0.9314649701118469 0
1570183441591 0.8338416218757629 0
1570183443409 1.2401171922683716 0
1570183445011 1.3043667078018188 0
1570183446724 1.2681604623794556 0
1570183448679 1.230873465538025 0
1570183450124 1.057446837425232 0
1570183451677 1.2673311233520508 0
1570183453556 1.206722378730774 0
1570183455377 0.9923580288887024 0
1570183456910 1.3184128999710083 0
1570183458684 1.09354829788208 0
1570183460638 1.2701987028121948 0
1570183462303 1.2739496231079102 0
1570183463969 1.3715306520462036 0
1570183465829 0.9678679704666138 0
1570183467427 0.9941487312316895 0
1570183469076 1.0011060237884521 0
1570183471032 1.017055630683899 0
1570183472954 1.4012447595596313 0
1570183474715 1.2010271549224854 0
1570183476586 1.1316933631896973 0
1570183478186 1.050054907798767 0
1570183479666 1.0926647186279297 0
1570183481059 0.9836622476577759 0
1570183482813 1.051824927330017 0
1570183484615 1.3887525796890259 0
1570183486175 1.1152427196502686 0
1570183488111 0.89688640832901 0
1570183489777 1.3425571918487549 0
1570183491148 1.1063565015792847 0
1570183492918 1.2992773056030273 0
1570183494779 1.707781195640564 0
1570183496595 1.0706130266189575 0
1570183498228 0.9331119060516357 0
1570183499902 1.183555245399475 0
1570183501741 1.4046486616134644 0
1570183503241 1.016738772392273 0
1570183504902 0.9270576238632202 0
1570183506866 1.2591298818588257 0
1570183508451 1.391364336013794 0
1570183510134 1.094264268875122 0
1570183511994 0.912487804889679 0
1570183513801 0.9037695527076721 0
1570183515757 1.0707077980041504 0
1570183517777 1.0721136331558228 0
1570183519402 0.9697197079658508 0
1570183521092 0.9407328367233276 0
1570183523064 1.1831562519073486 0
1570183524868 1.1374181509017944 0
1570183526668 1.1475054025650024 0
1570183528051 1.252202033996582 0
1570183529753 1.168031930923462 0
1570183531223 1.2321943044662476 0
1570183532847 1.0379077196121216 0
1570183534474 0.9610834121704102 0
1570183536219 1.2097523212432861 0
1570183538253 1.0163954496383667 0
1570183540160 1.027586817741394 0
1570183541737 1.0395214557647705 0
1570183543246 1.374250054359436 0
1570183544830 1.121450662612915 0
1570183546597 0.7634450197219849 0
1570183548132 0.7572328448295593 0
1570183549963 1.1528352499008179 0
1570183551855 1.2361775636672974 0
1570183553572 0.988587498664856 0
1570183555323 0.9520155787467957 0
1570183557165 1.0576441287994385 0
1570183559066 0.9416290521621704 0
1570183561013 1.2601261138916016 0
1570183562964 0.9564952254295349 0
1570183564686 1.329010009765625 0
1570183566392 0.7022674083709717 0
1570183568326 1.0239622592926025 0
1570183569841 0.9336497187614441 0
1570183571402 0.9419391751289368 0
1570183573308 1.093881368637085 0
1570183575056 1.0427688360214233 0
1570183576950 1.105510950088501 0
1570183578686 1.2776235342025757 0
1570183580632 1.036539077758789 0
1570183582199 0.8837820887565613 0
1570183584151 1.2601933479309082 0
1570183586096 0.914325475692749 0
1570183587567 1.2127224206924438 0
1570183589227 0.891132652759552 0
1570183590993 0.9548190236091614 0
1570183592839 1.0109992027282715 0
1570183594397 0.8201425075531006 0
1570183596280 1.0005768537521362 0
1570183598071 1.2201765775680542 0
1570183599720 1.3420436382293701 0
1570183601300 0.9957863092422485 0
1570183603287 1.0999778509140015 0
1570183604971 1.0770795345306396 0
1570183606573 0.8615766763687134 0
1570183608349 0.9778457880020142 0
1570183610126 0.8103896379470825 0
1570183611793 1.1331167221069336 0
1570183613540 1.0430710315704346 0
1570183615494 0.9044657349586487 0
1570183617314 1.0823229551315308 0
1570183619364 0.9359650611877441 0
1570183621331 1.3808263540267944 0
1570183623038 1.0956083536148071 0
1570183624904 1.0274875164031982 0
1570183626524 1.0509583950042725 0
1570183628309 0.9647057056427002 0
1570183629989 1.2089821100234985 0
1570183631968 1.0813959836959839 0
1570183633689 0.8449118733406067 0
1570183635295 0.9614559412002563 0
1570183637217 1.2136540412902832 0
1570183639252 0.9839228987693787 0
1570183640805 1.3978902101516724 0
1570183642671 0.98956298828125 0
1570183644749 1.0240564346313477 0
1570183646489 1.3218201398849487 0
1570183648249 1.4022918939590454 0
1570183649899 1.2329504489898682 0
1570183651672 1.0203570127487183 0
1570183653385 1.2545926570892334 0
1570183655400 1.033107876777649 0
1570183656971 1.2615141868591309 0
1570183658446 0.9230303764343262 0
1570183660067 1.0093295574188232 0
1570183661908 1.0112218856811523 0
1570183663673 1.1369905471801758 0
1570183665775 0.9924235939979553 0
1570183667754 0.9544726610183716 0
1570183669194 1.3640906810760498 0
1570183671246 0.9389870166778564 0
1570183673299 0.8636583089828491 0
1570183674906 1.0153071880340576 0
1570183676632 1.0743464231491089 0
1570183678600 0.9802131652832031 0
1570183680253 1.385207176208496 0
1570183682040 0.7570952773094177 0
1570183684105 1.1187357902526855 0
1570183685792 0.9132398366928101 0
1570183687674 1.4130803346633911 0
1570183689674 1.4118170738220215 0
1570183691401 1.2218595743179321 0
1570183693113 0.8477405309677124 0
1570183695143 1.10052490234375 0
1570183696940 1.065245270729065 0
1570183698822 0.9076824188232422 0
1570183700906 1.1304731369018555 0
1570183702750 0.7610748410224915 0
1570183704307 1.1263666152954102 0
1570183706287 0.9565451145172119 0
1570183708218 1.1131950616836548 0
1570183709906 1.0618810653686523 0
1570183711736 1.0685557126998901 0
1570183713585 1.2897108793258667 0
1570183715185 0.9008504748344421 0
1570183717065 0.9074372053146362 0
1570183719048 1.053953766822815 0
1570183720895 1.2236849069595337 0
1570183722788 1.0660531520843506 0
1570183724928 0.829596996307373 0
1570183726620 1.117379903793335 0
1570183728303 1.084452748298645 0
1570183729942 1.0109297037124634 0
1570183731800 1.1154282093048096 0
1570183733479 0.9868835806846619 0
1570183735241 1.0469229221343994 0
1570183737041 1.0182762145996094 0
1570183738768 1.0787702798843384 0
1570183740762 0.9070389270782471 0
1570183742401 1.1265422105789185 0
1570183743985 1.2623202800750732 0
1570183745745 1.3218165636062622 0
1570183747529 1.2880326509475708 0
1570183749233 1.1165319681167603 0
1570183750853 1.301958441734314 0
1570183752889 1.2277631759643555 0
1570183754795 1.0893285274505615 0
1570183756976 0.8567377328872681 0
1570183758960 1.0811583995819092 0
1570183760557 0.945918083190918 0
1570183762614 1.0965514183044434 0
1570183764268 0.9645552039146423 0
1570183765914 1.1219184398651123 0
1570183767861 0.9668506979942322 0
1570183769661 1.0543148517608643 0
1570183771348 0.906213641166687 0
1570183773361 1.1744751930236816 0
1570183775346 1.0308231115341187 0
1570183777036 1.254146933555603 0
1570183778929 1.001330018043518 0
1570183780689 0.918624222278595 0
1570183782317 0.8370850682258606 0
1570183784075 1.0088175535202026 0
1570183785835 1.0310230255126953 0
1570183787344 0.9512574076652527 0
1570183788976 1.0992792844772339 0
1570183790710 0.8293430805206299 0
1570183792547 1.0666199922561646 0
1570183794668 1.0384275913238525 0
1570183796654 1.3108144998550415 0
1570183798339 1.0938254594802856 0
1570183800206 1.1085301637649536 0
1570183802264 0.6968857645988464 0
1570183804319 1.1990926265716553 0
1570183806125 0.8982024788856506 0
1570183808236 0.8292255997657776 0
1570183809934 1.1490662097930908 0
1570183811597 0.9436758756637573 0
1570183813434 1.118512749671936 0
1570183815327 1.622931718826294 0
1570183816955 1.0577030181884766 0
1570183818863 0.7522788643836975 0
1570183820945 0.7868459224700928 0
1570183822646 0.9879728555679321 0
1570183824847 1.1379129886627197 0
1570183826814 1.1188403367996216 0
1570183828602 1.1059390306472778 0
1570183830765 0.8753240704536438 0
1570183832704 0.9434847235679626 0
1570183834472 1.0403118133544922 0
1570183836373 1.5297009944915771 0
1570183838226 0.8897846341133118 0
1570183839845 1.1304728984832764 0
1570183841517 0.9842410683631897 0
1570183843224 0.9762465357780457 0
1570183845085 0.9614220857620239 0
1570183846846 1.171852946281433 0
1570183848610 0.8169732093811035 0
1570183850378 0.7675740718841553 0
1570183852034 0.75249844789505 0
1570183854117 1.0411465167999268 0
1570183856130 0.9115058779716492 0
1570183857708 0.8954581618309021 0
1570183859537 0.8710196614265442 0
1570183861473 1.1431602239608765 0
1570183863352 1.224379539489746 0
1570183865111 0.9244451522827148 0
1570183866621 1.0658228397369385 0
1570183868163 1.104299545288086 0
1570183869928 1.1055748462677002 0
1570183871597 1.3662681579589844 0
1570183873239 1.1604490280151367 0
1570183874851 0.8246691226959229 0
1570183876520 0.8198188543319702 0
1570183878230 1.018330454826355 0
1570183879908 1.0327435731887817 0
1570183881596 1.1873546838760376 0
1570183883614 0.9702759981155396 0
1570183885750 1.0051977634429932 0
1570183887769 0.9841058254241943 0
1570183889704 0.9599247574806213 0
1570183891329 1.0578540563583374 0
1570183892903 1.0204055309295654 0
1570183894451 1.0329102277755737 0
1570183896033 1.0157808065414429 0
1570183897591 1.1022611856460571 0
1570183899237 1.136277675628662 0
1570183900896 1.327100396156311 0
1570183902544 0.6231623291969299 0
1570183904265 1.134680151939392 0
1570183905950 0.9496006965637207 0
1570183908059 0.8538194298744202 0
1570183910031 0.8843615651130676 0
1570183911925 1.0984331369400024 0
1570183913932 1.04491126537323 0
1570183915603 1.153737187385559 0
1570183917294 1.0872937440872192 0
1570183919368 1.0812857151031494 0
1570183920934 0.9082587957382202 0
1570183922780 0.9641609191894531 0
1570183924704 1.2116258144378662 0
1570183926260 1.2014877796173096 0
1570183927825 0.9514769911766052 0
1570183930006 1.0454224348068237 0
1570183931627 0.9970164895057678 0
1570183933523 1.0232137441635132 0
1570183935527 0.9186028242111206 0
1570183937356 1.096403956413269 0
1570183939015 0.9541382193565369 0
1570183940851 0.8410835266113281 0
1570183943102 0.8211760520935059 0
1570183945109 0.7851415276527405 0
1570183947209 1.001013994216919 0
1570183948829 1.1145122051239014 0
1570183950565 1.0247828960418701 0
1570183952583 1.2805343866348267 0
1570183954756 1.1093119382858276 0
1570183956298 0.8706398606300354 0
1570183958036 0.8925248384475708 0
1570183959903 1.030626654624939 0
1570183961846 0.7979523539543152 0
1570183964267 1.1557667255401611 0
1570183966065 1.209093451499939 0
1570183967980 0.9366100430488586 0
1570183969651 1.2851041555404663 0
1570183971530 1.071323275566101 0
1570183973761 1.1019504070281982 0
1570183975819 1.070666790008545 0
1570183977830 1.270771861076355 0
1570183979783 0.7236749529838562 0
1570183982221 1.3565384149551392 0
1570183983784 1.1111654043197632 0
1570183985408 1.0151259899139404 0
1570183987361 1.0420700311660767 0
1570183989356 0.608234703540802 0
1570183991658 0.974471390247345 0
1570183993242 0.9942466616630554 0
1570183994872 1.153257966041565 0
1570183996790 0.9526805877685547 0
1570183998726 0.9033451676368713 0
1570184000932 1.1407115459442139 0
1570184002429 0.897507905960083 0
1570184003978 1.0682752132415771 0
1570184005951 1.2057130336761475 0
1570184007779 1.062253475189209 0
1570184010273 1.0591325759887695 0
1570184011970 0.9870034456253052 0
1570184013786 0.9573360085487366 0
1570184015819 1.016252875328064 0
1570184017758 1.021828532218933 0
1570184019491 0.9515145421028137 0
1570184021294 0.945667564868927 0
1570184023174 0.8995988965034485 0
1570184024791 1.0421340465545654 0
1570184027215 1.0178165435791016 0
1570184029125 0.6667314171791077 0
1570184031347 1.1466124057769775 0
1570184033346 0.9008863568305969 0
1570184035472 1.3467130661010742 0
1570184037073 0.888882577419281 0
1570184038778 1.1947680711746216 0
1570184040681 0.8998011946678162 0
1570184042776 0.994010865688324 0
1570184044686 0.8297036290168762 0
1570184046803 0.9980912208557129 0
1570184048504 0.9462802410125732 0
1570184050184 1.2050731182098389 0
1570184052047 1.021528959274292 0
1570184054021 1.2217336893081665 0
1570184056223 0.9423835873603821 0
1570184058051 1.148573398590088 0
1570184060217 1.0453139543533325 0
1570184062319 0.8962855339050293 0
1570184064383 0.6733516454696655 0
1570184066108 0.8929606676101685 0
1570184067683 1.2860617637634277 0
1570184069189 0.8658369779586792 0
1570184071122 0.8351490497589111 0
1570184072987 1.0505598783493042 0
1570184074475 1.0992997884750366 0
1570184076109 1.4181091785430908 0
1570184077752 1.0072295665740967 0
1570184079424 0.8962258696556091 0
1570184081035 0.9560069441795349 0
1570184082713 0.967216432094574 0
1570184084501 0.8879265785217285 0
1570184086204 0.8956201672554016 0
1570184087827 1.1000535488128662 0
1570184089508 1.042943000793457 0
1570184091179 0.9519777297973633 0
1570184092834 1.0716043710708618 0
1570184094894 1.1488367319107056 0
1570184096876 1.061521053314209 0
1570184098430 0.8424360156059265 0
1570184099987 0.8550980687141418 0
1570184101661 0.8684835433959961 0
1570184103339 0.8774213194847107 0
1570184105019 1.1253550052642822 0
1570184106703 1.136659026145935 0
1570184108464 1.2391273975372314 0
1570184110128 0.9771326184272766 0
1570184111800 1.1797772645950317 0
1570184113723 1.0635666847229004 0
1570184116086 0.8247566223144531 0
1570184117723 1.3513836860656738 0
1570184119977 0.9704139232635498 0
1570184122085 0.8818482160568237 0
1570184123615 0.9273474216461182 0
1570184125231 1.1306265592575073 0
1570184127052 0.8663561344146729 0
1570184129006 1.0542126893997192 0
1570184131186 1.1023015975952148 0
1570184133143 0.8963655233383179 0
1570184135083 0.831993043422699 0
1570184137205 0.8257754445075989 0
1570184138874 0.8178159594535828 0
1570184140606 1.267684817314148 0
1570184142514 0.9539957642555237 0
1570184144074 0.9814375638961792 0
1570184145699 1.1710379123687744 0
1570184147477 0.8670061826705933 0
1570184149318 0.9010392427444458 0
1570184151505 1.0397143363952637 0
1570184153481 0.9788321256637573 0
1570184155259 0.874050498008728 0
1570184157474 0.9293043613433838 0
1570184159361 1.3389708995819092 0
1570184161249 1.0139988660812378 0
1570184163435 1.142370581626892 0
1570184165327 0.9682807326316833 0
1570184167313 1.1074960231781006 0
1570184169415 0.9584108591079712 0
1570184171193 0.8528255224227905 0
1570184173290 1.2052782773971558 0
1570184175422 0.7112761735916138 0
1570184177469 0.9134953618049622 0
1570184179470 0.9325146079063416 0
1570184181640 0.8185257911682129 0
1570184183696 1.099302887916565 0
1570184185513 1.159949779510498 0
1570184187486 1.066482663154602 0
1570184189210 1.0438425540924072 0
1570184191220 0.7904353737831116 0
1570184193295 0.9055625200271606 0
1570184195162 0.830389142036438 0
1570184197019 1.1857380867004395 0
1570184199096 0.7617088556289673 0
1570184201126 0.874719500541687 0
1570184203469 0.9839198589324951 0
1570184205541 0.9982811212539673 0
1570184207741 0.7250758409500122 0
1570184209668 1.1595239639282227 0
1570184211422 0.9306216239929199 0
1570184213232 0.9088508486747742 0
1570184215348 1.2060610055923462 0
1570184217095 0.9934066534042358 0
1570184218881 0.7891457676887512 0
1570184220695 0.5186002850532532 0
1570184222564 0.6829233169555664 0
1570184224615 1.0705221891403198 0
1570184226721 0.967992901802063 0
1570184228701 0.8540778756141663 0
1570184230921 0.9133185148239136 0
1570184232962 0.9402970671653748 0
1570184234729 0.8391545414924622 0
1570184236493 0.7857535481452942 0
1570184238402 1.015625 0
1570184240404 1.1179728507995605 0
1570184242418 0.8869532346725464 0
1570184244113 0.9266747832298279 0
1570184245958 0.9554012417793274 0
1570184248015 0.8649701476097107 0
1570184250096 1.0759025812149048 0
1570184252152 1.2232502698898315 0
1570184253928 0.8112481832504272 0
1570184255779 0.8754964470863342 0
1570184257944 0.8859260082244873 0
1570184259695 0.7656965255737305 0
1570184261846 0.7507224678993225 0
1570184264006 1.2166132926940918 0
1570184265850 1.0984398126602173 0
1570184267820 0.8894622921943665 0
1570184269715 1.0990688800811768 0
1570184271844 1.1216745376586914 0
1570184273796 1.0483142137527466 0
1570184275595 1.1533104181289673 0
1570184277724 1.1288567781448364 0
1570184279952 0.8673802614212036 0
1570184281563 0.9433261752128601 0
1570184283153 1.108778715133667 0
1570184285036 0.8160892724990845 0
1570184286749 1.152513027191162 0
1570184288782 0.9973279237747192 0
1570184290549 1.025550365447998 0
1570184292263 0.9032946825027466 0
1570184294174 0.9182012677192688 0
1570184296133 0.8597654700279236 0
1570184298124 1.1571179628372192 0
1570184300205 0.9750584959983826 0
1570184302114 0.9165779948234558 0
1570184303981 1.1104170083999634 0
1570184305966 1.1169555187225342 0
1570184308038 1.1483309268951416 0
1570184310347 1.186436653137207 0
1570184312465 0.7776007056236267 0
1570184314267 0.7733968496322632 0
1570184316344 0.6945093274116516 0
1570184318204 1.1307432651519775 0
1570184320280 1.1336781978607178 0
1570184322272 0.988430380821228 0
1570184324163 0.9308347702026367 0
1570184326401 1.0280821323394775 0
1570184328592 0.663833737373352 0
1570184330332 1.121815800666809 0
1570184332573 0.7886472940444946 0
1570184334630 1.007095456123352 0
1570184336557 1.0519887208938599 0
1570184338697 1.0204524993896484 0
1570184340673 0.7937279343605042 0
1570184342871 0.820022463798523 0
1570184344810 1.1488388776779175 0
1570184346549 0.964583158493042 0
1570184348390 0.978898823261261 0
1570184350523 1.1066092252731323 0
1570184352259 0.8081895709037781 0
1570184354572 0.9685261249542236 0
1570184356347 0.8799017071723938 0
1570184358310 1.0628987550735474 0
1570184360369 0.9065491557121277 0
1570184362316 1.1794408559799194 0
1570184364165 0.9537081122398376 0
1570184366346 1.058508276939392 0
1570184368230 1.0990519523620605 0
1570184370063 0.9192179441452026 0
1570184372242 1.2986716032028198 0
1570184373957 0.8690176606178284 0
1570184375608 0.8503395318984985 0
1570184377598 1.0349256992340088 0
1570184379460 1.017980694770813 0
1570184381282 0.8604065179824829 0
1570184383104 1.1921441555023193 0
1570184384858 0.8919394612312317 0
1570184386873 1.0225508213043213 0
1570184388883 0.8739466667175293 0
1570184390626 0.8593825697898865 0
1570184392772 1.1513456106185913 0
1570184394740 0.8462465405464172 0
1570184396841 0.9940606951713562 0
1570184398884 0.8056246638298035 0
1570184400745 1.0253970623016357 0
1570184402445 0.7450573444366455 0
1570184404345 0.8661764860153198 0
1570184406097 1.0247998237609863 0
1570184407848 0.6612119674682617 0
1570184409958 0.961732804775238 0
1570184411578 1.0668081045150757 0
1570184413644 0.8502729535102844 0
1570184415864 1.1196001768112183 0
1570184417704 1.057633876800537 0
1570184419489 0.9690380096435547 0
1570184421490 0.9871618747711182 0
1570184423245 0.7418280243873596 0
1570184425186 0.8076326251029968 0
1570184427266 0.97201007604599 0
1570184429106 1.0489704608917236 0
1570184431111 0.9492365717887878 0
1570184433179 0.946372389793396 0
1570184434948 1.105800986289978 0
1570184437058 0.7200011014938354 0
1570184438908 1.0824133157730103 0
1570184440675 1.1533102989196777 0
1570184442271 1.072024941444397 0
1570184444149 0.8870313763618469 0
1570184445835 0.9366578459739685 0
1570184447868 0.6899012327194214 0
1570184449652 0.9938051700592041 0
1570184451627 0.7621933817863464 0
1570184453839 1.0449609756469727 0
1570184455793 0.9528070688247681 0
1570184457703 1.2695374488830566 0
1570184459449 1.197404384613037 0
1570184461387 0.9695668816566467 0
1570184463082 1.1848827600479126 0
1570184464918 0.8908557295799255 0
1570184466850 1.1139287948608398 0
1570184468906 0.8626348376274109 0
1570184470604 1.092955231666565 0
1570184472282 0.81650310754776 0
1570184474187 0.8123635053634644 0
1570184476008 1.021615743637085 0
1570184477897 1.0064070224761963 0
1570184479835 0.9323410987854004 0
1570184481726 1.003147840499878 0
1570184484011 0.7396292090415955 0
1570184485722 1.108972430229187 0
1570184487809 1.0678691864013672 0
1570184489781 0.8000491261482239 0
1570184491709 0.9481788277626038 0
1570184493854 0.8164286613464355 0
1570184495593 1.381476640701294 0
1570184497738 1.237990140914917 0
1570184499871 0.8844746947288513 0
1570184501580 1.0560129880905151 0
1570184503649 0.9307007789611816 0
1570184505469 1.1148056983947754 0
1570184507114 0.8518569469451904 0
1570184508907 0.7343735694885254 0
1570184510956 0.9722394943237305 0
1570184512645 0.72879558801651 0
1570184514811 1.0635377168655396 0
1570184516922 0.7174747586250305 0
1570184518892 0.670245885848999 0
1570184521106 0.9506505727767944 0
1570184522852 1.4304630756378174 0
1570184524706 0.9641603827476501 0
1570184526493 0.8738259077072144 0
1570184528362 1.0695327520370483 0
1570184530290 1.1782066822052002 0
1570184532488 1.0017951726913452 0
1570184534116 0.7383158802986145 0
1570184536086 0.9129785895347595 0
1570184538201 0.868594229221344 0
1570184540021 0.7789099812507629 0
1570184542148 0.9835798144340515 0
1570184543808 0.9860934019088745 0
1570184545909 1.075107455253601 0
1570184548007 1.1418437957763672 0
1570184549688 1.0341157913208008 0
1570184551744 1.0812402963638306 0
1570184554230 1.0729953050613403 0
1570184555884 1.0462799072265625 0
1570184557842 1.2216516733169556 0
1570184559835 1.0051435232162476 0
1570184561742 0.8584423661231995 0
1570184564004 0.7997986674308777 0
1570184566028 1.172682523727417 0
1570184567956 1.178748607635498 0
1570184570089 1.0698045492172241 0
1570184572214 1.1161003112792969 0
1570184574337 1.0368403196334839 0
1570184576458 0.9444540143013 0
1570184578330 0.877251148223877 0
1570184580430 0.9185775518417358 0
1570184582645 1.1024569272994995 0
1570184585025 0.9687680602073669 0
1570184587174 0.8534451127052307 0
1570184588956 1.2986118793487549 0
1570184591246 0.8160921335220337 0
1570184593237 1.2028310298919678 0
1570184594874 0.9128173589706421 0
1570184596917 0.9857900142669678 0
1570184599004 1.0643876791000366 0
1570184600874 0.7850836515426636 0
1570184603104 0.8240628242492676 0
1570184604999 0.8821821808815002 0
1570184606984 0.9264658093452454 0
1570184609200 0.8474653363227844 0
1570184610889 0.9759294986724854 0
1570184613121 1.1708648204803467 0
1570184615375 0.7013599872589111 0
1570184617403 0.9804449677467346 0
1570184619544 1.0929313898086548 0
1570184621821 0.9484279155731201 0
1570184623840 0.7400029301643372 0
1570184626031 1.0004452466964722 0
1570184628196 0.9473844766616821 0
1570184630284 1.105940580368042 0
1570184632682 1.003971815109253 0
1570184634454 0.7373237609863281 0
1570184636535 0.961136519908905 0
1570184638691 1.4579201936721802 0
1570184641011 0.938571035861969 0
1570184643270 1.0047459602355957 0
1570184644927 1.1360881328582764 0
1570184646844 1.1670793294906616 0
1570184648825 0.8035654425621033 0
1570184651137 0.762764573097229 0
1570184653376 1.1092203855514526 0
1570184655218 0.8066927790641785 0
1570184657257 1.130460500717163 0
1570184659372 0.8651033043861389 0
1570184661432 0.9058017134666443 0
1570184663413 0.8840468525886536 0
1570184665376 0.884634792804718 0
1570184667701 0.8951112627983093 0
1570184669953 1.154292106628418 0
1570184671821 0.7721705436706543 0
1570184673882 1.0112589597702026 0
1570184675655 0.8860965967178345 0
1570184677368 0.9125494360923767 0
1570184679631 0.9007390737533569 0
1570184681382 0.8831812739372253 0
1570184683338 0.9630702137947083 0
1570184685456 1.5992896556854248 0
1570184687466 0.676058292388916 0
1570184689815 0.8990868330001831 0
1570184691731 1.0468647480010986 0
1570184693532 0.8572776913642883 0
1570184695797 1.0068531036376953 0
1570184697620 0.7607403993606567 0
1570184699981 1.0548158884048462 0
1570184702118 1.3138675689697266 0
1570184704165 0.6174803972244263 0
1570184706518 1.0128636360168457 0
1570184708543 0.9881772398948669 0
1570184710239 1.2733838558197021 0
1570184712066 1.0635679960250854 0
1570184714013 0.9024533629417419 0
1570184716263 1.0565094947814941 0
1570184718170 0.8902791142463684 0
1570184720041 1.148447871208191 0
1570184722372 1.034163236618042 0
1570184724645 0.8878211975097656 0
1570184726298 0.8625174164772034 0
1570184728583 1.0166633129119873 0
1570184730617 0.7259972095489502 0
1570184732448 0.7569829821586609 0
1570184734658 0.9175065159797668 0
1570184736354 0.9558725357055664 0
1570184738954 0.7663211822509766 0
1570184741314 1.0210763216018677 0
1570184743359 0.9195786118507385 0
1570184745523 0.8865628838539124 0
1570184747713 0.7580867409706116 0
1570184749759 0.8098505139350891 0
1570184752030 0.5871046781539917 0
1570184754043 1.2634625434875488 0
1570184756107 1.0876035690307617 0
1570184758356 0.8831866979598999 0
1570184760017 0.7169605493545532 0
1570184761967 1.2166016101837158 0
1570184763693 1.0899665355682373 0
1570184765540 0.8897108435630798 0
1570184767572 0.8195374608039856 0
1570184769674 0.9725107550621033 0
1570184771615 1.03780198097229 0
1570184773565 0.911650538444519 0
1570184775555 1.148610234260559 0
1570184777689 0.9717333316802979 0
1570184779754 0.8612455725669861 0
1570184781959 0.9167678356170654 0
1570184783924 0.9927626848220825 0
1570184786448 0.7550866007804871 0
1570184788607 0.8322345018386841 0
1570184790490 0.975725531578064 0
1570184792475 0.7620218396186829 0
1570184794443 1.266981840133667 0
1570184796866 1.2258230447769165 0
1570184798986 1.1676173210144043 0
1570184800858 0.8289953470230103 0
1570184802997 0.9755731225013733 0
1570184805066 0.8203940987586975 0
1570184807180 1.144765853881836 0
1570184809398 0.7068721055984497 0
1570184811334 0.8408004641532898 0
1570184813657 0.6807214021682739 0
1570184815906 1.092698574066162 0
1570184817914 0.95453280210495 0
1570184820257 1.3184577226638794 0
1570184822320 0.7456904649734497 0
1570184824524 1.0265361070632935 0
1570184826890 1.096573829650879 0
1570184828621 0.8072160482406616 0
1570184830487 0.9226564764976501 0
1570184832503 0.9923855066299438 0
1570184834403 1.021742582321167 0
1570184836512 0.7874964475631714 0
1570184838381 1.0030821561813354 0
1570184840691 1.1462063789367676 0
1570184842733 0.9460572600364685 0
1570184844833 0.792797863483429 0
1570184846834 0.844251811504364 0
1570184848895 0.7687657475471497 0
1570184850656 0.8731222152709961 0
1570184852742 1.079488754272461 0
1570184854636 1.0750592947006226 0
1570184856677 1.001170039176941 0
1570184859003 1.2171173095703125 0
1570184861225 0.8180462121963501 0
1570184863649 1.1861333847045898 0
1570184865617 0.9242533445358276 0
1570184867430 0.830787718296051 0
1570184869460 0.8061982989311218 0
1570184871503 1.0363268852233887 0
1570184873872 1.2670801877975464 0
1570184876114 0.9498494267463684 0
1570184878402 0.7573303580284119 0
1570184880646 1.281935214996338 0
1570184882622 0.6834396719932556 0
1570184884897 1.1613703966140747 0
1570184887099 0.82028728723526 0
1570184888870 1.0316606760025024 0
1570184890769 0.9356287717819214 0
1570184892649 0.7358607649803162 0
1570184895073 0.7307528853416443 0
1570184897283 0.8469053506851196 0
1570184899435 1.1007169485092163 0
1570184901809 0.8707625865936279 0
1570184903520 0.8545226454734802 0
1570184905150 1.1483176946640015 0
