1570182425065 0.07868272066116333 0
1570182426623 0.06146564334630966 0
1570182427941 0.06444814801216125 0
1570182429341 0.07222078740596771 0
1570182430746 0.06717944145202637 0
1570182432079 0.06565257906913757 0
1570182433306 0.06610280275344849 0
1570182434629 0.07925154268741608 0
1570182436116 0.07208804786205292 0
1570182437612 0.0708218589425087 0
1570182439086 0.06716824322938919 0
1570182440417 0.07115601003170013 0
1570182441848 0.06291728466749191 0
1570182443213 0.05561090260744095 0
1570182444679 0.057052478194236755 0
1570182446013 0.06146885082125664 0
1570182447436 0.0762062817811966 0
1570182448742 0.06808685511350632 0
1570182450136 0.05830613151192665 0
1570182451505 0.07165422290563583 0
1570182452902 0.06606771051883698 0
1570182454154 0.05359102785587311 0
1570182455776 0.06245284155011177 0
1570182457382 0.05698823183774948 0
1570182458827 0.05146517604589462 0
1570182460152 0.07150433957576752 0
1570182461534 0.061503779143095016 0
1570182462988 0.06266134977340698 0
1570182464329 0.06197616830468178 0
1570182465690 0.07085710763931274 0
1570182466950 0.04824349284172058 0
1570182468246 0.06305043399333954 0
1570182469702 0.06616942584514618 0
1570182471382 0.05453062430024147 0
1570182472848 0.05732991173863411 0
1570182474347 0.06399655342102051 0
1570182475850 0.06608311831951141 0
1570182477133 0.041863180696964264 0
1570182478339 0.059397272765636444 0
1570182479597 0.05472114682197571 0
1570182480835 0.06513980031013489 0
1570182482202 0.05869683623313904 0
1570182483573 0.06881888955831528 0
1570182485161 0.06241339445114136 0
1570182486563 0.05784018710255623 0
1570182487863 0.04104063659906387 0
1570182489062 0.04489302635192871 0
1570182490498 0.0594213604927063 0
1570182491913 0.06843765079975128 0
1570182493308 0.06084097549319267 0
1570182494543 0.059423185884952545 0
1570182495943 0.04650454223155975 0
1570182497409 0.054305173456668854 0
1570182498737 0.05318190157413483 0
1570182500035 0.05235457420349121 0
1570182501412 0.06816092133522034 0
1570182502696 0.05631978437304497 0
1570182504042 0.05535668507218361 0
1570182505448 0.059394095093011856 0
1570182506943 0.05377306789159775 0
1570182508456 0.06410239636898041 0
1570182509999 0.05022457614541054 0
1570182511591 0.06265127658843994 0
1570182513000 0.051976241171360016 0
1570182514416 0.05441676825284958 0
1570182515638 0.04299940913915634 0
1570182516903 0.046764932572841644 0
1570182518186 0.05772639065980911 0
1570182519486 0.06063930690288544 0
1570182520948 0.0668930783867836 0
1570182522300 0.045471467077732086 0
1570182523658 0.06257720291614532 0
1570182525030 0.046442221850156784 0
1570182526394 0.0631965696811676 0
1570182527710 0.04539299011230469 0
1570182528952 0.055982474237680435 0
1570182530255 0.056344982236623764 0
1570182531667 0.04774574190378189 0
1570182533172 0.04567333310842514 0
1570182534562 0.06117207556962967 0
1570182535877 0.04653412103652954 0
1570182537447 0.05688565969467163 0
1570182538983 0.058697640895843506 0
1570182540280 0.05535304546356201 0
1570182541874 0.06190399453043938 0
1570182543302 0.052327755838632584 0
1570182544696 0.05505076050758362 0
1570182546199 0.050826601684093475 0
1570182547629 0.04954501986503601 0
1570182549000 0.05371765047311783 0
1570182550585 0.04428107291460037 0
1570182552242 0.04481024667620659 0
1570182553639 0.05280228704214096 0
1570182554974 0.054769039154052734 0
1570182556569 0.05531778186559677 0
1570182558124 0.054110947996377945 0
1570182559483 0.053709011524915695 0
1570182561084 0.0362832173705101 0
1570182562547 0.06073442101478577 0
1570182564166 0.04820884019136429 0
1570182565653 0.05226745456457138 0
1570182567252 0.05042054504156113 0
1570182568624 0.038822270929813385 0
1570182569976 0.05598744377493858 0
1570182571770 0.04039868712425232 0
1570182573398 0.04621865600347519 0
1570182574812 0.05705476924777031 0
1570182576347 0.047134652733802795 0
1570182577895 0.052197832614183426 0
1570182579441 0.05534191429615021 0
1570182580781 0.05238364264369011 0
1570182582246 0.041525810956954956 0
1570182583746 0.04880792647600174 0
1570182586622 0.048480045050382614 0
1570182587989 0.040705472230911255 0
1570182589427 0.039598532021045685 0
1570182590813 0.052149754017591476 0
1570182592392 0.041705742478370667 0
1570182593909 0.04753853753209114 0
1570182595555 0.05320814251899719 0
1570182596879 0.04243757575750351 0
1570182598381 0.06020564213395119 0
1570182599955 0.05410638451576233 0
1570182601498 0.044487759470939636 0
1570182603047 0.05024195834994316 0
1570182604459 0.040794000029563904 0
1570182605812 0.04347344487905502 0
1570182607334 0.03990361839532852 0
1570182608945 0.04035106673836708 0
1570182610462 0.04806553199887276 0
1570182612028 0.040569424629211426 0
1570182613647 0.05106024444103241 0
1570182614984 0.042091019451618195 0
1570182616499 0.043818697333335876 0
1570182618147 0.037674158811569214 0
1570182619756 0.05474025756120682 0
1570182621261 0.04459243267774582 0
1570182622711 0.03835373371839523 0
1570182624073 0.037154875695705414 0
1570182625458 0.052795860916376114 0
1570182626752 0.03861378878355026 0
1570182628321 0.04761236906051636 0
1570182629927 0.035798411816358566 0
1570182631513 0.032913628965616226 0
1570182632877 0.051174700260162354 0
1570182634326 0.04286479204893112 0
1570182635889 0.042665742337703705 0
1570182637498 0.03522791713476181 0
1570182639012 0.04461464285850525 0
1570182640478 0.04196425527334213 0
1570182641927 0.04237823188304901 0
1570182643402 0.054882459342479706 0
1570182644931 0.04429260641336441 0
1570182646345 0.05129213258624077 0
1570182647755 0.053863171488046646 0
1570182649191 0.04543396830558777 0
1570182650684 0.048469506204128265 0
1570182652436 0.051106326282024384 0
1570182653788 0.032948076725006104 0
1570182655131 0.042977530509233475 0
1570182657645 0.05251636356115341 0
1570182659121 0.03492946922779083 0
1570182660434 0.03827269375324249 0
1570182661875 0.04263899475336075 0
1570182663271 0.034133102744817734 0
1570182664688 0.04154346138238907 0
1570182666318 0.045421846210956573 0
1570182667656 0.04798852652311325 0
1570182669174 0.044300809502601624 0
1570182670687 0.04259147495031357 0
1570182672369 0.037222884595394135 0
1570182674086 0.03766120970249176 0
1570182675654 0.04144985228776932 0
1570182676989 0.036136727780103683 0
1570182678485 0.03675781190395355 0
1570182679906 0.0410030335187912 0
1570182681448 0.0380600169301033 0
1570182682950 0.0477706603705883 0
1570182684687 0.04468939080834389 0
1570182686173 0.035540275275707245 0
1570182687546 0.03937062248587608 0
1570182688969 0.044203318655490875 0
1570182690397 0.03487098217010498 0
1570182691859 0.03727810084819794 0
1570182693474 0.03947333246469498 0
1570182694984 0.04974720999598503 0
1570182696289 0.03474980965256691 0
1570182697752 0.04257691279053688 0
1570182699305 0.04495326057076454 0
1570182701254 0.03690531849861145 0
1570182702785 0.0468292310833931 0
1570182704316 0.02586369961500168 0
1570182705666 0.03986212611198425 0
1570182707123 0.04112963750958443 0
1570182708579 0.0371568463742733 0
1570182710135 0.04001687094569206 0
1570182711774 0.04387480765581131 0
1570182713321 0.03670952469110489 0
1570182714582 0.038159869611263275 0
1570182716056 0.04354846477508545 0
1570182717546 0.03998363018035889 0
1570182719062 0.03458278626203537 0
1570182720573 0.04319152981042862 0
1570182722038 0.03506963327527046 0
1570182723675 0.037150733172893524 0
1570182725126 0.038563311100006104 0
1570182726635 0.030355311930179596 0
1570182727945 0.036510296165943146 0
1570182729353 0.04047999531030655 0
1570182730846 0.047322288155555725 0
1570182732106 0.037314318120479584 0
1570182733406 0.027927059680223465 0
1570182734760 0.04428716003894806 0
1570182737031 0.03405839949846268 0
1570182738434 0.0340542197227478 0
1570182739755 0.047646574676036835 0
1570182741169 0.03518453240394592 0
1570182742497 0.0493391752243042 0
1570182744045 0.04141484946012497 0
1570182745466 0.03391279652714729 0
1570182747139 0.045414768159389496 0
1570182748660 0.03639501333236694 0
1570182750333 0.0326445996761322 0
1570182752031 0.029006436467170715 0
1570182753592 0.04200377315282822 0
1570182755160 0.04836118221282959 0
1570182756736 0.032980792224407196 0
1570182758320 0.03869326412677765 0
1570182759763 0.037286002188920975 0
1570182761225 0.04533705860376358 0
1570182762821 0.04839993268251419 0
1570182764364 0.036215879023075104 0
1570182765828 0.033413708209991455 0
1570182767485 0.02877531573176384 0
1570182769103 0.04239237308502197 0
1570182770606 0.03895891457796097 0
1570182771910 0.03683795779943466 0
1570182773198 0.03369572013616562 0
1570182774577 0.027917470782995224 0
1570182775906 0.03324504941701889 0
1570182777582 0.031922537833452225 0
1570182778979 0.031594567000865936 0
1570182780345 0.03984960541129112 0
1570182781622 0.02458970993757248 0
1570182783199 0.04306945949792862 0
1570182784594 0.03612639382481575 0
1570182786001 0.04249343276023865 0
1570182787491 0.03179718181490898 0
1570182788938 0.03358756750822067 0
1570182790391 0.040052056312561035 0
1570182791902 0.03601330518722534 0
1570182793354 0.03093019500374794 0
1570182794685 0.025031007826328278 0
1570182796095 0.02304724231362343 0
1570182797759 0.037321820855140686 0
1570182799289 0.03011053428053856 0
1570182800844 0.04248558729887009 0
1570182802547 0.029946954920887947 0
1570182804224 0.03145263344049454 0
1570182805901 0.04638455808162689 0
1570182807436 0.0371241420507431 0
1570182808847 0.026173356920480728 0
1570182810369 0.029359422624111176 0
1570182811883 0.034798141568899155 0
1570182813361 0.03727934509515762 0
1570182814826 0.028806738555431366 0
1570182816513 0.032422952353954315 0
1570182818005 0.037503451108932495 0
1570182819597 0.021445581689476967 0
1570182821270 0.02584933117032051 0
1570182822995 0.036682337522506714 0
1570182824493 0.028243467211723328 0
1570182825799 0.037582919001579285 0
1570182827260 0.03259709104895592 0
1570182828753 0.027645494788885117 0
1570182830061 0.03013726696372032 0
1570182831417 0.031184200197458267 0
1570182832825 0.03464212268590927 0
1570182834565 0.030696161091327667 0
1570182836139 0.028395570814609528 0
1570182837560 0.02846812829375267 0
1570182838934 0.03326243907213211 0
1570182840501 0.033912770450115204 0
1570182842058 0.03710152581334114 0
1570182843729 0.030861029401421547 0
1570182845294 0.03408181667327881 0
1570182847822 0.026091348379850388 0
1570182849442 0.030616289004683495 0
1570182851192 0.03571823984384537 0
1570182852618 0.03322471305727959 0
1570182854048 0.036669567227363586 0
1570182855380 0.031746722757816315 0
1570182857137 0.025843119248747826 0
1570182858559 0.02424500323832035 0
1570182859890 0.03106045350432396 0
1570182861245 0.035790979862213135 0
1570182862570 0.029817936941981316 0
1570182863967 0.03548063337802887 0
1570182865711 0.026141073554754257 0
1570182867331 0.03199221193790436 0
1570182868962 0.03405751660466194 0
1570182870602 0.030990097671747208 0
1570182872271 0.03213953226804733 0
1570182873756 0.022389037534594536 0
1570182875277 0.038372546434402466 0
1570182876658 0.030558502301573753 0
1570182877972 0.034564074128866196 0
1570182879394 0.03948318213224411 0
1570182880813 0.03606962412595749 0
1570182882301 0.022350698709487915 0
1570182883837 0.027897559106349945 0
1570182885246 0.03222135826945305 0
1570182886664 0.02742665261030197 0
1570182888285 0.029376452788710594 0
1570182889857 0.023162495344877243 0
1570182891605 0.03676144778728485 0
1570182893042 0.027797024697065353 0
1570182894344 0.031164711341261864 0
1570182895708 0.03533831983804703 0
1570182897118 0.025745639577507973 0
1570182898592 0.030271045863628387 0
1570182900711 0.027519769966602325 0
1570182902252 0.03748522698879242 0
1570182903777 0.03700823336839676 0
1570182905248 0.03440234065055847 0
1570182906833 0.03224910795688629 0
1570182908337 0.024777552112936974 0
1570182909681 0.03368242830038071 0
1570182911089 0.038648635149002075 0
1570182912732 0.02309614233672619 0
1570182914312 0.028830500319600105 0
1570182915626 0.02627301961183548 0
1570182916949 0.025069745257496834 0
1570182918434 0.025586329400539398 0
1570182919912 0.03896743059158325 0
1570182921380 0.020849473774433136 0
1570182922822 0.04187256097793579 0
1570182924303 0.03498385101556778 0
1570182925850 0.03361471742391586 0
1570182927475 0.029253076761960983 0
1570182928841 0.029117710888385773 0
1570182930288 0.027917779982089996 0
1570182931961 0.028473660349845886 0
1570182933383 0.024767016991972923 0
1570182934771 0.02532794699072838 0
1570182936550 0.02735244855284691 0
1570182937999 0.02836243435740471 0
1570182939503 0.02611488662660122 0
1570182940988 0.02918277680873871 0
1570182942329 0.02414153888821602 0
1570182943838 0.031013110652565956 0
1570182945600 0.027738191187381744 0
1570182947232 0.02909255400300026 0
1570182948778 0.0251702181994915 0
1570182950421 0.028512369841337204 0
1570182952058 0.032987453043460846 0
1570182953632 0.03342496603727341 0
1570182955145 0.02832876704633236 0
1570182956697 0.02552758902311325 0
1570182958149 0.030941316857933998 0
1570182959660 0.0294392928481102 0
1570182961246 0.02587824873626232 0
1570182962547 0.0334332250058651 0
1570182963785 0.021868854761123657 0
1570182965018 0.027481362223625183 0
1570182966314 0.03006952442228794 0
1570182967842 0.021649817004799843 0
1570182969265 0.02639074996113777 0
1570182970951 0.03354118764400482 0
1570182972606 0.02430402673780918 0
1570182974264 0.03165688365697861 0
1570182975630 0.035720713436603546 0
1570182977108 0.026368770748376846 0
1570182978531 0.03753403201699257 0
1570182980082 0.030427446588873863 0
1570182981820 0.020346596837043762 0
1570182983460 0.02942361868917942 0
1570182985134 0.024533601477742195 0
1570182986552 0.03132476285099983 0
1570182987933 0.03170797601342201 0
1570182989500 0.022540759295225143 0
1570182991134 0.02390468865633011 0
1570182992770 0.025366801768541336 0
1570182994397 0.029548991471529007 0
1570182996066 0.027417898178100586 0
1570182997787 0.02405770868062973 0
1570182999633 0.027796000242233276 0
1570183001370 0.03361089900135994 0
1570183003158 0.027274413034319878 0
1570183004718 0.030750494450330734 0
1570183006335 0.024347882717847824 0
1570183007846 0.02736259624361992 0
1570183009280 0.0277450792491436 0
1570183010716 0.018120070919394493 0
1570183012133 0.027968894690275192 0
1570183013795 0.030048629269003868 0
1570183015416 0.024024778977036476 0
1570183016805 0.02810828760266304 0
1570183018178 0.029280010610818863 0
1570183019621 0.031069103628396988 0
1570183021006 0.02549435757100582 0
1570183022718 0.01892852410674095 0
1570183024270 0.029368767514824867 0
1570183025960 0.03386985883116722 0
1570183027430 0.02249903418123722 0
1570183028701 0.028408389538526535 0
1570183030046 0.03011009842157364 0
1570183031580 0.030663883313536644 0
1570183033146 0.016352973878383636 0
1570183034758 0.024065395817160606 0
1570183036184 0.027276886627078056 0
1570183037696 0.021373528987169266 0
1570183039094 0.023570802062749863 0
1570183040523 0.025064535439014435 0
1570183041932 0.03404869884252548 0
1570183043392 0.022381825372576714 0
1570183045249 0.024817045778036118 0
1570183046993 0.02686496078968048 0
1570183048749 0.024876827374100685 0
1570183050259 0.022923924028873444 0
1570183051850 0.027527473866939545 0
1570183053419 0.030974000692367554 0
1570183054966 0.02157801389694214 0
1570183056649 0.023859232664108276 0
1570183058384 0.021919259801506996 0
1570183059926 0.027807656675577164 0
1570183061446 0.02832629159092903 0
1570183063018 0.021699806675314903 0
1570183064688 0.022060075774788857 0
1570183066228 0.023670151829719543 0
1570183068026 0.024066271260380745 0
1570183069526 0.020433373749256134 0
1570183071137 0.028072694316506386 0
1570183072918 0.026474660262465477 0
1570183074711 0.026281384751200676 0
1570183076488 0.02976503036916256 0
1570183077989 0.026800718158483505 0
1570183079502 0.02724115177989006 0
1570183081186 0.027574561536312103 0
1570183082917 0.02460928075015545 0
1570183084435 0.028676412999629974 0
1570183085999 0.02747197076678276 0
1570183087441 0.02002676948904991 0
1570183088837 0.0198128130286932 0
1570183090478 0.01932832971215248 0
1570183092298 0.023830845952033997 0
1570183093981 0.028001241385936737 0
1570183095663 0.024928689002990723 0
1570183097089 0.02243369072675705 0
1570183098778 0.015323618426918983 0
1570183100428 0.02481148950755596 0
1570183102096 0.02379935048520565 0
1570183103852 0.025008488446474075 0
1570183105604 0.019156621769070625 0
1570183107326 0.024280313402414322 0
1570183109063 0.022613976150751114 0
1570183110706 0.023630894720554352 0
1570183112284 0.028499729931354523 0
1570183114048 0.02813168242573738 0
1570183115964 0.02342107705771923 0
1570183117494 0.02966364100575447 0
1570183119147 0.02202770486474037 0
1570183120698 0.021369552239775658 0
1570183122226 0.035426001995801926 0
1570183123670 0.0182352177798748 0
1570183125145 0.028831059113144875 0
1570183126675 0.03482828289270401 0
1570183128262 0.02494734898209572 0
1570183129840 0.029737986624240875 0
1570183131335 0.01971615105867386 0
1570183132848 0.02018130198121071 0
1570183134267 0.023967865854501724 0
1570183135751 0.0224151648581028 0
1570183137253 0.021883618086576462 0
1570183138935 0.032746635377407074 0
1570183140462 0.021863821893930435 0
1570183141931 0.024680836126208305 0
1570183143475 0.01952453702688217 0
1570183145076 0.02403450384736061 0
1570183146681 0.017457257956266403 0
1570183148160 0.02970021963119507 0
1570183149635 0.026069320738315582 0
1570183151208 0.02576247602701187 0
1570183152745 0.023511454463005066 0
1570183154139 0.030243489891290665 0
1570183155678 0.017893876880407333 0
1570183157230 0.024761509150266647 0
1570183158784 0.026590069755911827 0
1570183160168 0.02026599645614624 0
1570183161882 0.022805796936154366 0
1570183163451 0.030444208532571793 0
1570183165128 0.02045091614127159 0
1570183166728 0.01849573478102684 0
1570183168187 0.026398681104183197 0
1570183169684 0.015895362943410873 0
1570183171301 0.022751182317733765 0
1570183173057 0.030808662995696068 0
1570183174670 0.024002686142921448 0
1570183176282 0.022834306582808495 0
1570183177720 0.03386370837688446 0
1570183179253 0.026085231453180313 0
1570183180710 0.026969313621520996 0
1570183182277 0.01984870806336403 0
1570183183768 0.016841962933540344 0
1570183185341 0.01849467307329178 0
1570183186896 0.02977915108203888 0
1570183188537 0.015186045318841934 0
1570183190428 0.022866511717438698 0
1570183192299 0.024957312270998955 0
1570183193982 0.025821994990110397 0
1570183195563 0.023774955421686172 0
1570183197200 0.027883831411600113 0
1570183198796 0.02082914113998413 0
1570183200181 0.021704789251089096 0
1570183201714 0.021664965897798538 0
1570183203216 0.02300068363547325 0
1570183204656 0.0197523795068264 0
1570183205987 0.0221230611205101 0
1570183207328 0.022606056183576584 0
1570183208749 0.031607188284397125 0
1570183210162 0.023174092173576355 0
1570183211685 0.022905997931957245 0
1570183213128 0.02974124252796173 0
1570183214505 0.030063778162002563 0
1570183215923 0.01825806125998497 0
1570183217436 0.02772201970219612 0
1570183219047 0.021378079429268837 0
1570183220540 0.018745167180895805 0
1570183222062 0.020183276385068893 0
1570183223592 0.019765406847000122 0
1570183225083 0.027591299265623093 0
1570183226708 0.02139168232679367 0
1570183228693 0.029092196375131607 0
1570183230573 0.020139547064900398 0
1570183232162 0.02525758370757103 0
1570183233613 0.019327759742736816 0
1570183235114 0.01897168904542923 0
1570183236691 0.01716235652565956 0
1570183238146 0.024161871522665024 0
1570183239663 0.017382849007844925 0
1570183241329 0.029630940407514572 0
1570183243245 0.01986362785100937 0
1570183244914 0.02284225821495056 0
1570183246407 0.01606276072561741 0
1570183248145 0.027600396424531937 0
1570183250091 0.014187417924404144 0
1570183251547 0.016553476452827454 0
1570183253103 0.017056243494153023 0
1570183254716 0.02764388918876648 0
1570183256237 0.029172547161579132 0
1570183257827 0.01994771882891655 0
1570183259497 0.018894467502832413 0
1570183261118 0.02179075963795185 0
1570183262727 0.01844797283411026 0
1570183264418 0.023761723190546036 0
1570183266084 0.027482066303491592 0
1570183267785 0.023960459977388382 0
1570183269697 0.02472999505698681 0
1570183271463 0.0186639241874218 0
1570183272930 0.031025027856230736 0
1570183274642 0.018019672483205795 0
1570183276413 0.018630947917699814 0
1570183278006 0.0260606799274683 0
1570183279776 0.018793661147356033 0
1570183281533 0.020040657371282578 0
1570183283031 0.020749107003211975 0
1570183284822 0.023623714223504066 0
1570183286718 0.020495980978012085 0
1570183288246 0.015409504994750023 0
1570183289823 0.020602377131581306 0
1570183291458 0.021511660888791084 0
1570183293032 0.019400641322135925 0
1570183294952 0.016773328185081482 0
1570183296848 0.02305976115167141 0
1570183298634 0.014411543495953083 0
1570183300146 0.02278536930680275 0
1570183301697 0.021728087216615677 0
1570183303440 0.015730571001768112 0
1570183305258 0.01706206239759922 0
1570183306896 0.017401056364178658 0
1570183308402 0.021834641695022583 0
1570183310116 0.015324575826525688 0
1570183311832 0.018013350665569305 0
1570183313689 0.01774544082581997 0
1570183315480 0.024643845856189728 0
1570183317009 0.021470895037055016 0
1570183318958 0.025069918483495712 0
1570183320819 0.02069653570652008 0
1570183322696 0.01942387782037258 0
1570183324125 0.02100871503353119 0
1570183325852 0.01395307295024395 0
1570183327647 0.021185822784900665 0
1570183329316 0.019751794636249542 0
1570183330882 0.022631246596574783 0
1570183332640 0.016784198582172394 0
1570183334247 0.01859809271991253 0
1570183336042 0.015306072309613228 0
1570183337823 0.024264194071292877 0
1570183339688 0.019032124429941177 0
1570183341291 0.026679130271077156 0
1570183342969 0.029528550803661346 0
1570183344768 0.020085129886865616 0
1570183346377 0.025340240448713303 0
1570183347861 0.020451733842492104 0
1570183349561 0.02164565585553646 0
1570183351347 0.016232004389166832 0
1570183352998 0.014964321628212929 0
1570183354666 0.015296047553420067 0
1570183356597 0.019071616232395172 0
1570183358237 0.016597561538219452 0
1570183360120 0.020527418702840805 0
1570183361899 0.01666380651295185 0
1570183363561 0.019453752785921097 0
1570183365352 0.017139263451099396 0
1570183367240 0.018758229911327362 0
1570183369035 0.02323918789625168 0
1570183370658 0.024624135345220566 0
1570183372391 0.018975455313920975 0
1570183374221 0.017584949731826782 0
1570183376038 0.022454405203461647 0
1570183377878 0.015567392110824585 0
1570183379522 0.02513151243329048 0
1570183381164 0.0223411712795496 0
1570183383013 0.021928327158093452 0
1570183384978 0.015205655246973038 0
1570183386745 0.018450355157256126 0
1570183388373 0.01373698003590107 0
1570183390014 0.01790505088865757 0
1570183391606 0.016179755330085754 0
1570183393334 0.014606751501560211 0
1570183395308 0.021941915154457092 0
1570183397252 0.020005136728286743 0
1570183398968 0.022185973823070526 0
1570183400925 0.02068023756146431 0
1570183402877 0.014263548888266087 0
1570183404621 0.019170425832271576 0
1570183406440 0.018214091658592224 0
1570183408150 0.0198772381991148 0
1570183409943 0.019488640129566193 0
1570183411554 0.02068004198372364 0
1570183413243 0.021534889936447144 0
1570183415231 0.020586088299751282 0
1570183416901 0.018518811091780663 0
1570183418441 0.01752592995762825 0
1570183420006 0.01903419941663742 0
1570183421487 0.017736045643687248 0
1570183423164 0.0207748394459486 0
1570183424886 0.01599757932126522 0
1570183426671 0.018374258652329445 0
1570183428393 0.024045992642641068 0
1570183430148 0.017935939133167267 0
1570183431776 0.01976574771106243 0
1570183433403 0.018455684185028076 0
1570183434999 0.01344048511236906 0
1570183436787 0.01621391624212265 0
1570183438452 0.015635471791028976 0
1570183440139 0.018496349453926086 0
1570183441978 0.014667162671685219 0
1570183443667 0.017589807510375977 0
1570183445381 0.020421288907527924 0
1570183447191 0.024356016889214516 0
1570183448973 0.020663905888795853 0
1570183450402 0.015798203647136688 0
1570183452133 0.02620958536863327 0
1570183453989 0.0161709263920784 0
1570183455613 0.020874014124274254 0
1570183457312 0.02526514045894146 0
1570183459114 0.018148764967918396 0
1570183460977 0.021983278915286064 0
1570183462669 0.020073924213647842 0
1570183464394 0.021075205877423286 0
1570183466150 0.01805330440402031 0
1570183467758 0.015045903623104095 0
1570183469489 0.017026085406541824 0
1570183471467 0.015195231884717941 0
1570183473354 0.023037448525428772 0
1570183475146 0.020283864811062813 0
1570183476903 0.02219937928020954 0
1570183478447 0.017605524510145187 0
1570183479921 0.01559644564986229 0
1570183481472 0.01366899162530899 0
1570183483254 0.019845910370349884 0
1570183484881 0.022108612582087517 0
1570183486594 0.01612141728401184 0
1570183488513 0.015929898247122765 0
1570183490024 0.02283284440636635 0
1570183491525 0.018550697714090347 0
1570183493246 0.02027852088212967 0
1570183495171 0.029668118804693222 0
1570183496931 0.016276203095912933 0
1570183498555 0.016661321744322777 0
1570183500346 0.021638428792357445 0
1570183502023 0.023295622318983078 0
1570183503533 0.01562756486237049 0
1570183505329 0.018869750201702118 0
1570183507253 0.023505114018917084 0
1570183508736 0.020497575402259827 0
1570183510540 0.019190046936273575 0
1570183512429 0.01827729120850563 0
1570183514245 0.012344107031822205 0
1570183516201 0.016825318336486816 0
1570183518129 0.015842042863368988 0
1570183519777 0.0151649359613657 0
1570183521458 0.01148751750588417 0
1570183523515 0.020185871049761772 0
1570183525370 0.016557764261960983 0
1570183526917 0.02250119112432003 0
1570183528407 0.020171429961919785 0
1570183530038 0.02174445241689682 0
1570183531535 0.015567274764180183 0
1570183533184 0.018862461671233177 0
1570183534873 0.016588175669312477 0
1570183536666 0.015605426393449306 0
1570183538701 0.016996506601572037 0
1570183540526 0.018126610666513443 0
1570183542034 0.01682784967124462 0
1570183543502 0.02135094627737999 0
1570183545225 0.015801940113306046 0
1570183546873 0.013449263758957386 0
1570183548506 0.014393549412488937 0
1570183550420 0.021739132702350616 0
1570183552204 0.02141840197145939 0
1570183553885 0.020462829619646072 0
1570183555715 0.01328439824283123 0
1570183557623 0.015954043716192245 0
1570183559501 0.015399925410747528 0
1570183561364 0.020962880924344063 0
1570183563312 0.01599545031785965 0
1570183565067 0.01999574527144432 0
1570183566789 0.01220213808119297 0
1570183568620 0.018796779215335846 0
1570183570164 0.012802842073142529 0
1570183571739 0.014656005427241325 0
1570183573632 0.016041681170463562 0
1570183575514 0.01622464507818222 0
1570183577262 0.013898808509111404 0
1570183579087 0.016521360725164413 0
1570183580903 0.02369578182697296 0
1570183582621 0.014641324058175087 0
1570183584611 0.01861358806490898 0
1570183586410 0.0222795307636261 0
1570183587876 0.021648189052939415 0
1570183589655 0.019286029040813446 0
1570183591408 0.012624583207070827 0
1570183593152 0.014772693626582623 0
1570183594805 0.010783100500702858 0
1570183596609 0.013542475178837776 0
1570183598401 0.02145073004066944 0
1570183600090 0.018789486959576607 0
1570183601767 0.013855681754648685 0
1570183603683 0.016868019476532936 0
1570183605311 0.016947196796536446 0
1570183606988 0.013564502820372581 0
1570183608744 0.012215051800012589 0
1570183610450 0.012567907571792603 0
1570183612251 0.015816092491149902 0
1570183613936 0.014466216787695885 0
1570183615963 0.01484721526503563 0
1570183617816 0.01924094930291176 0
1570183619830 0.01500854454934597 0
1570183621818 0.017553700134158134 0
1570183623453 0.017265064641833305 0
1570183625333 0.01648038811981678 0
1570183626901 0.01624930463731289 0
1570183628584 0.014650370925664902 0
1570183630396 0.01681848242878914 0
1570183632252 0.018126655369997025 0
1570183633950 0.014349190518260002 0
1570183635719 0.01380463968962431 0
1570183637584 0.0177975594997406 0
1570183639509 0.016018057242035866 0
1570183641180 0.023394986987113953 0
1570183643117 0.017566151916980743 0
1570183645229 0.01373734138906002 0
1570183646817 0.01981634460389614 0
1570183648519 0.020116712898015976 0
1570183650338 0.018448900431394577 0
1570183652099 0.013121522963047028 0
1570183653798 0.016794215887784958 0
1570183655690 0.01624958962202072 0
1570183657220 0.017008814960718155 0
1570183658800 0.01435733400285244 0
1570183660545 0.01762721687555313 0
1570183662317 0.015029885806143284 0
1570183664151 0.015107396058738232 0
1570183666139 0.017492342740297318 0
1570183668040 0.016204431653022766 0
1570183669572 0.017577532678842545 0
1570183671702 0.01760946214199066 0
1570183673665 0.015045621432363987 0
1570183675244 0.01440297532826662 0
1570183677059 0.017454609274864197 0
1570183679026 0.01623968407511711 0
1570183680588 0.02521546557545662 0
1570183682513 0.011408274993300438 0
1570183684553 0.015956886112689972 0
1570183686188 0.01325428020209074 0
1570183688164 0.015638992190361023 0
1570183690048 0.014867991209030151 0
1570183691687 0.01743515580892563 0
1570183693574 0.011844184249639511 0
1570183695613 0.012971615418791771 0
1570183697286 0.014238066039979458 0
1570183699274 0.014996636658906937 0
1570183701311 0.020324431359767914 0
1570183703030 0.0146804703399539 0
1570183704769 0.015980059280991554 0
1570183706786 0.013682829216122627 0
1570183708490 0.015668785199522972 0
1570183710274 0.0189829021692276 0
1570183712223 0.0147250322625041 0
1570183713885 0.01828145422041416 0
1570183715508 0.015143941156566143 0
1570183717535 0.017194189131259918 0
1570183719581 0.015048958361148834 0
1570183721255 0.017175663262605667 0
1570183723204 0.016247261315584183 0
1570183725277 0.013896498829126358 0
1570183727006 0.015503701753914356 0
1570183728736 0.016830336302518845 0
1570183730453 0.014557273127138615 0
1570183732106 0.012648433446884155 0
1570183733849 0.018655594438314438 0
1570183735680 0.01760518178343773 0
1570183737362 0.0163731686770916 0
1570183739246 0.01289346069097519 0
1570183741036 0.011762239970266819 0
1570183742737 0.019718404859304428 0
1570183744351 0.017215685918927193 0
1570183746119 0.019257793202996254 0
1570183747978 0.015652775764465332 0
1570183749588 0.013542060740292072 0
1570183751348 0.01712038554251194 0
1570183753344 0.015675097703933716 0
1570183755349 0.011174716055393219 0
1570183757456 0.01479211077094078 0
1570183759316 0.015242259949445724 0
1570183760989 0.014814989641308784 0
1570183762917 0.016305632889270782 0
1570183764593 0.014492585323750973 0
1570183766354 0.015340123325586319 0
1570183768384 0.015762563794851303 0
1570183769970 0.01617758348584175 0
1570183771788 0.011510346084833145 0
1570183773799 0.015075713396072388 0
1570183775679 0.012897283770143986 0
1570183777493 0.023258855566382408 0
1570183779306 0.014735727570950985 0
1570183781006 0.0192703939974308 0
1570183782755 0.01196273323148489 0
1570183784453 0.01182720996439457 0
1570183786178 0.012369642034173012 0
1570183787735 0.01516229473054409 0
1570183789367 0.016575004905462265 0
1570183791157 0.011693580076098442 0
1570183793048 0.01737319491803646 0
1570183795128 0.0170490313321352 0
1570183797014 0.017042992636561394 0
1570183798756 0.014591610059142113 0
1570183800635 0.012950407341122627 0
1570183802773 0.011784081347286701 0
1570183804719 0.01657547987997532 0
1570183806661 0.01098185870796442 0
1570183808624 0.012346449308097363 0
1570183810315 0.014971766620874405 0
1570183812043 0.012712335214018822 0
1570183813861 0.016421910375356674 0
1570183815604 0.024605585262179375 0
1570183817349 0.01052258349955082 0
1570183819321 0.01266569085419178 0
1570183821223 0.010161804035305977 0
1570183823174 0.012590988539159298 0
1570183825324 0.015001211315393448 0
1570183827136 0.014674989506602287 0
1570183829084 0.01798979565501213 0
1570183831277 0.013520825654268265 0
1570183833129 0.01364721730351448 0
1570183834926 0.014733940362930298 0
1570183836709 0.019257178530097008 0
1570183838600 0.016561882570385933 0
1570183840201 0.013370448723435402 0
1570183841964 0.019900035113096237 0
1570183843737 0.01644502580165863 0
1570183845449 0.012403583154082298 0
1570183847233 0.017030129209160805 0
1570183849047 0.01126148086041212 0
1570183850724 0.01463615894317627 0
1570183852504 0.012139515951275826 0
1570183854601 0.01617688313126564 0
1570183856432 0.014666211791336536 0
1570183858072 0.0109940767288208 0
1570183859957 0.00856038462370634 0
1570183862022 0.011951539665460587 0
1570183863768 0.015995390713214874 0
1570183865388 0.012518353760242462 0
1570183866902 0.015009380877017975 0
1570183868543 0.01820421777665615 0
1570183870198 0.014429126866161823 0
1570183871898 0.02035931870341301 0
1570183873502 0.0158308707177639 0
1570183875191 0.0102387685328722 0
1570183876794 0.017545580863952637 0
1570183878578 0.016861267387866974 0
1570183880182 0.013131115585565567 0
1570183882030 0.013896804302930832 0
1570183884066 0.014189092442393303 0
1570183886246 0.019477499648928642 0
1570183888256 0.015505358576774597 0
1570183889982 0.014390284195542336 0
1570183891641 0.01757391169667244 0
1570183893174 0.01033708080649376 0
1570183894843 0.020291918888688087 0
1570183896379 0.016330311074852943 0
1570183897908 0.015147549100220203 0
1570183899600 0.015942584723234177 0
1570183901202 0.012311549857258797 0
1570183902883 0.00906059518456459 0
1570183904560 0.01591886207461357 0
1570183906459 0.014124065637588501 0
1570183908543 0.010619806125760078 0
1570183910551 0.01055457629263401 0
1570183912456 0.014713404700160027 0
1570183914279 0.012657985091209412 0
1570183915925 0.015291917137801647 0
1570183917676 0.014088781550526619 0
1570183919657 0.012134794145822525 0
1570183921466 0.010891158133745193 0
1570183923265 0.013555120676755905 0
1570183924992 0.01308051310479641 0
1570183926539 0.01665712147951126 0
1570183928199 0.019837476313114166 0
1570183930311 0.011938274838030338 0
1570183932024 0.00891174003481865 0
1570183933996 0.013967951759696007 0
1570183935962 0.0108446991071105 0
1570183937655 0.012046009302139282 0
1570183939400 0.01533966138958931 0
1570183941347 0.010905218310654163 0
1570183943581 0.011638427153229713 0
1570183945451 0.009260406717658043 0
1570183947552 0.012375852093100548 0
1570183949230 0.01643626019358635 0
1570183951037 0.015509054064750671 0
1570183953091 0.01588841900229454 0
1570183955085 0.011759284883737564 0
1570183956733 0.010294729843735695 0
1570183958433 0.015379935503005981 0
1570183960379 0.012972351163625717 0
1570183962386 0.010028557851910591 0
1570183964596 0.01436889823526144 0
1570183966554 0.014659678563475609 0
1570183968276 0.012715447694063187 0
1570183970148 0.018269650638103485 0
1570183971899 0.01576257310807705 0
1570183974285 0.013420081697404385 0
1570183976239 0.014402419328689575 0
1570183978309 0.014902397058904171 0
1570183980280 0.011200586333870888 0
1570183982517 0.016184726729989052 0
1570183984102 0.01424267329275608 0
1570183985924 0.01740461029112339 0
1570183987827 0.009128757752478123 0
1570183989862 0.012292250990867615 0
1570183991965 0.014059007167816162 0
1570183993602 0.010965501889586449 0
1570183995321 0.012613194063305855 0
1570183997320 0.01437879353761673 0
1570183999129 0.012707672081887722 0
1570184001215 0.012272084131836891 0
1570184002808 0.016122573986649513 0
1570184004348 0.012608355842530727 0
1570184006376 0.01706555485725403 0
1570184008247 0.011155178770422935 0
1570184010646 0.015455886721611023 0
1570184012416 0.012532705441117287 0
1570184014219 0.014527508057653904 0
1570184016290 0.016418881714344025 0
1570184018132 0.012501193210482597 0
1570184019956 0.013068657368421555 0
1570184021724 0.012021008878946304 0
1570184023527 0.014161262661218643 0
1570184025173 0.015025956556200981 0
1570184027565 0.0074158720672130585 0
1570184029608 0.01427321694791317 0
1570184031782 0.011757908388972282 0
1570184033871 0.013319391757249832 0
1570184035778 0.01839032582938671 0
1570184037480 0.013314439915120602 0
1570184039179 0.017838818952441216 0
1570184041229 0.010924618691205978 0
1570184043302 0.012163377366960049 0
1570184045104 0.011031407862901688 0
1570184047167 0.011403463780879974 0
1570184048841 0.011626035906374454 0
1570184050673 0.016867075115442276 0
1570184052557 0.011558549478650093 0
1570184054333 0.018480321392416954 0
1570184056641 0.014144789427518845 0
1570184058558 0.009432941675186157 0
1570184060745 0.010666202753782272 0
1570184062867 0.01249620784074068 0
1570184064686 0.011188291013240814 0
1570184066431 0.014077533036470413 0
1570184067990 0.017252380028367043 0
1570184069712 0.014648065902292728 0
1570184071577 0.010423760861158371 0
1570184073302 0.01138099655508995 0
1570184074780 0.012318423017859459 0
1570184076440 0.014483406208455563 0
1570184078100 0.014043295755982399 0
1570184079729 0.012248986400663853 0
1570184081384 0.012639112770557404 0
1570184083078 0.01066311914473772 0
1570184084880 0.011790299788117409 0
1570184086503 0.008308378979563713 0
1570184088168 0.010167967528104782 0
1570184089835 0.014980018138885498 0
1570184091483 0.013724207878112793 0
1570184093314 0.009037615731358528 0
1570184095390 0.014235997572541237 0
1570184097216 0.016101699322462082 0
1570184098730 0.011769772507250309 0
1570184100334 0.01172427274286747 0
1570184101993 0.012139707803726196 0
1570184103682 0.010749753564596176 0
1570184105345 0.015752043575048447 0
1570184107084 0.013769486919045448 0
1570184108820 0.015347005799412727 0
1570184110462 0.010827084071934223 0
1570184112371 0.016725093126296997 0
1570184114295 0.011854199692606926 0
1570184116419 0.010239009745419025 0
1570184118333 0.01817864179611206 0
1570184120588 0.015045254491269588 0
1570184122378 0.0160229429602623 0
1570184123987 0.009702036157250404 0
1570184125615 0.016280781477689743 0
1570184127525 0.01343737542629242 0
1570184129568 0.009351263754069805 0
1570184131742 0.011548296548426151 0
1570184133612 0.011289197951555252 0
1570184135594 0.009616462513804436 0
1570184137528 0.011848240159451962 0
1570184139221 0.010940240696072578 0
1570184141033 0.013973938301205635 0
1570184142845 0.007642760872840881 0
1570184144400 0.014715606346726418 0
1570184146111 0.011974264867603779 0
1570184147901 0.009836841374635696 0
1570184149919 0.010575681924819946 0
1570184152029 0.011040517129004002 0
1570184153816 0.014573391526937485 0
1570184155818 0.009399852715432644 0
1570184157988 0.01329385582357645 0
1570184159677 0.013144408352673054 0
1570184161809 0.014312728308141232 0
1570184163975 0.01961461640894413 0
1570184165753 0.013088030740618706 0
1570184167868 0.012934211641550064 0
1570184169731 0.012694606557488441 0
1570184171774 0.008383288979530334 0
1570184173802 0.014238842763006687 0
1570184175773 0.00867258571088314 0
1570184178100 0.011124661192297935 0
1570184179977 0.016083240509033203 0
1570184182202 0.009756851941347122 0
1570184184289 0.013715642504394054 0
1570184186013 0.01202656514942646 0
1570184187889 0.014448994770646095 0
1570184189731 0.012774487026035786 0
1570184191755 0.014171336777508259 0
1570184193782 0.009242602623999119 0
1570184195563 0.013215084560215473 0
1570184197482 0.01206663716584444 0
1570184199654 0.009796293452382088 0
1570184201645 0.013255294412374496 0
1570184204085 0.01667706109583378 0
1570184206132 0.011048059910535812 0
1570184208182 0.007598665542900562 0
1570184210154 0.014724369160830975 0
1570184211760 0.01451535802334547 0
1570184213756 0.015630707144737244 0
1570184215911 0.01579243689775467 0
1570184217569 0.009793338365852833 0
1570184219298 0.00993989035487175 0
1570184221196 0.010871670208871365 0
1570184223147 0.011287660337984562 0
1570184225047 0.010897157713770866 0
1570184227235 0.011630935594439507 0
1570184229256 0.012590770609676838 0
1570184231422 0.012434910982847214 0
1570184233337 0.011151909828186035 0
1570184235131 0.011427700519561768 0
1570184237040 0.012863261625170708 0
1570184238901 0.012286782264709473 0
1570184240861 0.011784017086029053 0
1570184242806 0.010549873113632202 0
1570184244543 0.01562819629907608 0
1570184246451 0.009545893408358097 0
1570184248457 0.010732079856097698 0
1570184250693 0.01299063116312027 0
1570184252721 0.013255876488983631 0
1570184254395 0.013788735494017601 0
1570184256371 0.012652106583118439 0
1570184258306 0.010618950240314007 0
1570184260233 0.010499730706214905 0
1570184262377 0.010519730858504772 0
1570184264343 0.014482464641332626 0
1570184266333 0.010687457397580147 0
1570184268362 0.012329813092947006 0
1570184270306 0.010462486185133457 0
1570184272319 0.018663734197616577 0
1570184274228 0.011640910059213638 0
1570184276046 0.019187098369002342 0
1570184278297 0.013909089379012585 0
1570184280320 0.012810643762350082 0
1570184281895 0.010035552084445953 0
1570184283533 0.012432480230927467 0
1570184285365 0.012046120129525661 0
1570184287236 0.014529911801218987 0
1570184289155 0.011216273531317711 0
1570184290975 0.016602858901023865 0
1570184292695 0.013379247859120369 0
1570184294726 0.009893296286463737 0
1570184296537 0.009981852024793625 0
1570184298569 0.01503156777471304 0
1570184300661 0.016639744862914085 0
1570184302591 0.0148185845464468 0
1570184304437 0.01309003122150898 0
1570184306552 0.013616887852549553 0
1570184308617 0.01457780972123146 0
1570184310984 0.01620488613843918 0
1570184312835 0.0074868397787213326 0
1570184314939 0.01102953590452671 0
1570184316871 0.011051652953028679 0
1570184318716 0.01004260964691639 0
1570184320705 0.009994648396968842 0
1570184322857 0.014132311567664146 0
1570184324708 0.010705428197979927 0
1570184326946 0.011319240555167198 0
1570184328948 0.007729639764875174 0
1570184330972 0.015453195199370384 0
1570184333144 0.01050588022917509 0
1570184335038 0.012588702142238617 0
1570184337141 0.014600252732634544 0
1570184339218 0.012335439212620258 0
1570184341232 0.011937311850488186 0
1570184343349 0.014927967451512814 0
1570184345288 0.011715278960764408 0
1570184346977 0.010641427710652351 0
1570184348975 0.014714621007442474 0
1570184350887 0.011410604231059551 0
1570184352882 0.013178713619709015 0
1570184354915 0.01104778703302145 0
1570184356710 0.011637609452009201 0
1570184358897 0.010827763006091118 0
1570184360821 0.010097537189722061 0
1570184362700 0.018711499869823456 0
1570184364716 0.01148949470371008 0
1570184366857 0.012907874770462513 0
1570184368604 0.010990455746650696 0
1570184370658 0.007556367665529251 0
1570184372709 0.014445860870182514 0
1570184374332 0.01063108816742897 0
1570184376063 0.00984591618180275 0
1570184378121 0.014157934114336967 0
1570184379913 0.011319241486489773 0
1570184381619 0.009824235923588276 0
1570184383486 0.013347414322197437 0
1570184385407 0.00904933176934719 0
1570184387458 0.01341613382101059 0
1570184389266 0.010192597284913063 0
1570184391280 0.013742659240961075 0
1570184393353 0.015035683289170265 0
1570184395190 0.011571679264307022 0
1570184397363 0.011361461132764816 0
1570184399465 0.008821310475468636 0
1570184401128 0.010688476264476776 0
1570184402862 0.00836820900440216 0
1570184404874 0.013857394456863403 0
1570184406489 0.01478014886379242 0
1570184408336 0.010542957112193108 0
1570184410349 0.01087707094848156 0
1570184412099 0.01555482018738985 0
1570184414203 0.007060161791741848 0
1570184416204 0.013570571318268776 0
1570184418155 0.008270874619483948 0
1570184420062 0.011631318368017673 0
1570184421822 0.01352778635919094 0
1570184423653 0.0102127306163311 0
1570184425639 0.010784944519400597 0
1570184427638 0.014515969902276993 0
1570184429712 0.012689761817455292 0
1570184431692 0.012855278328061104 0
1570184433515 0.011183265596628189 0
1570184435481 0.015033669769763947 0
1570184437606 0.008955221623182297 0
1570184439323 0.013412297703325748 0
1570184441023 0.009504110552370548 0
1570184442780 0.01075681485235691 0
1570184444529 0.008536698296666145 0
1570184446459 0.008819042704999447 0
1570184448355 0.009474638849496841 0
1570184450077 0.011200696229934692 0
1570184452249 0.009105545468628407 0
1570184454329 0.011711224913597107 0
1570184456278 0.009037373587489128 0
1570184458131 0.016343487426638603 0
1570184459932 0.012089215219020844 0
1570184461874 0.010391928255558014 0
1570184463468 0.011843038722872734 0
1570184465335 0.008404649794101715 0
1570184467443 0.010386757552623749 0
1570184469259 0.010781895369291306 0
1570184470997 0.01337682455778122 0
1570184472774 0.00937112420797348 0
1570184474596 0.010579804889857769 0
1570184476542 0.010579393245279789 0
1570184478409 0.014781855046749115 0
1570184480289 0.009365222416818142 0
1570184482320 0.012384920381009579 0
1570184484403 0.011476833373308182 0
1570184486159 0.012527641840279102 0
1570184488403 0.014255530200898647 0
1570184490217 0.009510912001132965 0
1570184492253 0.010669447481632233 0
1570184494295 0.008971507661044598 0
1570184496141 0.017240844666957855 0
1570184498254 0.012424945831298828 0
1570184500261 0.011061261408030987 0
1570184502090 0.011978492140769958 0
1570184504000 0.00844382494688034 0
1570184505843 0.01307034119963646 0
1570184507496 0.009591231122612953 0
1570184509442 0.008900079876184464 0
1570184511372 0.010845260694622993 0
1570184513147 0.0070455498062074184 0
1570184515288 0.011956792324781418 0
1570184517347 0.007751752156764269 0
1570184519520 0.0066327620297670364 0
1570184521600 0.012821445241570473 0
1570184523344 0.01137595996260643 0
1570184525089 0.014363937079906464 0
1570184527073 0.0110110342502594 0
1570184528826 0.014311892911791801 0
1570184530899 0.0106472447514534 0
1570184532869 0.008613698184490204 0
1570184534598 0.010062496177852154 0
1570184536718 0.006351860240101814 0
1570184538590 0.009500687010586262 0
1570184540583 0.008507223799824715 0
1570184542536 0.009968738071620464 0
1570184544341 0.013780234381556511 0
1570184546478 0.012958684004843235 0
1570184548500 0.014615760184824467 0
1570184550133 0.011833897791802883 0
1570184552333 0.010511028580367565 0
1570184554587 0.011756807565689087 0
1570184556399 0.009922953322529793 0
1570184558311 0.01365472748875618 0
1570184560187 0.013997982256114483 0
1570184562401 0.008236240595579147 0
1570184564601 0.007953201420605183 0
1570184566485 0.012984822504222393 0
1570184568521 0.011927125975489616 0
1570184570717 0.009141732007265091 0
1570184572781 0.012423123233020306 0
1570184574982 0.01377272978425026 0
1570184576998 0.0122629189863801 0
1570184578842 0.00920400582253933 0
1570184581046 0.009545442648231983 0
1570184583295 0.014164811000227928 0
1570184585577 0.00968417339026928 0
1570184587539 0.008720992133021355 0
1570184589552 0.01047040056437254 0
1570184591668 0.008723539300262928 0
1570184593622 0.011952454224228859 0
1570184595454 0.0084578488022089 0
1570184597595 0.015198968350887299 0
1570184599484 0.012193828821182251 0
1570184601494 0.008407010696828365 0
1570184603690 0.008874781429767609 0
1570184605463 0.010570789687335491 0
1570184607516 0.008069362491369247 0
1570184609554 0.01297680102288723 0
1570184611427 0.011733055114746094 0
1570184613682 0.01182823907583952 0
1570184615765 0.006664850749075413 0
1570184617892 0.012534093111753464 0
1570184620077 0.010314736515283585 0
1570184622354 0.008193343877792358 0
1570184624492 0.008613385260105133 0
1570184626679 0.012644559144973755 0
1570184628597 0.009309988468885422 0
1570184630942 0.01034369133412838 0
1570184633175 0.012749996036291122 0
1570184635037 0.006832449696958065 0
1570184637165 0.01129012368619442 0
1570184639365 0.013522239401936531 0
1570184641673 0.010724618099629879 0
1570184643644 0.008749695494771004 0
1570184645421 0.011492354795336723 0
1570184647444 0.010064298287034035 0
1570184649477 0.0073676202446222305 0
1570184651772 0.007746730465441942 0
1570184653811 0.012523620389401913 0
1570184655689 0.010489489883184433 0
1570184657831 0.011807282455265522 0
1570184659961 0.011119527742266655 0
1570184661815 0.011572454124689102 0
1570184663944 0.009079119190573692 0
1570184666065 0.010520955547690392 0
1570184668376 0.011681709438562393 0
1570184670430 0.010656198486685753 0
1570184672349 0.009344706311821938 0
1570184674335 0.011547209694981575 0
1570184676059 0.0092353206127882 0
1570184677922 0.010445419698953629 0
1570184680079 0.010724320076406002 0
1570184681884 0.011059269309043884 0
1570184683886 0.009851229377090931 0
1570184685945 0.017222702503204346 0
1570184688150 0.010713428258895874 0
1570184690385 0.009421336464583874 0
1570184692107 0.010820167139172554 0
1570184694243 0.00951972883194685 0
1570184696250 0.0117284394800663 0
1570184698322 0.008348224684596062 0
1570184700554 0.006547580473124981 0
1570184702748 0.012613680213689804 0
1570184704817 0.0051148273050785065 0
1570184707083 0.012586800381541252 0
1570184708974 0.012359685264527798 0
1570184710619 0.01562907174229622 0
1570184712633 0.012288888916373253 0
1570184714562 0.008855694904923439 0
1570184716738 0.013820312917232513 0
1570184718737 0.008395273238420486 0
1570184720652 0.01117546483874321 0
1570184722984 0.01235596276819706 0
1570184725072 0.007754934951663017 0
1570184726925 0.011005589738488197 0
1570184729220 0.013048388063907623 0
1570184731053 0.009121274575591087 0
1570184732984 0.010443530976772308 0
1570184735110 0.008420342579483986 0
1570184737090 0.00809522531926632 0
1570184739620 0.01119537279009819 0
1570184741796 0.010156316682696342 0
1570184743881 0.008774532936513424 0
1570184746048 0.009946789592504501 0
1570184748087 0.010268189944326878 0
1570184750310 0.010633409023284912 0
1570184752582 0.006744572892785072 0
1570184754570 0.01290074735879898 0
1570184756759 0.00832071527838707 0
1570184758727 0.007529207970947027 0
1570184760498 0.013375106267631054 0
1570184762364 0.010813821107149124 0
1570184764191 0.008741249330341816 0
1570184765915 0.008315350860357285 0
1570184768186 0.0062722098082304 0
1570184770264 0.008770983666181564 0
1570184772061 0.011050992645323277 0
1570184774158 0.006673519965261221 0
1570184776208 0.011901671066880226 0
1570184778388 0.010911544784903526 0
1570184780260 0.008704504929482937 0
1570184782397 0.008714800700545311 0
1570184784620 0.008251868188381195 0
1570184787023 0.009620852768421173 0
1570184789033 0.008015582337975502 0
1570184790960 0.010663993656635284 0
1570184792993 0.009666458703577518 0
1570184795149 0.01447681337594986 0
1570184797515 0.01172966044396162 0
1570184799417 0.011348254978656769 0
1570184801402 0.01001296192407608 0
1570184803663 0.007838403806090355 0
1570184805591 0.007278406992554665 0
1570184807934 0.011846357956528664 0
1570184809983 0.00877077691257 0
1570184811936 0.009029071778059006 0
1570184814156 0.010082099586725235 0
1570184816368 0.011525936424732208 0
1570184818579 0.0100632943212986 0
1570184820921 0.013382881879806519 0
1570184822936 0.009787414222955704 0
1570184825133 0.009417280554771423 0
1570184827317 0.014009135775268078 0
1570184829106 0.007400203496217728 0
1570184831007 0.01474112831056118 0
1570184832928 0.010853700339794159 0
1570184834920 0.011118648573756218 0
1570184836995 0.008202238008379936 0
1570184839036 0.009001161903142929 0
1570184841323 0.01570964977145195 0
1570184843312 0.00942358560860157 0
1570184845382 0.009098743088543415 0
1570184847503 0.009098179638385773 0
1570184849313 0.011829288676381111 0
1570184851209 0.009348840452730656 0
1570184853241 0.01580638997256756 0
1570184855126 0.00882705394178629 0
1570184857386 0.00820066500455141 0
1570184859421 0.0115119107067585 0
1570184861931 0.014446509070694447 0
1570184864284 0.010740339756011963 0
1570184866099 0.00919889286160469 0
1570184867959 0.012011360377073288 0
1570184870043 0.006806155666708946 0
1570184872130 0.015262847766280174 0
1570184874561 0.013564452528953552 0
1570184876799 0.011594077572226524 0
1570184879004 0.007443642243742943 0
1570184881232 0.013508224859833717 0
1570184883264 0.008270904421806335 0
1570184885498 0.014636089093983173 0
1570184887557 0.00948525220155716 0
1570184889328 0.014472994953393936 0
1570184891319 0.01117683108896017 0
1570184893355 0.009456132538616657 0
1570184895800 0.007647774647921324 0
1570184897932 0.008315697312355042 0
1570184900098 0.01009996049106121 0
1570184902309 0.009864834137260914 0
1570184903923 0.008375267498195171 0
