1570182425094 0.6848633289337158 0
1570182426653 0.5419040322303772 0
1570182427972 0.5254068970680237 0
1570182429373 0.5693167448043823 0
1570182430777 0.4096468985080719 0
1570182432098 0.46994858980178833 0
1570182433330 0.7121304273605347 0
1570182434659 0.6278258562088013 0
1570182436147 0.7390503883361816 0
1570182437641 0.5972919464111328 0
1570182439119 0.5891008377075195 0
1570182440447 0.6144241690635681 0
1570182441878 0.46246328949928284 0
1570182443243 0.3766142427921295 0
1570182444708 0.37471526861190796 0
1570182446043 0.3896564245223999 0
1570182447468 0.684356689453125 0
1570182448773 0.6142386794090271 0
1570182450167 0.44104647636413574 0
1570182451534 0.6247053146362305 0
1570182452920 0.5266781449317932 0
1570182454184 0.5151846408843994 0
1570182455802 0.48966193199157715 0
1570182457412 0.49151480197906494 0
1570182458858 0.44148892164230347 0
1570182460185 0.5016320943832397 0
1570182461553 0.5405393242835999 0
1570182463014 0.4860619902610779 0
1570182464346 0.5219188928604126 0
1570182465714 0.5809102654457092 0
1570182466970 0.4920293688774109 0
1570182468266 0.5015115737915039 0
1570182469734 0.46451592445373535 0
1570182471414 0.47471290826797485 0
1570182472867 0.5712484121322632 0
1570182474378 0.5656061172485352 0
1570182475867 0.5984562635421753 0
1570182477164 0.32534897327423096 0
1570182478370 0.6122774481773376 0
1570182479617 0.38596275448799133 0
1570182480855 0.4579465389251709 0
1570182482228 0.5516566038131714 0
1570182483606 0.6554552316665649 0
1570182485194 0.4714806079864502 0
1570182486587 0.4979647397994995 0
1570182487881 0.39877620339393616 0
1570182489081 0.506966233253479 0
1570182490517 0.4845890402793884 0
1570182491952 0.6174956560134888 0
1570182493327 0.5341402888298035 0
1570182494563 0.5871232748031616 0
1570182495963 0.4042819142341614 0
1570182497434 0.5372889041900635 0
1570182498758 0.4464346170425415 0
1570182500123 0.5004847645759583 0
1570182501447 0.63753741979599 0
1570182502718 0.48764199018478394 0
1570182504063 0.4427100121974945 0
1570182505480 0.5028040409088135 0
1570182506975 0.4259472191333771 0
1570182508488 0.5760128498077393 0
1570182510031 0.4898532032966614 0
1570182511613 0.5540443062782288 0
1570182513033 0.4844053387641907 0
1570182514437 0.5487192869186401 0
1570182515674 0.3921423554420471 0
1570182516924 0.5448145866394043 0
1570182518207 0.4963916540145874 0
1570182519520 0.5455765128135681 0
1570182520978 0.5697508454322815 0
1570182522318 0.42654070258140564 0
1570182523694 0.5619043111801147 0
1570182525060 0.5505554676055908 0
1570182526414 0.6402279138565063 0
1570182527730 0.6440093517303467 0
1570182528972 0.4588659405708313 0
1570182530277 0.4790275990962982 0
1570182531697 0.4967573583126068 0
1570182533206 0.3879455327987671 0
1570182534596 0.38947123289108276 0
1570182535911 0.50040203332901 0
1570182537471 0.5601909160614014 0
1570182539011 0.5310081243515015 0
1570182540298 0.6327825784683228 0
1570182541895 0.4629155993461609 0
1570182543322 0.41207775473594666 0
1570182544715 0.4478304386138916 0
1570182546221 0.5410419702529907 0
1570182547652 0.3947423994541168 0
1570182549034 0.5140228271484375 0
1570182550624 0.4032944440841675 0
1570182552276 0.40499886870384216 0
1570182553661 0.5596436858177185 0
1570182554994 0.4775770306587219 0
1570182556605 0.42435774207115173 0
1570182558145 0.4452185332775116 0
1570182559505 0.4908539652824402 0
1570182561107 0.4658091068267822 0
1570182562585 0.5638149380683899 0
1570182564207 0.5155177116394043 0
1570182565688 0.43714606761932373 0
1570182567287 0.5176166296005249 0
1570182568645 0.32320672273635864 0
1570182569996 0.4377017915248871 0
1570182571809 0.3415869474411011 0
1570182573428 0.4462682902812958 0
1570182574848 0.49329888820648193 0
1570182576383 0.4524605870246887 0
1570182577931 0.5326521992683411 0
1570182579462 0.34685564041137695 0
1570182580802 0.4621364176273346 0
1570182582269 0.36281490325927734 0
1570182583783 0.44797542691230774 0
1570182586658 0.37245458364486694 0
1570182588010 0.4120182693004608 0
1570182589461 0.3361951410770416 0
1570182590851 0.46445369720458984 0
1570182592428 0.5185962915420532 0
1570182593931 0.4703965187072754 0
1570182595578 0.4674117863178253 0
1570182596902 0.336313933134079 0
1570182598419 0.5307401418685913 0
1570182599988 0.49186158180236816 0
1570182601535 0.446176141500473 0
1570182603083 0.5501254200935364 0
1570182604496 0.4760831594467163 0
1570182605853 0.40053319931030273 0
1570182607373 0.375487357378006 0
1570182608981 0.37797558307647705 0
1570182610500 0.39452409744262695 0
1570182612066 0.35601919889450073 0
1570182613669 0.4346315264701843 0
1570182615008 0.38969942927360535 0
1570182616536 0.43269264698028564 0
1570182618185 0.35289067029953003 0
1570182619794 0.5569097995758057 0
1570182621289 0.43240565061569214 0
1570182622733 0.38465940952301025 0
1570182624112 0.39435333013534546 0
1570182625482 0.5146870017051697 0
1570182626792 0.4434644877910614 0
1570182628342 0.43524861335754395 0
1570182629964 0.30718111991882324 0
1570182631550 0.4100685119628906 0
1570182632919 0.4426761865615845 0
1570182634369 0.42929843068122864 0
1570182635915 0.3928403854370117 0
1570182637537 0.36434948444366455 0
1570182639036 0.4661656618118286 0
1570182640518 0.4410102367401123 0
1570182641949 0.4565123915672302 0
1570182643440 0.4485740661621094 0
1570182644954 0.44337207078933716 0
1570182646378 0.5591212511062622 0
1570182647778 0.490325003862381 0
1570182649236 0.47740253806114197 0
1570182650709 0.4625501036643982 0
1570182652468 0.4783267080783844 0
1570182653814 0.3898446559906006 0
1570182655165 0.4351562559604645 0
1570182657685 0.5773037672042847 0
1570182659145 0.45221346616744995 0
1570182660463 0.41634929180145264 0
1570182661904 0.3412016034126282 0
1570182663300 0.42000117897987366 0
1570182664728 0.3166957497596741 0
1570182666343 0.3375702202320099 0
1570182667704 0.407554566860199 0
1570182669214 0.4174618422985077 0
1570182670726 0.483271062374115 0
1570182672399 0.3438839614391327 0
1570182674126 0.4459688663482666 0
1570182675695 0.3719915449619293 0
1570182677014 0.3331960439682007 0
1570182678525 0.382617324590683 0
1570182679946 0.4017943739891052 0
1570182681473 0.3754330277442932 0
1570182682990 0.35534602403640747 0
1570182684723 0.49570220708847046 0
1570182686195 0.3776361346244812 0
1570182687570 0.3585546314716339 0
1570182688998 0.43596526980400085 0
1570182690429 0.33518922328948975 0
1570182691901 0.4535296559333801 0
1570182693512 0.37149548530578613 0
1570182695005 0.6712440252304077 0
1570182696314 0.37928247451782227 0
1570182697777 0.31304410099983215 0
1570182699347 0.5986623764038086 0
1570182701278 0.3599666655063629 0
1570182702828 0.5145902633666992 0
1570182704341 0.29469209909439087 0
1570182705693 0.3666204810142517 0
1570182707147 0.41244828701019287 0
1570182708612 0.4121173024177551 0
1570182710176 0.3226217031478882 0
1570182711816 0.40343940258026123 0
1570182713345 0.4140101671218872 0
1570182714605 0.4183734655380249 0
1570182716095 0.448202908039093 0
1570182717589 0.2879580855369568 0
1570182719104 0.44074177742004395 0
1570182720593 0.39504027366638184 0
1570182722064 0.35818421840667725 0
1570182723718 0.3496103286743164 0
1570182725149 0.36924636363983154 0
1570182726659 0.35151541233062744 0
1570182727988 0.41326528787612915 0
1570182729377 0.3506774604320526 0
1570182730885 0.3974106013774872 0
1570182732128 0.3937593400478363 0
1570182733436 0.34633922576904297 0
1570182734790 0.4392188489437103 0
1570182737057 0.3694981634616852 0
1570182738457 0.37635505199432373 0
1570182739777 0.5024615526199341 0
1570182741193 0.3317687213420868 0
1570182742524 0.4528356194496155 0
1570182744089 0.4882511496543884 0
1570182745509 0.33743396401405334 0
1570182747182 0.41738396883010864 0
1570182748686 0.4032285511493683 0
1570182750393 0.3035361170768738 0
1570182752064 0.3329637944698334 0
1570182753617 0.36841335892677307 0
1570182755204 0.49024879932403564 0
1570182756780 0.3441855311393738 0
1570182758363 0.41707244515419006 0
1570182759790 0.4913642406463623 0
1570182761271 0.4786547124385834 0
1570182762866 0.45935145020484924 0
1570182764409 0.3798474073410034 0
1570182765872 0.3617774248123169 0
1570182767528 0.3980865180492401 0
1570182769146 0.46724677085876465 0
1570182770630 0.4537982940673828 0
1570182771936 0.37332403659820557 0
1570182773232 0.3039248287677765 0
1570182774601 0.282696008682251 0
1570182776212 0.33410853147506714 0
1570182777616 0.41698482632637024 0
1570182779005 0.4299218952655792 0
1570182780367 0.3767324984073639 0
1570182781649 0.4052545130252838 0
1570182783244 0.48283302783966064 0
1570182784621 0.3748707175254822 0
1570182786028 0.42648422718048096 0
1570182787517 0.36956313252449036 0
1570182788964 0.296008825302124 0
1570182790417 0.35495367646217346 0
1570182791927 0.37691056728363037 0
1570182793376 0.41171324253082275 0
1570182794718 0.35025256872177124 0
1570182796148 0.2611244320869446 0
1570182797804 0.5370911359786987 0
1570182799335 0.36906611919403076 0
1570182800891 0.4798576831817627 0
1570182802593 0.2717023193836212 0
1570182804274 0.33379679918289185 0
1570182805945 0.49193906784057617 0
1570182807464 0.37311699986457825 0
1570182808874 0.41427624225616455 0
1570182810415 0.3815279006958008 0
1570182811913 0.36062347888946533 0
1570182813387 0.3733241558074951 0
1570182814871 0.343425989151001 0
1570182816539 0.3675083816051483 0
1570182818055 0.4147208333015442 0
1570182819643 0.3179662823677063 0
1570182821307 0.3604222536087036 0
1570182823040 0.36439049243927 0
1570182824520 0.33857399225234985 0
1570182825826 0.4010200500488281 0
1570182827285 0.4080539643764496 0
1570182828780 0.33151692152023315 0
1570182830095 0.32033300399780273 0
1570182831459 0.31795164942741394 0
1570182832873 0.42970436811447144 0
1570182834612 0.32816916704177856 0
1570182836168 0.4007002115249634 0
1570182837586 0.23522555828094482 0
1570182838984 0.3233078122138977 0
1570182840546 0.40326011180877686 0
1570182842104 0.42659991979599 0
1570182843759 0.45238569378852844 0
1570182845321 0.44375887513160706 0
1570182847870 0.32994288206100464 0
1570182849479 0.3659760355949402 0
1570182851227 0.4098012447357178 0
1570182852667 0.3468099534511566 0
1570182854075 0.37871843576431274 0
1570182855405 0.4079483151435852 0
1570182857168 0.3222196698188782 0
1570182858586 0.23526766896247864 0
1570182859918 0.4546326994895935 0
1570182861269 0.42921698093414307 0
1570182862592 0.30508193373680115 0
1570182863995 0.45732516050338745 0
1570182865759 0.39182984828948975 0
1570182867378 0.35919424891471863 0
1570182869004 0.3767696022987366 0
1570182870650 0.378750741481781 0
1570182872319 0.3832998275756836 0
1570182873814 0.3460662364959717 0
1570182875325 0.4124658703804016 0
1570182876683 0.3137698173522949 0
1570182877999 0.3250439763069153 0
1570182879422 0.4511122405529022 0
1570182880844 0.2833663821220398 0
1570182882330 0.28000226616859436 0
1570182883866 0.43402570486068726 0
1570182885276 0.3463252782821655 0
1570182886693 0.3353741765022278 0
1570182888312 0.438060998916626 0
1570182889907 0.296345591545105 0
1570182891633 0.36030110716819763 0
1570182893069 0.3676831126213074 0
1570182894371 0.47763872146606445 0
1570182895743 0.37361228466033936 0
1570182897147 0.28692924976348877 0
1570182898621 0.3805539608001709 0
1570182900762 0.35796332359313965 0
1570182902280 0.4173261523246765 0
1570182903806 0.5701813101768494 0
1570182905296 0.31606554985046387 0
1570182906889 0.4509001076221466 0
1570182908366 0.24031201004981995 0
1570182909710 0.46344560384750366 0
1570182911145 0.41811490058898926 0
1570182912782 0.3815460801124573 0
1570182914337 0.37337997555732727 0
1570182915656 0.36899781227111816 0
1570182916984 0.3543168306350708 0
1570182918469 0.35733795166015625 0
1570182919942 0.4585507810115814 0
1570182921408 0.33602267503738403 0
1570182922851 0.528451144695282 0
1570182924339 0.5263271331787109 0
1570182925901 0.4083560109138489 0
1570182927502 0.40783944725990295 0
1570182928870 0.3810322880744934 0
1570182930335 0.2968607544898987 0
1570182931987 0.35919827222824097 0
1570182933413 0.3357979655265808 0
1570182934823 0.3113594055175781 0
1570182936601 0.3986288905143738 0
1570182938036 0.25298556685447693 0
1570182939534 0.3334905505180359 0
1570182941017 0.3505091071128845 0
1570182942358 0.32524052262306213 0
1570182943869 0.47083258628845215 0
1570182945628 0.32154884934425354 0
1570182947267 0.43475428223609924 0
1570182948830 0.36999601125717163 0
1570182950473 0.3306159973144531 0
1570182952110 0.3426177501678467 0
1570182953661 0.4280867278575897 0
1570182955174 0.3856831192970276 0
1570182956748 0.3205214738845825 0
1570182958178 0.4377812147140503 0
1570182959691 0.33549875020980835 0
1570182961298 0.38223862648010254 0
1570182962576 0.4444149136543274 0
1570182963815 0.3199477791786194 0
1570182965047 0.2600465416908264 0
1570182966371 0.32850411534309387 0
1570182967886 0.3024648129940033 0
1570182969319 0.272702693939209 0
1570182971002 0.5084558725357056 0
1570182972660 0.3035758137702942 0
1570182974295 0.4435659945011139 0
1570182975665 0.4028950333595276 0
1570182977144 0.3917626738548279 0
1570182978562 0.4072435796260834 0
1570182980134 0.40157178044319153 0
1570182981873 0.2234431505203247 0
1570182983518 0.28141188621520996 0
1570182985180 0.4062275290489197 0
1570182986580 0.4006301760673523 0
1570182987964 0.40314820408821106 0
1570182989537 0.3878277540206909 0
1570182991188 0.314717561006546 0
1570182992823 0.3980278968811035 0
1570182994450 0.3791343569755554 0
1570182996121 0.33550795912742615 0
1570182997841 0.274259477853775 0
1570182999687 0.3380374014377594 0
1570183001425 0.3753051161766052 0
1570183003189 0.4213985800743103 0
1570183004773 0.3692028522491455 0
1570183006388 0.32218384742736816 0
1570183007882 0.3993147909641266 0
1570183009322 0.4513489603996277 0
1570183010748 0.24847397208213806 0
1570183012187 0.33881300687789917 0
1570183013850 0.4466644525527954 0
1570183015447 0.3654540777206421 0
1570183016861 0.2932010889053345 0
1570183018208 0.5343228578567505 0
1570183019658 0.40397751331329346 0
1570183021061 0.364925742149353 0
1570183022752 0.33301371335983276 0
1570183024301 0.3736281394958496 0
1570183026015 0.43558546900749207 0
1570183027460 0.26424360275268555 0
1570183028733 0.34826505184173584 0
1570183030103 0.5542033910751343 0
1570183031612 0.4194221496582031 0
1570183033201 0.290263295173645 0
1570183034813 0.44709768891334534 0
1570183036238 0.33923718333244324 0
1570183037727 0.3813377618789673 0
1570183039126 0.29449301958084106 0
1570183040555 0.2847279906272888 0
1570183041971 0.3970322608947754 0
1570183043423 0.3632100820541382 0
1570183045281 0.32058843970298767 0
1570183047049 0.32146626710891724 0
1570183048788 0.32327067852020264 0
1570183050314 0.31643450260162354 0
1570183051934 0.39891982078552246 0
1570183053475 0.4793064594268799 0
1570183055022 0.31177791953086853 0
1570183056706 0.3399166464805603 0
1570183058413 0.3522707223892212 0
1570183059965 0.3655465245246887 0
1570183061478 0.47351810336112976 0
1570183063074 0.3924727737903595 0
1570183064745 0.36162805557250977 0
1570183066285 0.2884264588356018 0
1570183068055 0.45769202709198 0
1570183069583 0.25375330448150635 0
1570183071194 0.36753517389297485 0
1570183072975 0.43642839789390564 0
1570183074769 0.3167561888694763 0
1570183076544 0.388637512922287 0
1570183078046 0.4363366365432739 0
1570183079573 0.4290659427642822 0
1570183081220 0.44100645184516907 0
1570183082973 0.29341351985931396 0
1570183084466 0.3405935764312744 0
1570183086034 0.44564610719680786 0
1570183087473 0.3465285003185272 0
1570183088871 0.40050557255744934 0
1570183090536 0.3581355810165405 0
1570183092356 0.37927067279815674 0
1570183094040 0.38348478078842163 0
1570183095695 0.4521041512489319 0
1570183097153 0.35689884424209595 0
1570183098836 0.18096303939819336 0
1570183100492 0.3377240300178528 0
1570183102129 0.2815936207771301 0
1570183103910 0.3752191960811615 0
1570183105655 0.30979639291763306 0
1570183107370 0.3217179775238037 0
1570183109121 0.2580275535583496 0
1570183110741 0.4450388550758362 0
1570183112330 0.4155372977256775 0
1570183114106 0.40905702114105225 0
1570183115995 0.3199520707130432 0
1570183117532 0.33631783723831177 0
1570183119195 0.37731438875198364 0
1570183120728 0.286590576171875 0
1570183122260 0.485307514667511 0
1570183123702 0.3490619659423828 0
1570183125176 0.4223136305809021 0
1570183126706 0.4948291480541229 0
1570183128304 0.3203495740890503 0
1570183129881 0.350628137588501 0
1570183131367 0.22834961116313934 0
1570183132890 0.40560752153396606 0
1570183134306 0.39289331436157227 0
1570183135781 0.34514325857162476 0
1570183137329 0.3746173083782196 0
1570183138976 0.4273308515548706 0
1570183140495 0.3459656834602356 0
1570183141962 0.33730292320251465 0
1570183143520 0.27082204818725586 0
1570183145108 0.42503905296325684 0
1570183146722 0.3192390203475952 0
1570183148192 0.4537453055381775 0
1570183149674 0.25180956721305847 0
1570183151241 0.4642591178417206 0
1570183152780 0.3529357314109802 0
1570183154170 0.3680155277252197 0
1570183155718 0.26931431889533997 0
1570183157263 0.3455522060394287 0
1570183158828 0.42595165967941284 0
1570183160214 0.38702845573425293 0
1570183161913 0.2832641303539276 0
1570183163484 0.3196623623371124 0
1570183165161 0.4185178279876709 0
1570183166768 0.30614763498306274 0
1570183168220 0.3280668258666992 0
1570183169715 0.343770831823349 0
1570183171381 0.31968533992767334 0
1570183173088 0.34416162967681885 0
1570183174702 0.3128601908683777 0
1570183176315 0.3423875868320465 0
1570183177754 0.48689502477645874 0
1570183179286 0.5005767941474915 0
1570183180743 0.2828086018562317 0
1570183182311 0.26683634519577026 0
1570183183813 0.27562564611434937 0
1570183185374 0.3183974623680115 0
1570183186940 0.43917322158813477 0
1570183188598 0.44543465971946716 0
1570183190490 0.3704645037651062 0
1570183192353 0.35634326934814453 0
1570183194040 0.33100616931915283 0
1570183195607 0.518006443977356 0
1570183197260 0.47369176149368286 0
1570183198828 0.3936603367328644 0
1570183200215 0.3406327962875366 0
1570183201748 0.39070215821266174 0
1570183203251 0.32147371768951416 0
1570183204688 0.3415408432483673 0
1570183206019 0.34626486897468567 0
1570183207360 0.3887534737586975 0
1570183208781 0.5176951885223389 0
1570183210198 0.4510664939880371 0
1570183211716 0.3812441825866699 0
1570183213172 0.41775476932525635 0
1570183214538 0.4066232740879059 0
1570183215954 0.3790416121482849 0
1570183217480 0.3921578526496887 0
1570183219086 0.33902478218078613 0
1570183220577 0.38012251257896423 0
1570183222097 0.30993643403053284 0
1570183223625 0.2837015390396118 0
1570183225118 0.3864274024963379 0
1570183226770 0.32633882761001587 0
1570183228757 0.4584639072418213 0
1570183230635 0.2989850342273712 0
1570183232195 0.3125402331352234 0
1570183233650 0.2537291347980499 0
1570183235149 0.4024583697319031 0
1570183236727 0.2874457836151123 0
1570183238182 0.31193163990974426 0
1570183239717 0.2342023402452469 0
1570183241377 0.3562483489513397 0
1570183243293 0.35082846879959106 0
1570183244950 0.3142141103744507 0
1570183246443 0.35432296991348267 0
1570183248184 0.43836164474487305 0
1570183250125 0.20165416598320007 0
1570183251587 0.3458595871925354 0
1570183253139 0.3121640980243683 0
1570183254752 0.4485812783241272 0
1570183256273 0.3658908009529114 0
1570183257876 0.2506583333015442 0
1570183259534 0.24468031525611877 0
1570183261154 0.2462989091873169 0
1570183262779 0.255027711391449 0
1570183264482 0.26432836055755615 0
1570183266118 0.36993175745010376 0
1570183267850 0.2851455509662628 0
1570183269734 0.445473849773407 0
1570183271528 0.3514784574508667 0
1570183272966 0.5331986546516418 0
1570183274707 0.3211575150489807 0
1570183276478 0.40327760577201843 0
1570183278046 0.43877512216567993 0
1570183279815 0.27906256914138794 0
1570183281582 0.3861037492752075 0
1570183283066 0.4076676368713379 0
1570183284887 0.32804495096206665 0
1570183286784 0.43012499809265137 0
1570183288311 0.21704888343811035 0
1570183289860 0.2765691876411438 0
1570183291532 0.41748958826065063 0
1570183293066 0.28613317012786865 0
1570183295017 0.3130534887313843 0
1570183296917 0.26805704832077026 0
1570183298666 0.26029840111732483 0
1570183300184 0.4148966670036316 0
1570183301735 0.2826850414276123 0
1570183303506 0.4342585802078247 0
1570183305303 0.24369649589061737 0
1570183306933 0.3143603503704071 0
1570183308477 0.28926360607147217 0
1570183310150 0.3198586702346802 0
1570183311897 0.32506081461906433 0
1570183313755 0.3346751928329468 0
1570183315517 0.3263218104839325 0
1570183317077 0.35158103704452515 0
1570183319000 0.3859262466430664 0
1570183320885 0.29094013571739197 0
1570183322736 0.39722979068756104 0
1570183324165 0.43080639839172363 0
1570183325919 0.3252250850200653 0
1570183327734 0.3880529999732971 0
1570183329355 0.42612481117248535 0
1570183330938 0.3125569820404053 0
1570183332709 0.3180890679359436 0
1570183334280 0.3216705620288849 0
1570183336079 0.2549552321434021 0
1570183337891 0.4985087513923645 0
1570183339735 0.2976130247116089 0
1570183341349 0.2867363393306732 0
1570183343026 0.45966511964797974 0
1570183344811 0.37797266244888306 0
1570183346413 0.5079861879348755 0
1570183347899 0.4411787986755371 0
1570183349599 0.31213971972465515 0
1570183351415 0.2935149073600769 0
1570183353036 0.42277753353118896 0
1570183354704 0.2942199110984802 0
1570183356635 0.27543023228645325 0
1570183358302 0.21166229248046875 0
1570183360184 0.35247355699539185 0
1570183361938 0.28480374813079834 0
1570183363596 0.3035218417644501 0
1570183365421 0.25426673889160156 0
1570183367306 0.4041142165660858 0
1570183369073 0.42752861976623535 0
1570183370705 0.4179118573665619 0
1570183372461 0.3342854678630829 0
1570183374289 0.37789300084114075 0
1570183376107 0.35555556416511536 0
1570183377915 0.3423134386539459 0
1570183379571 0.29536131024360657 0
1570183381204 0.39137953519821167 0
1570183383081 0.3748707175254822 0
1570183385021 0.3914588391780853 0
1570183386782 0.4408256411552429 0
1570183388432 0.2564626932144165 0
1570183390053 0.42630207538604736 0
1570183391645 0.3258920907974243 0
1570183393403 0.3348061442375183 0
1570183395371 0.40227386355400085 0
1570183397321 0.3667752146720886 0
1570183399038 0.3226339519023895 0
1570183400994 0.4588363766670227 0
1570183402921 0.2861911654472351 0
1570183404691 0.3276377320289612 0
1570183406479 0.25954675674438477 0
1570183408221 0.3340505361557007 0
1570183409979 0.2865141034126282 0
1570183411624 0.37343829870224 0
1570183413313 0.38950085639953613 0
1570183415301 0.33731237053871155 0
1570183416943 0.3454199433326721 0
1570183418520 0.3916807174682617 0
1570183420046 0.371055543422699 0
1570183421530 0.27408885955810547 0
1570183423204 0.2870085835456848 0
1570183424953 0.35920286178588867 0
1570183426706 0.3604746162891388 0
1570183428434 0.41419270634651184 0
1570183430228 0.26278579235076904 0
1570183431814 0.34634754061698914 0
1570183433474 0.2980723977088928 0
1570183435037 0.25719189643859863 0
1570183436836 0.24809026718139648 0
1570183438493 0.2647189199924469 0
1570183440217 0.2668842375278473 0
1570183442018 0.23278385400772095 0
1570183443702 0.40032029151916504 0
1570183445461 0.40251266956329346 0
1570183447262 0.36668673157691956 0
1570183449009 0.3838310241699219 0
1570183450474 0.32369086146354675 0
1570183452193 0.3700191378593445 0
1570183454051 0.41158467531204224 0
1570183455652 0.2745286822319031 0
1570183457365 0.43092018365859985 0
1570183459186 0.3150569200515747 0
1570183461015 0.4203058183193207 0
1570183462711 0.4034952223300934 0
1570183464457 0.4793283939361572 0
1570183466190 0.26746177673339844 0
1570183467821 0.33799266815185547 0
1570183469561 0.3194625973701477 0
1570183471539 0.29374030232429504 0
1570183473417 0.44251424074172974 0
1570183475197 0.35622507333755493 0
1570183476944 0.36567381024360657 0
1570183478482 0.33364176750183105 0
1570183479961 0.3518105745315552 0
1570183481526 0.30794185400009155 0
1570183483319 0.32924574613571167 0
1570183484921 0.4442628026008606 0
1570183486667 0.3416658639907837 0
1570183488556 0.2629164457321167 0
1570183490063 0.38534000515937805 0
1570183491564 0.35232532024383545 0
1570183493315 0.4048798084259033 0
1570183495241 0.48921507596969604 0
1570183497014 0.3183940052986145 0
1570183498607 0.2654604911804199 0
1570183500419 0.31189268827438354 0
1570183502061 0.47998952865600586 0
1570183503574 0.29830920696258545 0
1570183505411 0.26788264513015747 0
1570183507290 0.4157108664512634 0
1570183508820 0.44398215413093567 0
1570183510623 0.3501523733139038 0
1570183512502 0.273850679397583 0
1570183514318 0.2714269757270813 0
1570183516247 0.35259684920310974 0
1570183518165 0.361253023147583 0
1570183519827 0.30324476957321167 0
1570183521542 0.3184490203857422 0
1570183523599 0.3610893487930298 0
1570183525411 0.36917200684547424 0
1570183526958 0.35787707567214966 0
1570183528449 0.36357489228248596 0
1570183530077 0.34689807891845703 0
1570183531595 0.41365376114845276 0
1570183533228 0.3243791162967682 0
1570183534927 0.2852400839328766 0
1570183536740 0.4081733822822571 0
1570183538764 0.31855177879333496 0
1570183540566 0.28798216581344604 0
1570183542075 0.3281852900981903 0
1570183543545 0.4100196957588196 0
1570183545293 0.3518203794956207 0
1570183546914 0.21112799644470215 0
1570183548579 0.1982090175151825 0
1570183550495 0.38318371772766113 0
1570183552242 0.3718011975288391 0
1570183553926 0.2735443711280823 0
1570183555758 0.2878035008907318 0
1570183557662 0.35514235496520996 0
1570183559573 0.3172711730003357 0
1570183561414 0.4090278148651123 0
1570183563354 0.2670537233352661 0
1570183565109 0.4406832456588745 0
1570183566864 0.19886286556720734 0
1570183568668 0.32104793190956116 0
1570183570233 0.28626835346221924 0
1570183571815 0.2957255244255066 0
1570183573711 0.3610687851905823 0
1570183575576 0.32877588272094727 0
1570183577306 0.3293954133987427 0
1570183579130 0.3974716067314148 0
1570183580939 0.3314335346221924 0
1570183582674 0.2765846848487854 0
1570183584686 0.4079420566558838 0
1570183586451 0.2582615911960602 0
1570183587919 0.3735058903694153 0
1570183589718 0.23818457126617432 0
1570183591451 0.2670491337776184 0
1570183593191 0.31796860694885254 0
1570183594888 0.23896245658397675 0
1570183596687 0.2980573773384094 0
1570183598466 0.35029327869415283 0
1570183600197 0.3975655436515808 0
1570183601833 0.2917957901954651 0
1570183603724 0.312516987323761 0
1570183605353 0.319236159324646 0
1570183607031 0.26363077759742737 0
1570183608788 0.33866846561431885 0
1570183610487 0.2337232381105423 0
1570183612293 0.3729000389575958 0
1570183614013 0.30630284547805786 0
1570183616040 0.27656376361846924 0
1570183617894 0.3273029327392578 0
1570183619909 0.2977699637413025 0
1570183621861 0.41302794218063354 0
1570183623496 0.3305037319660187 0
1570183625376 0.3069530725479126 0
1570183626984 0.3394959568977356 0
1570183628632 0.26631927490234375 0
1570183630440 0.36524498462677 0
1570183632330 0.3425591289997101 0
1570183633989 0.2481834590435028 0
1570183635768 0.2923857867717743 0
1570183637663 0.4052553176879883 0
1570183639550 0.2976810932159424 0
1570183641223 0.47164320945739746 0
1570183643195 0.2980697751045227 0
1570183645300 0.30865830183029175 0
1570183646861 0.3865740895271301 0
1570183648562 0.4519919753074646 0
1570183650379 0.40812018513679504 0
1570183652142 0.31930410861968994 0
1570183653843 0.4353927969932556 0
1570183655730 0.31897956132888794 0
1570183657261 0.3846134543418884 0
1570183658857 0.3049843907356262 0
1570183660602 0.3253994286060333 0
1570183662358 0.3151983618736267 0
1570183664230 0.3359670042991638 0
1570183666215 0.28126388788223267 0
1570183668081 0.2814197540283203 0
1570183669651 0.45520272850990295 0
1570183671755 0.260029673576355 0
1570183673704 0.2724555730819702 0
1570183675340 0.30460619926452637 0
1570183677140 0.3435544967651367 0
1570183679070 0.2932574152946472 0
1570183680633 0.43104088306427 0
1570183682592 0.22575514018535614 0
1570183684598 0.33710888028144836 0
1570183686231 0.269839346408844 0
1570183688207 0.5033499598503113 0
1570183690129 0.4559882581233978 0
1570183691738 0.39026761054992676 0
1570183693620 0.2615545988082886 0
1570183695684 0.316972553730011 0
1570183697330 0.309175968170166 0
1570183699357 0.25092217326164246 0
1570183701392 0.3548261523246765 0
1570183703075 0.23276661336421967 0
1570183704838 0.3457033634185791 0
1570183706830 0.2756649851799011 0
1570183708532 0.35122954845428467 0
1570183710355 0.33433619141578674 0
1570183712271 0.330457866191864 0
1570183713926 0.40496155619621277 0
1570183715588 0.2389087975025177 0
1570183717616 0.25332045555114746 0
1570183719657 0.31910282373428345 0
1570183721299 0.40142548084259033 0
1570183723275 0.3774629831314087 0
1570183725316 0.23697206377983093 0
1570183727087 0.3951009511947632 0
1570183728813 0.35223546624183655 0
1570183730497 0.29713866114616394 0
1570183732176 0.32190489768981934 0
1570183733893 0.2693202495574951 0
1570183735733 0.33135101199150085 0
1570183737408 0.3464154899120331 0
1570183739302 0.37561750411987305 0
1570183741080 0.2624901235103607 0
1570183742782 0.3587101101875305 0
1570183744395 0.389501690864563 0
1570183746165 0.40769898891448975 0
1570183748051 0.4386290907859802 0
1570183749632 0.37263065576553345 0
1570183751430 0.39745834469795227 0
1570183753409 0.3953510522842407 0
1570183755431 0.3509930670261383 0
1570183757513 0.22921313345432281 0
1570183759359 0.35078805685043335 0
1570183761057 0.28499799966812134 0
1570183762964 0.32730036973953247 0
1570183764639 0.32129669189453125 0
1570183766401 0.3406338691711426 0
1570183768447 0.29694268107414246 0
1570183770017 0.34859776496887207 0
1570183771869 0.29000264406204224 0
1570183773845 0.38003939390182495 0
1570183775725 0.3371230959892273 0
1570183777545 0.3871370255947113 0
1570183779401 0.308394193649292 0
1570183781052 0.28236138820648193 0
1570183782800 0.24615851044654846 0
1570183784497 0.29447248578071594 0
1570183786218 0.3383479714393616 0
1570183787788 0.28024613857269287 0
1570183789412 0.322823166847229 0
1570183791249 0.25768139958381653 0
1570183793105 0.37102967500686646 0
1570183795193 0.34840312600135803 0
1570183797089 0.4447285830974579 0
1570183798803 0.34929823875427246 0
1570183800717 0.3532980680465698 0
1570183802856 0.2053762823343277 0
1570183804767 0.34481868147850037 0
1570183806745 0.30827730894088745 0
1570183808676 0.25237536430358887 0
1570183810361 0.339791476726532 0
1570183812105 0.29326391220092773 0
1570183813933 0.3584047555923462 0
1570183815644 0.5212647318840027 0
1570183817396 0.3203710913658142 0
1570183819405 0.21484766900539398 0
1570183821267 0.24704530835151672 0
1570183823259 0.28993165493011475 0
1570183825408 0.34374213218688965 0
1570183827181 0.34541255235671997 0
1570183829167 0.32688236236572266 0
1570183831340 0.28326332569122314 0
1570183833171 0.29868006706237793 0
1570183834973 0.3362674117088318 0
1570183836757 0.479957640171051 0
1570183838643 0.25610101222991943 0
1570183840250 0.3489994406700134 0
1570183842012 0.32041582465171814 0
1570183843822 0.2786661386489868 0
1570183845496 0.336706280708313 0
1570183847285 0.33828407526016235 0
1570183849127 0.24979950487613678 0
1570183850771 0.2126421332359314 0
1570183852571 0.22419044375419617 0
1570183854687 0.3789708912372589 0
1570183856476 0.27104651927948 0
1570183858121 0.29900556802749634 0
1570183860004 0.2962248921394348 0
1570183862109 0.35973498225212097 0
1570183863816 0.40838688611984253 0
1570183865452 0.29907768964767456 0
1570183866951 0.3261907398700714 0
1570183868591 0.35540974140167236 0
1570183870310 0.34805363416671753 0
1570183871939 0.4070953130722046 0
1570183873543 0.3210587799549103 0
1570183875234 0.27005040645599365 0
1570183876836 0.23665183782577515 0
1570183878620 0.3116595447063446 0
1570183880224 0.2997611165046692 0
1570183882093 0.40801501274108887 0
1570183884152 0.3008466362953186 0
1570183886333 0.3193820118904114 0
1570183888343 0.2884884178638458 0
1570183890031 0.2907179594039917 0
1570183891684 0.32668906450271606 0
1570183893217 0.33201104402542114 0
1570183894885 0.26681196689605713 0
1570183896424 0.3113611936569214 0
1570183897953 0.3656877875328064 0
1570183899642 0.3762463927268982 0
1570183901244 0.41485467553138733 0
1570183902950 0.1840059757232666 0
1570183904603 0.3473004102706909 0
1570183906546 0.2950964570045471 0
1570183908630 0.27356523275375366 0
1570183910639 0.3021356463432312 0
1570183912512 0.36723190546035767 0
1570183914332 0.33050835132598877 0
1570183915969 0.37162888050079346 0
1570183917718 0.3708147406578064 0
1570183919705 0.36996644735336304 0
1570183921515 0.2998631000518799 0
1570183923355 0.3032219707965851 0
1570183925040 0.4201667308807373 0
1570183926612 0.37592703104019165 0
1570183928249 0.23784875869750977 0
1570183930390 0.33832013607025146 0
1570183932073 0.33492475748062134 0
1570183934044 0.3043508231639862 0
1570183936010 0.30754101276397705 0
1570183937700 0.3802591562271118 0
1570183939449 0.28283989429473877 0
1570183941406 0.269195020198822 0
1570183943646 0.24894356727600098 0
1570183945499 0.22476574778556824 0
1570183947601 0.2894989848136902 0
1570183949280 0.3611729145050049 0
1570183951085 0.29601743817329407 0
1570183953179 0.4223172068595886 0
1570183955127 0.35025477409362793 0
1570183956794 0.27074867486953735 0
1570183958485 0.28955164551734924 0
1570183960427 0.33083558082580566 0
1570183962452 0.23453491926193237 0
1570183964714 0.36438286304473877 0
1570183966656 0.4053666591644287 0
1570183968378 0.2874877452850342 0
1570183970204 0.4166366159915924 0
1570183971948 0.33994078636169434 0
1570183974361 0.32550835609436035 0
1570183976319 0.3087625205516815 0
1570183978386 0.4386776387691498 0
1570183980370 0.22255980968475342 0
1570183982604 0.46918827295303345 0
1570183984152 0.345596581697464 0
1570183986027 0.26899799704551697 0
1570183987914 0.3692578077316284 0
1570183989911 0.16708782315254211 0
1570183992016 0.30413419008255005 0
1570183993648 0.33929455280303955 0
1570183995371 0.4030579626560211 0
1570183997410 0.27061402797698975 0
1570183999179 0.2754838466644287 0
1570184001259 0.3932094871997833 0
1570184002859 0.26850801706314087 0
1570184004407 0.3302796483039856 0
1570184006468 0.37920552492141724 0
1570184008337 0.35802289843559265 0
1570184010693 0.346515417098999 0
1570184012467 0.3220970034599304 0
1570184014310 0.31931114196777344 0
1570184016381 0.33545827865600586 0
1570184018176 0.3163920044898987 0
1570184020008 0.2921698987483978 0
1570184021813 0.2769905626773834 0
1570184023581 0.2656257748603821 0
1570184025265 0.3407488763332367 0
1570184027621 0.3751239478588104 0
1570184029690 0.1832631528377533 0
1570184031874 0.3785093128681183 0
1570184033963 0.29629209637641907 0
1570184035827 0.44697266817092896 0
1570184037531 0.2800385057926178 0
1570184039229 0.37645959854125977 0
1570184041320 0.31100136041641235 0
1570184043352 0.3317245841026306 0
1570184045167 0.26928287744522095 0
1570184047217 0.3214331865310669 0
1570184048892 0.27739784121513367 0
1570184050723 0.3808515667915344 0
1570184052650 0.3395620584487915 0
1570184054383 0.37741005420684814 0
1570184056704 0.2741399109363556 0
1570184058651 0.3500825762748718 0
1570184060795 0.3673941493034363 0
1570184062931 0.26835834980010986 0
1570184064734 0.18935230374336243 0
1570184066477 0.2942577004432678 0
1570184068040 0.3904171288013458 0
1570184069789 0.2923879027366638 0
1570184071661 0.2792229652404785 0
1570184073347 0.3266502916812897 0
1570184074825 0.37126052379608154 0
1570184076484 0.45405328273773193 0
1570184078144 0.29955124855041504 0
1570184079777 0.2792131006717682 0
1570184081449 0.29873842000961304 0
1570184083123 0.3112339377403259 0
1570184084947 0.2871549129486084 0
1570184086548 0.25289809703826904 0
1570184088213 0.3392447829246521 0
1570184089881 0.3233444094657898 0
1570184091528 0.2816993296146393 0
1570184093409 0.3536020517349243 0
1570184095512 0.3394956588745117 0
1570184097260 0.3641631603240967 0
1570184098800 0.2834612727165222 0
1570184100402 0.26313599944114685 0
1570184102038 0.23093652725219727 0
1570184103731 0.2663622498512268 0
1570184105395 0.36517107486724854 0
1570184107148 0.37146979570388794 0
1570184108865 0.41467058658599854 0
1570184110508 0.32405340671539307 0
1570184112465 0.3978457450866699 0
1570184114389 0.3073301911354065 0
1570184116464 0.25437742471694946 0
1570184118418 0.4465462565422058 0
1570184120684 0.26977020502090454 0
1570184122423 0.272217720746994 0
1570184124038 0.2999802827835083 0
1570184125668 0.36122018098831177 0
1570184127578 0.28107795119285583 0
1570184129686 0.34353673458099365 0
1570184131800 0.3631456792354584 0
1570184133664 0.28559112548828125 0
1570184135690 0.26101556420326233 0
1570184137613 0.26170945167541504 0
1570184139274 0.25242722034454346 0
1570184141085 0.3827909231185913 0
1570184142890 0.3349987864494324 0
1570184144454 0.2982732057571411 0
1570184146164 0.4026658535003662 0
1570184147953 0.2644587755203247 0
1570184150013 0.27552205324172974 0
1570184152081 0.31622833013534546 0
1570184153888 0.29719415307044983 0
1570184155878 0.2842307686805725 0
1570184158084 0.29806309938430786 0
1570184159734 0.4522813558578491 0
1570184161905 0.318915992975235 0
1570184164026 0.3660166263580322 0
1570184165827 0.2870069742202759 0
1570184167963 0.31207314133644104 0
1570184169781 0.2938588261604309 0
1570184171870 0.27173009514808655 0
1570184173898 0.36058637499809265 0
1570184175822 0.22228123247623444 0
1570184178153 0.29251256585121155 0
1570184180030 0.2642741799354553 0
1570184182255 0.24163635075092316 0
1570184184340 0.34207427501678467 0
1570184186111 0.37386149168014526 0
1570184187942 0.32784390449523926 0
1570184189802 0.3291342258453369 0
1570184191852 0.23407718539237976 0
1570184193840 0.30023467540740967 0
1570184195631 0.2461661994457245 0
1570184197535 0.40360748767852783 0
1570184199764 0.23418495059013367 0
1570184201742 0.2757225036621094 0
1570184204139 0.29325413703918457 0
1570184206229 0.3016695976257324 0
1570184208283 0.23983781039714813 0
1570184210208 0.367920845746994 0
1570184211872 0.2886415719985962 0
1570184213854 0.2721806764602661 0
1570184215956 0.3656030297279358 0
1570184217623 0.34257811307907104 0
1570184219365 0.24938857555389404 0
1570184221250 0.14972171187400818 0
1570184223244 0.1964643895626068 0
1570184225100 0.3624860942363739 0
1570184227280 0.2964439392089844 0
1570184229326 0.2708217203617096 0
1570184231521 0.2786470651626587 0
1570184233437 0.286673367023468 0
1570184235184 0.2613396644592285 0
1570184237094 0.23330733180046082 0
1570184238966 0.2896937131881714 0
1570184240914 0.3384397029876709 0
1570184242853 0.29249274730682373 0
1570184244598 0.23581722378730774 0
1570184246542 0.31745073199272156 0
1570184248557 0.28079235553741455 0
1570184250791 0.33334052562713623 0
1570184252768 0.4203210771083832 0
1570184254449 0.2406366467475891 0
1570184256425 0.28904998302459717 0
1570184258353 0.23890744149684906 0
1570184260290 0.2212321162223816 0
1570184262479 0.20817042887210846 0
1570184264458 0.3023243546485901 0
1570184266425 0.3366701006889343 0
1570184268417 0.30436116456985474 0
1570184270361 0.3301716148853302 0
1570184272403 0.3541160821914673 0
1570184274275 0.3540990948677063 0
1570184276146 0.338032066822052 0
1570184278351 0.3637733459472656 0
1570184280370 0.2658110558986664 0
1570184281948 0.3146364986896515 0
1570184283615 0.3442075252532959 0
1570184285434 0.254546582698822 0
1570184287293 0.37852728366851807 0
1570184289211 0.30333635210990906 0
1570184291023 0.3204081058502197 0
1570184292751 0.28617149591445923 0
1570184294826 0.2921649217605591 0
1570184296614 0.26163601875305176 0
1570184298663 0.37287721037864685 0
1570184300744 0.28178322315216064 0
1570184302646 0.27750229835510254 0
1570184304493 0.3504731059074402 0
1570184306625 0.3475455641746521 0
1570184308678 0.3518003225326538 0
1570184311066 0.3737577795982361 0
1570184312937 0.24771110713481903 0
1570184315003 0.2512522041797638 0
1570184316928 0.21142344176769257 0
1570184318785 0.4335356056690216 0
1570184320762 0.39286336302757263 0
1570184322909 0.28937309980392456 0
1570184324810 0.2698156237602234 0
1570184327049 0.307753324508667 0
1570184328996 0.19922471046447754 0
1570184331072 0.370546817779541 0
1570184333246 0.2429078221321106 0
1570184335167 0.32025769352912903 0
1570184337243 0.3418881893157959 0
1570184339310 0.3209889233112335 0
1570184341315 0.23215016722679138 0
1570184343428 0.2477532923221588 0
1570184345335 0.34582769870758057 0
1570184347033 0.3061601221561432 0
1570184349077 0.28142687678337097 0
1570184350936 0.3730214834213257 0
1570184352992 0.25645703077316284 0
1570184354982 0.3239445686340332 0
1570184356766 0.27371543645858765 0
1570184358991 0.34316420555114746 0
1570184360923 0.2679978013038635 0
1570184362806 0.37909770011901855 0
1570184364824 0.3172575831413269 0
1570184366969 0.337883323431015 0
1570184368661 0.35964345932006836 0
1570184370730 0.29730865359306335 0
1570184372765 0.38312095403671265 0
1570184374389 0.27215462923049927 0
1570184376119 0.27839797735214233 0
1570184378226 0.3096921443939209 0
1570184379968 0.320992112159729 0
1570184381674 0.2655438184738159 0
1570184383537 0.38713154196739197 0
1570184385497 0.2826318144798279 0
1570184387524 0.3521169424057007 0
1570184389322 0.26778146624565125 0
1570184391338 0.24734851717948914 0
1570184393454 0.3977949619293213 0
1570184395292 0.2866271734237671 0
1570184397441 0.32775479555130005 0
1570184399513 0.22456665337085724 0
1570184401185 0.3272498548030853 0
1570184402919 0.20695120096206665 0
1570184404922 0.23089753091335297 0
1570184406563 0.3266844153404236 0
1570184408398 0.21861833333969116 0
1570184410399 0.3490118682384491 0
1570184412156 0.30921071767807007 0
1570184414286 0.3018474578857422 0
1570184416260 0.34772789478302 0
1570184418211 0.3441411852836609 0
1570184420122 0.32822903990745544 0
1570184421895 0.2688291072845459 0
1570184423710 0.1941678524017334 0
1570184425707 0.2232450246810913 0
1570184427695 0.3256530165672302 0
1570184429768 0.33537012338638306 0
1570184431749 0.30454355478286743 0
1570184433572 0.2730427384376526 0
1570184435568 0.3582018315792084 0
1570184437663 0.2249869704246521 0
1570184439380 0.33706825971603394 0
1570184441080 0.42645418643951416 0
1570184442837 0.3353591561317444 0
1570184444586 0.28163230419158936 0
1570184446518 0.3012499213218689 0
1570184448411 0.21588373184204102 0
1570184450135 0.3194379508495331 0
1570184452319 0.258000910282135 0
1570184454436 0.3235767185688019 0
1570184456336 0.3113577961921692 0
1570184458186 0.3858059048652649 0
1570184459990 0.376443475484848 0
1570184461923 0.2966541051864624 0
1570184463527 0.41648080945014954 0
1570184465393 0.30399471521377563 0
1570184467549 0.3925102949142456 0
1570184469335 0.2615950107574463 0
1570184471053 0.36779308319091797 0
1570184472865 0.24463674426078796 0
1570184474654 0.2670195698738098 0
1570184476620 0.2988852262496948 0
1570184478463 0.2960742712020874 0
1570184480398 0.3118770122528076 0
1570184482427 0.3562464118003845 0
1570184484453 0.23458874225616455 0
1570184486265 0.3636293113231659 0
1570184488476 0.33857160806655884 0
1570184490324 0.25957971811294556 0
1570184492331 0.33874276280403137 0
1570184494344 0.2575759291648865 0
1570184496199 0.43730878829956055 0
1570184498334 0.4452621340751648 0
1570184500312 0.27015241980552673 0
1570184502212 0.3498942255973816 0
1570184504108 0.28161436319351196 0
1570184505897 0.37404316663742065 0
1570184507555 0.2798137068748474 0
1570184509523 0.2193543016910553 0
1570184511421 0.3320122957229614 0
1570184513208 0.24533648788928986 0
1570184515397 0.31346195936203003 0
1570184517457 0.2161039263010025 0
1570184519623 0.22974589467048645 0
1570184521649 0.3163508176803589 0
1570184523403 0.48775431513786316 0
1570184525147 0.3432958424091339 0
1570184527131 0.266481876373291 0
1570184528935 0.3480087220668793 0
1570184531006 0.40886563062667847 0
1570184532920 0.3306361436843872 0
1570184534658 0.20197159051895142 0
1570184536814 0.3085308372974396 0
1570184538649 0.30010825395584106 0
1570184540642 0.23757418990135193 0
1570184542588 0.34250307083129883 0
1570184544451 0.2876102924346924 0
1570184546542 0.3663167953491211 0
1570184548551 0.34374716877937317 0
1570184550242 0.29187583923339844 0
1570184552455 0.3691908121109009 0
1570184554637 0.3718239665031433 0
1570184556458 0.3355289697647095 0
1570184558398 0.42478203773498535 0
1570184560238 0.3251415491104126 0
1570184562510 0.28681838512420654 0
1570184564710 0.2816542983055115 0
1570184566544 0.3767337203025818 0
1570184568608 0.3948715031147003 0
1570184570826 0.3342556953430176 0
1570184572869 0.38652703166007996 0
1570184575053 0.3201022744178772 0
1570184577050 0.27526551485061646 0
1570184578946 0.26482632756233215 0
1570184581156 0.2867695689201355 0
1570184583403 0.3519322872161865 0
1570184585649 0.3009779453277588 0
1570184587640 0.27354365587234497 0
1570184589612 0.4478415846824646 0
1570184591778 0.23929397761821747 0
1570184593675 0.4074486196041107 0
1570184595514 0.2837856411933899 0
1570184597655 0.32751041650772095 0
1570184599543 0.34433799982070923 0
1570184601605 0.24607905745506287 0
1570184603800 0.2896365225315094 0
1570184605524 0.28461647033691406 0
1570184607576 0.27106592059135437 0
1570184609606 0.24605628848075867 0
1570184611500 0.332780122756958 0
1570184613793 0.3769938349723816 0
1570184615820 0.23979729413986206 0
1570184617951 0.3285430073738098 0
1570184620135 0.3358454704284668 0
1570184622408 0.31950879096984863 0
1570184624569 0.21954858303070068 0
1570184626781 0.30577051639556885 0
1570184628661 0.31282103061676025 0
1570184631052 0.36219704151153564 0
1570184633230 0.36026400327682495 0
1570184635098 0.24157780408859253 0
1570184637277 0.3156893253326416 0
1570184639476 0.40855586528778076 0
1570184641786 0.2813343405723572 0
1570184643699 0.3261603116989136 0
1570184645482 0.378603458404541 0
1570184647520 0.4018596410751343 0
1570184649589 0.24754971265792847 0
1570184651882 0.23863737285137177 0
1570184653875 0.330557644367218 0
1570184655750 0.24928393959999084 0
1570184657891 0.3702380359172821 0
1570184660020 0.27897483110427856 0
1570184661912 0.3033515214920044 0
1570184664057 0.30981212854385376 0
1570184666177 0.2943212687969208 0
1570184668481 0.27746298909187317 0
1570184670492 0.3764957785606384 0
1570184672462 0.2385140061378479 0
1570184674396 0.3333648145198822 0
1570184676120 0.27531594038009644 0
1570184677984 0.3018849194049835 0
1570184680159 0.2761967182159424 0
1570184681944 0.3017319440841675 0
1570184684008 0.33612364530563354 0
1570184685999 0.525649905204773 0
1570184688263 0.19619154930114746 0
1570184690461 0.3101787865161896 0
1570184692210 0.30005258321762085 0
1570184694330 0.2935943007469177 0
1570184696313 0.30324843525886536 0
1570184698397 0.24687039852142334 0
1570184700667 0.3606363534927368 0
1570184702861 0.4386911988258362 0
1570184704931 0.19846177101135254 0
1570184707154 0.34000760316848755 0
1570184709028 0.3005619943141937 0
1570184710727 0.39393293857574463 0
1570184712715 0.30711424350738525 0
1570184714676 0.31062763929367065 0
1570184716800 0.31166207790374756 0
1570184718789 0.2862357497215271 0
1570184720754 0.371515154838562 0
1570184723045 0.3051566183567047 0
1570184725125 0.2862362861633301 0
1570184727049 0.2662380337715149 0
1570184729335 0.3569839596748352 0
1570184731116 0.19734156131744385 0
1570184733098 0.2292131781578064 0
1570184735171 0.29062381386756897 0
1570184737222 0.3271893858909607 0
1570184739702 0.2252606302499771 0
1570184741851 0.33865684270858765 0
1570184743943 0.28699371218681335 0
1570184746132 0.27231302857398987 0
1570184748174 0.23159679770469666 0
1570184750400 0.26892369985580444 0
1570184752649 0.19355112314224243 0
1570184754632 0.44708794355392456 0
1570184756836 0.3971582055091858 0
1570184758780 0.2520863711833954 0
1570184760608 0.20882964134216309 0
1570184762418 0.4451107978820801 0
1570184764253 0.36570805311203003 0
1570184765970 0.24847526848316193 0
1570184768248 0.26688942313194275 0
1570184770328 0.2986449599266052 0
1570184772123 0.3484079837799072 0
1570184774273 0.2796446681022644 0
1570184776299 0.34131965041160583 0
1570184778501 0.310403048992157 0
1570184780380 0.26024994254112244 0
1570184782459 0.3192610442638397 0
1570184784736 0.3095211982727051 0
1570184787139 0.22851352393627167 0
1570184789099 0.26845046877861023 0
1570184791024 0.3257009983062744 0
1570184793051 0.27047714591026306 0
1570184795265 0.3891998529434204 0
1570184797629 0.3518591523170471 0
1570184799481 0.3615822196006775 0
1570184801468 0.246416836977005 0
1570184803718 0.3248821496963501 0
1570184805668 0.23987223207950592 0
1570184808012 0.37926480174064636 0
1570184810037 0.240127831697464 0
1570184812052 0.2648774981498718 0
1570184814273 0.20602825284004211 0
1570184816423 0.34903761744499207 0
1570184818642 0.2687869369983673 0
1570184820986 0.44070175290107727 0
1570184823034 0.24672606587409973 0
1570184825240 0.30741095542907715 0
1570184827371 0.3647136092185974 0
1570184829168 0.2664661407470703 0
1570184831071 0.24056777358055115 0
1570184832990 0.3400542140007019 0
1570184835038 0.28559914231300354 0
1570184837049 0.21096283197402954 0
1570184839128 0.33265718817710876 0
1570184841397 0.33659103512763977 0
1570184843383 0.31020450592041016 0
1570184845492 0.24938291311264038 0
1570184847616 0.268088698387146 0
1570184849377 0.23659874498844147 0
1570184851338 0.29032474756240845 0
1570184853304 0.35801824927330017 0
1570184855196 0.39774370193481445 0
1570184857504 0.30075299739837646 0
1570184859501 0.4346854090690613 0
1570184862068 0.24394868314266205 0
1570184864347 0.38878703117370605 0
1570184866163 0.29062730073928833 0
1570184868028 0.26349616050720215 0
1570184870101 0.26446282863616943 0
1570184872248 0.2966594398021698 0
1570184874625 0.4204822778701782 0
1570184876918 0.30101796984672546 0
1570184879068 0.22636976838111877 0
1570184881351 0.40194588899612427 0
1570184883331 0.20970705151557922 0
1570184885616 0.34740862250328064 0
1570184887614 0.2508833706378937 0
1570184889450 0.32490867376327515 0
1570184891372 0.3073824644088745 0
1570184893475 0.19947487115859985 0
1570184895856 0.2557428777217865 0
1570184898049 0.2904220223426819 0
1570184900216 0.38165152072906494 0
1570184902365 0.2771752178668976 0
1570184903980 0.30642446875572205 0
