1570182424944 3.6415717601776123 0
1570182426500 3.3530592918395996 0
1570182427834 2.8626132011413574 0
1570182429204 3.1046292781829834 0
1570182430599 2.626361131668091 0
1570182431991 2.6131885051727295 0
1570182433176 3.531930446624756 0
1570182434479 3.1326935291290283 0
1570182435966 3.3667171001434326 0
1570182437468 2.967162609100342 0
1570182438949 2.8769819736480713 0
1570182440266 2.885047435760498 0
1570182441698 2.699946165084839 0
1570182443070 2.18466854095459 0
1570182444535 2.379136323928833 0
1570182445896 2.3046486377716064 0
1570182447292 3.1222949028015137 0
1570182448592 2.860313892364502 0
1570182449983 2.4200079441070557 0
1570182451357 2.8320934772491455 0
1570182452756 2.5658693313598633 0
1570182454001 2.5837390422821045 0
1570182455625 2.5301520824432373 0
1570182457230 2.579465627670288 0
1570182458673 2.3548858165740967 0
1570182460000 2.5040507316589355 0
1570182461379 2.6336474418640137 0
1570182462858 2.362924814224243 0
1570182464232 2.4941630363464355 0
1570182465572 2.688556432723999 0
1570182466848 2.470109224319458 0
1570182468145 2.375269889831543 0
1570182469563 2.334181308746338 0
1570182471217 2.390845775604248 0
1570182472752 2.551691770553589 0
1570182474219 2.6612391471862793 0
1570182475760 2.601511240005493 0
1570182477013 2.0008625984191895 0
1570182478194 2.619515895843506 0
1570182479493 2.121828556060791 0
1570182480733 2.4723503589630127 0
1570182482000 2.5615570545196533 0
1570182483408 2.671778917312622 0
1570182484931 2.384615421295166 0
1570182486411 2.3103156089782715 0
1570182487734 2.083019971847534 0
1570182488961 2.28570294380188 0
1570182490365 2.2902719974517822 0
1570182491786 2.643976926803589 0
1570182493207 2.4392952919006348 0
1570182494441 2.4638466835021973 0
1570182495828 1.9796149730682373 0
1570182497258 2.394162178039551 0
1570182498589 2.1722991466522217 0
1570182499918 2.293714761734009 0
1570182501261 2.6447737216949463 0
1570182502568 2.276416540145874 0
1570182503938 2.1574149131774902 0
1570182505325 2.2354378700256348 0
1570182506776 2.052798271179199 0
1570182508291 2.4350340366363525 0
1570182509833 2.2661266326904297 0
1570182511418 2.412321090698242 0
1570182512835 2.1927504539489746 0
1570182514282 2.3338310718536377 0
1570182515503 1.9292469024658203 0
1570182516788 2.317945957183838 0
1570182518062 2.2346739768981934 0
1570182519316 2.3599140644073486 0
1570182520784 2.387957811355591 0
1570182522180 1.9787020683288574 0
1570182523509 2.371307134628296 0
1570182524860 2.399766683578491 0
1570182526290 2.557889223098755 0
1570182527610 2.4858641624450684 0
1570182528850 2.0816497802734375 0
1570182530103 2.182513952255249 0
1570182531488 2.1813223361968994 0
1570182533004 1.8963552713394165 0
1570182534390 1.9518824815750122 0
1570182535705 2.1596226692199707 0
1570182537322 2.2774853706359863 0
1570182538811 2.255725860595703 0
1570182540181 2.3951568603515625 0
1570182541747 2.172748327255249 0
1570182543153 1.9498389959335327 0
1570182544591 2.0356969833374023 0
1570182546020 2.191749095916748 0
1570182547503 1.9214727878570557 0
1570182548826 2.1764960289001465 0
1570182550409 1.8674110174179077 0
1570182552071 1.8676068782806396 0
1570182553515 2.235891819000244 0
1570182554839 2.014039993286133 0
1570182556388 1.9460335969924927 0
1570182557947 1.9989256858825684 0
1570182559371 2.088120698928833 0
1570182560970 1.8938488960266113 0
1570182562360 2.363473415374756 0
1570182563967 2.052215814590454 0
1570182565473 1.9407206773757935 0
1570182567075 2.12668776512146 0
1570182568513 1.6777623891830444 0
1570182569833 1.903233289718628 0
1570182571574 1.674221396446228 0
1570182573226 1.9487736225128174 0
1570182574634 2.2137200832366943 0
1570182576166 1.9534285068511963 0
1570182577719 2.1755428314208984 0
1570182579335 1.7731351852416992 0
1570182580639 2.0288970470428467 0
1570182582048 1.6934207677841187 0
1570182583566 1.92997145652771 0
1570182585038 1.8069837093353271 0
1570182587855 1.7896455526351929 0
1570182589287 1.568798303604126 0
1570182590621 1.9055370092391968 0
1570182592212 2.025231122970581 0
1570182593757 2.0171146392822266 0
1570182595377 1.994006633758545 0
1570182596764 1.658286213874817 0
1570182598199 2.14064884185791 0
1570182599764 2.0626697540283203 0
1570182601313 1.8514827489852905 0
1570182602862 2.097041130065918 0
1570182604317 1.888047218322754 0
1570182605646 1.7730485200881958 0
1570182607141 1.6433122158050537 0
1570182608760 1.6938236951828003 0
1570182610277 1.6942541599273682 0
1570182611842 1.6193076372146606 0
1570182613499 1.9269750118255615 0
1570182614858 1.7404080629348755 0
1570182616310 1.768957257270813 0
1570182617959 1.5828665494918823 0
1570182619565 2.1132285594940186 0
1570182621124 1.7445613145828247 0
1570182622566 1.634364128112793 0
1570182623943 1.7118626832962036 0
1570182625285 1.9900667667388916 0
1570182626600 1.7670159339904785 0
1570182628164 1.9203064441680908 0
1570182629733 1.4544204473495483 0
1570182631339 1.6672199964523315 0
1570182632686 1.9186031818389893 0
1570182634164 1.709545373916626 0
1570182635753 1.6842480897903442 0
1570182637301 1.5424349308013916 0
1570182638846 1.8146063089370728 0
1570182640275 1.7044174671173096 0
1570182641730 1.7809444665908813 0
1570182643221 1.862135887145996 0
1570182644791 1.7360286712646484 0
1570182646136 2.180814027786255 0
1570182647576 2.0178325176239014 0
1570182649008 1.8420361280441284 0
1570182650519 1.8619818687438965 0
1570182652238 1.944963812828064 0
1570182653644 1.5137369632720947 0
1570182654967 1.8101623058319092 0
1570182657443 2.1311535835266113 0
1570182658990 1.7541316747665405 0
1570182660284 1.6607561111450195 0
1570182661701 1.4835410118103027 0
1570182663107 1.7214628458023071 0
1570182664514 1.4695494174957275 0
1570182666192 1.4675294160842896 0
1570182667477 1.6523021459579468 0
1570182669019 1.7287472486495972 0
1570182670487 1.787781834602356 0
1570182672171 1.6416490077972412 0
1570182673873 1.652082085609436 0
1570182675491 1.591529369354248 0
1570182676865 1.5840216875076294 0
1570182678280 1.5172746181488037 0
1570182679703 1.6192697286605835 0
1570182681226 1.5900667905807495 0
1570182682752 1.5471616983413696 0
1570182684484 1.8893574476242065 0
1570182686056 1.5174317359924316 0
1570182687401 1.4975101947784424 0
1570182688832 1.7105892896652222 0
1570182690213 1.4993754625320435 0
1570182691650 1.814771294593811 0
1570182693277 1.5278186798095703 0
1570182694856 2.2420568466186523 0
1570182696159 1.5439255237579346 0
1570182697627 1.4343771934509277 0
1570182699131 2.039433002471924 0
1570182700780 1.4180649518966675 0
1570182702566 1.8460164070129395 0
1570182704169 1.3272861242294312 0
1570182705452 1.517643690109253 0
1570182706911 1.6522018909454346 0
1570182708378 1.5639044046401978 0
1570182709928 1.4861953258514404 0
1570182711566 1.604945182800293 0
1570182713200 1.594199776649475 0
1570182714463 1.7206979990005493 0
1570182715813 1.766620397567749 0
1570182717334 1.3636550903320312 0
1570182718869 1.6086469888687134 0
1570182720434 1.6200145483016968 0
1570182721885 1.4054977893829346 0
1570182723490 1.4840805530548096 0
1570182725000 1.4873309135437012 0
1570182726488 1.397162675857544 0
1570182727743 1.5499061346054077 0
1570182729224 1.5665420293807983 0
1570182730669 1.7293661832809448 0
1570182731989 1.5341848134994507 0
1570182733258 1.3466583490371704 0
1570182734608 1.6622339487075806 0
1570182736902 1.4356986284255981 0
1570182738312 1.4952733516693115 0
1570182739565 1.8408386707305908 0
1570182740957 1.3399956226348877 0
1570182742308 1.7796127796173096 0
1570182743845 1.761767864227295 0
1570182745326 1.3327534198760986 0
1570182746923 1.6424331665039062 0
1570182748539 1.5339910984039307 0
1570182750118 1.2517508268356323 0
1570182751815 1.2937116622924805 0
1570182753437 1.5548447370529175 0
1570182754946 1.8002493381500244 0
1570182756535 1.5227546691894531 0
1570182758148 1.5918728113174438 0
1570182759565 1.8010096549987793 0
1570182761004 1.7651695013046265 0
1570182762604 1.8024975061416626 0
1570182764188 1.4370845556259155 0
1570182765604 1.3811657428741455 0
1570182767265 1.4929940700531006 0
1570182768901 1.73429536819458 0
1570182770390 1.685048222541809 0
1570182771778 1.4478718042373657 0
1570182773036 1.283024787902832 0
1570182774452 1.1753597259521484 0
1570182775788 1.3404461145401 0
1570182777420 1.4567797183990479 0
1570182778802 1.577372670173645 0
1570182780218 1.498430609703064 0
1570182781488 1.438339352607727 0
1570182782978 1.7908623218536377 0
1570182784462 1.418875813484192 0
1570182785863 1.6556109189987183 0
1570182787356 1.4680942296981812 0
1570182788805 1.2264928817749023 0
1570182790221 1.4482601881027222 0
1570182791701 1.406123399734497 0
1570182793198 1.451170563697815 0
1570182794550 1.3355132341384888 0
1570182795935 1.0920730829238892 0
1570182797532 1.788632869720459 0
1570182799131 1.3789860010147095 0
1570182800638 1.7814679145812988 0
1570182802324 1.1901768445968628 0
1570182804009 1.2323832511901855 0
1570182805669 1.8136518001556396 0
1570182807304 1.5330634117126465 0
1570182808712 1.4961366653442383 0
1570182810173 1.3623061180114746 0
1570182811690 1.3416850566864014 0
1570182813229 1.4447522163391113 0
1570182814599 1.4320061206817627 0
1570182816275 1.4100252389907837 0
1570182817756 1.5315203666687012 0
1570182819417 1.1946126222610474 0
1570182821034 1.3291374444961548 0
1570182822751 1.4442164897918701 0
1570182824345 1.247159719467163 0
1570182825659 1.6017587184906006 0
1570182827109 1.4599672555923462 0
1570182828561 1.321547508239746 0
1570182829889 1.337101936340332 0
1570182831216 1.2074110507965088 0
1570182832607 1.561851143836975 0
1570182834311 1.3940246105194092 0
1570182835994 1.449769377708435 0
1570182837357 1.0751179456710815 0
1570182838684 1.3251246213912964 0
1570182840263 1.4535330533981323 0
1570182841824 1.5609490871429443 0
1570182843505 1.5974098443984985 0
1570182845153 1.634382963180542 0
1570182847647 1.2063701152801514 0
1570182849190 1.4076876640319824 0
1570182850769 1.5552858114242554 0
1570182852398 1.316152811050415 0
1570182853907 1.4698220491409302 0
1570182855218 1.4710867404937744 0
1570182856936 1.1365865468978882 0
1570182858401 0.9748122096061707 0
1570182859715 1.682523250579834 0
1570182861084 1.5014317035675049 0
1570182862429 1.1630884408950806 0
1570182863798 1.5654559135437012 0
1570182865472 1.4433461427688599 0
1570182867090 1.3306950330734253 0
1570182868753 1.4476293325424194 0
1570182870377 1.3584223985671997 0
1570182872031 1.3810254335403442 0
1570182873617 1.286033272743225 0
1570182875035 1.5450854301452637 0
1570182876515 1.268209457397461 0
1570182877830 1.4075146913528442 0
1570182879250 1.6178417205810547 0
1570182880669 1.1807408332824707 0
1570182882099 1.1072129011154175 0
1570182883665 1.579517126083374 0
1570182885101 1.3331547975540161 0
1570182886506 1.3584749698638916 0
1570182888124 1.522594690322876 0
1570182889611 1.1674199104309082 0
1570182891436 1.3724172115325928 0
1570182892900 1.3225867748260498 0
1570182894204 1.609631061553955 0
1570182895514 1.4106534719467163 0
1570182896934 1.1773544549942017 0
1570182898353 1.3490965366363525 0
1570182899761 1.3138329982757568 0
1570182902084 1.5405312776565552 0
1570182903597 1.8634493350982666 0
1570182905006 1.2355815172195435 0
1570182906632 1.5167710781097412 0
1570182908135 1.0333454608917236 0
1570182909534 1.5104913711547852 0
1570182910916 1.5332770347595215 0
1570182912479 1.328830599784851 0
1570182914172 1.371061086654663 0
1570182915476 1.279223084449768 0
1570182916820 1.2748897075653076 0
1570182918254 1.2587709426879883 0
1570182919761 1.5966053009033203 0
1570182921180 1.2269986867904663 0
1570182922640 1.7764286994934082 0
1570182924101 1.7611119747161865 0
1570182925617 1.495290756225586 0
1570182927331 1.4450838565826416 0
1570182928691 1.3943959474563599 0
1570182930097 1.1960924863815308 0
1570182931734 1.208889126777649 0
1570182933230 1.2060356140136719 0
1570182934579 1.2048778533935547 0
1570182936309 1.3761283159255981 0
1570182937816 1.0916178226470947 0
1570182939308 1.2483121156692505 0
1570182940758 1.3234976530075073 0
1570182942149 1.1333519220352173 0
1570182943677 1.567973017692566 0
1570182945379 1.1909140348434448 0
1570182947045 1.4599124193191528 0
1570182948548 1.2614071369171143 0
1570182950158 1.2144707441329956 0
1570182951861 1.407576560974121 0
1570182953475 1.5243000984191895 0
1570182954928 1.2988017797470093 0
1570182956476 1.2443337440490723 0
1570182958002 1.4497007131576538 0
1570182959422 1.2180167436599731 0
1570182960983 1.2250723838806152 0
1570182962399 1.5265084505081177 0
1570182963637 1.1339033842086792 0
1570182964872 1.0855985879898071 0
1570182966129 1.2716010808944702 0
1570182967610 1.1371550559997559 0
1570182969086 1.0573136806488037 0
1570182970716 1.699491024017334 0
1570182972359 1.1414132118225098 0
1570182974099 1.6134494543075562 0
1570182975465 1.4449955224990845 0
1570182976919 1.261560320854187 0
1570182978375 1.4751207828521729 0
1570182979834 1.391013503074646 0
1570182981599 0.9515331983566284 0
1570182983192 1.1412780284881592 0
1570182984898 1.488308310508728 0
1570182986403 1.4403696060180664 0
1570182987715 1.3703969717025757 0
1570182989245 1.2767080068588257 0
1570182990866 1.1067726612091064 0
1570182992523 1.315903902053833 0
1570182994126 1.310757040977478 0
1570182995819 1.232874870300293 0
1570182997517 1.1420683860778809 0
1570182999388 1.2048215866088867 0
1570183001137 1.307860016822815 0
1570183002911 1.4496078491210938 0
1570183004479 1.3742200136184692 0
1570183006109 1.1352386474609375 0
1570183007592 1.426540493965149 0
1570183009120 1.518755316734314 0
1570183010524 0.9271183013916016 0
1570183011910 1.1957486867904663 0
1570183013521 1.5010566711425781 0
1570183015259 1.3248151540756226 0
1570183016640 1.1715623140335083 0
1570183018006 1.739693284034729 0
1570183019366 1.4775662422180176 0
1570183020795 1.2931978702545166 0
1570183022517 1.1625012159347534 0
1570183024011 1.3037688732147217 0
1570183025695 1.514201283454895 0
1570183027277 1.0499324798583984 0
1570183028544 1.2948594093322754 0
1570183029889 1.6858164072036743 0
1570183031366 1.4661647081375122 0
1570183032865 0.9782589673995972 0
1570183034503 1.4745373725891113 0
1570183035999 1.1911287307739258 0
1570183037535 1.236969232559204 0
1570183038848 1.1240118741989136 0
1570183040363 1.0731483697891235 0
1570183041704 1.4211069345474243 0
1570183043235 1.1868879795074463 0
1570183044983 1.2001389265060425 0
1570183046714 1.135697603225708 0
1570183048471 1.1555438041687012 0
1570183049979 1.1171119213104248 0
1570183051628 1.4764727354049683 0
1570183053137 1.5840288400650024 0
1570183054733 1.1032078266143799 0
1570183056356 1.1850247383117676 0
1570183058221 1.1792014837265015 0
1570183059703 1.320678949356079 0
1570183061159 1.5366630554199219 0
1570183062725 1.3117724657058716 0
1570183064399 1.196400761604309 0
1570183065934 1.0714213848114014 0
1570183067752 1.5088112354278564 0
1570183069291 0.9271095991134644 0
1570183070916 1.280259132385254 0
1570183072664 1.4257019758224487 0
1570183074416 1.1443307399749756 0
1570183076191 1.433210015296936 0
1570183077717 1.4147100448608398 0
1570183079293 1.3803532123565674 0
1570183080930 1.3921074867248535 0
1570183082663 1.0668861865997314 0
1570183084274 1.2653765678405762 0
1570183085833 1.440489649772644 0
1570183087275 1.2229057550430298 0
1570183088669 1.1958969831466675 0
1570183090222 1.2113933563232422 0
1570183092021 1.3129198551177979 0
1570183093760 1.3834902048110962 0
1570183095481 1.4557222127914429 0
1570183096827 1.219744324684143 0
1570183098509 0.726118266582489 0
1570183100161 1.1492786407470703 0
1570183101878 1.1362196207046509 0
1570183103582 1.3236390352249146 0
1570183105279 0.9910914301872253 0
1570183107032 1.1426796913146973 0
1570183108782 0.9941884279251099 0
1570183110458 1.390333652496338 0
1570183112032 1.4349122047424316 0
1570183113771 1.4290343523025513 0
1570183115716 1.1450637578964233 0
1570183117285 1.2318686246871948 0
1570183118846 1.280319094657898 0
1570183120535 1.03355073928833 0
1570183121997 1.6502591371536255 0
1570183123499 1.1521906852722168 0
1570183124935 1.4039058685302734 0
1570183126460 1.7485599517822266 0
1570183128037 1.1506338119506836 0
1570183129668 1.3232229948043823 0
1570183131168 0.8505038619041443 0
1570183132635 1.2639167308807373 0
1570183134080 1.3518867492675781 0
1570183135550 1.17143714427948 0
1570183137078 1.2739691734313965 0
1570183138712 1.4538408517837524 0
1570183140233 1.2010091543197632 0
1570183141763 1.202275276184082 0
1570183143267 1.010159969329834 0
1570183144908 1.3308813571929932 0
1570183146463 1.1022536754608154 0
1570183148002 1.5304069519042969 0
1570183149433 0.9903241395950317 0
1570183150995 1.4334170818328857 0
1570183152581 1.1814947128295898 0
1570183153957 1.3665752410888672 0
1570183155474 0.9506592750549316 0
1570183157050 1.1442629098892212 0
1570183158589 1.4590553045272827 0
1570183160000 1.227698564529419 0
1570183161680 1.1039273738861084 0
1570183163263 1.2880167961120605 0
1570183164956 1.3381990194320679 0
1570183166548 1.061580777168274 0
1570183168015 1.1570895910263062 0
1570183169521 1.1010842323303223 0
1570183171133 1.1161733865737915 0
1570183172812 1.2688769102096558 0
1570183174500 1.1117726564407349 0
1570183176119 1.1911441087722778 0
1570183177525 1.673061728477478 0
1570183179090 1.5274770259857178 0
1570183180539 1.0127832889556885 0
1570183182073 0.9935678839683533 0
1570183183570 1.0355530977249146 0
1570183185159 1.0695582628250122 0
1570183186705 1.451249122619629 0
1570183188221 1.3789700269699097 0
1570183190118 1.2501435279846191 0
1570183192017 1.1439684629440308 0
1570183193776 1.1370986700057983 0
1570183195254 1.6055399179458618 0
1570183196906 1.5665556192398071 0
1570183198593 1.3637797832489014 0
1570183200004 1.1076844930648804 0
1570183201487 1.2886676788330078 0
1570183203041 1.1235462427139282 0
1570183204486 1.1434556245803833 0
1570183205816 1.1311293840408325 0
1570183207166 1.2719253301620483 0
1570183208529 1.7194092273712158 0
1570183209944 1.3779082298278809 0
1570183211520 1.2856699228286743 0
1570183212906 1.4406205415725708 0
1570183214335 1.3522543907165527 0
1570183215712 1.2901679277420044 0
1570183217246 1.264823079109192 0
1570183218849 1.156777262687683 0
1570183220372 1.1844598054885864 0
1570183221877 1.0245519876480103 0
1570183223405 0.98268723487854 0
1570183224911 1.2727375030517578 0
1570183226420 1.153324842453003 0
1570183228366 1.561774730682373 0
1570183230257 1.08383047580719 0
1570183231986 1.2019259929656982 0
1570183233366 0.9754241704940796 0
1570183234880 1.279529333114624 0
1570183236500 0.9641337394714355 0
1570183237968 1.1239606142044067 0
1570183239414 0.8628780841827393 0
1570183241040 1.2602405548095703 0
1570183242942 1.2053276300430298 0
1570183244714 1.077130913734436 0
1570183246218 1.0570008754730225 0
1570183247772 1.5614964962005615 0
1570183249834 0.7810853123664856 0
1570183251286 1.1488200426101685 0
1570183252882 1.067498803138733 0
1570183254441 1.4287564754486084 0
1570183256044 1.2691975831985474 0
1570183257623 0.8783265948295593 0
1570183259267 0.9064788818359375 0
1570183260934 0.9724655747413635 0
1570183262456 0.9141104817390442 0
1570183264104 1.067705512046814 0
1570183265910 1.2751669883728027 0
1570183267463 1.0187935829162598 0
1570183269376 1.402335524559021 0
1570183271145 1.1528706550598145 0
1570183272751 1.77610182762146 0
1570183274341 1.1486916542053223 0
1570183276084 1.3156015872955322 0
1570183277793 1.4071952104568481 0
1570183279514 1.1554909944534302 0
1570183281241 1.2556707859039307 0
1570183282808 1.4445714950561523 0
1570183284495 1.1392889022827148 0
1570183286441 1.3340022563934326 0
1570183287986 0.8103300333023071 0
1570183289614 0.9723191857337952 0
1570183291151 1.330936074256897 0
1570183292836 0.9521676301956177 0
1570183294625 1.0615345239639282 0
1570183296511 1.0005913972854614 0
1570183298428 0.8715882897377014 0
1570183299957 1.339945673942566 0
1570183301507 1.0116809606552124 0
1570183303160 1.3687458038330078 0
1570183304914 0.9100942611694336 0
1570183306708 1.102034330368042 0
1570183308123 1.0340399742126465 0
1570183309932 1.0395333766937256 0
1570183311497 1.0729954242706299 0
1570183313366 1.0787241458892822 0
1570183315220 1.1084667444229126 0
1570183316812 1.1738919019699097 0
1570183318556 1.3974835872650146 0
1570183320482 1.0138704776763916 0
1570183322484 1.2157689332962036 0
1570183323901 1.338265299797058 0
1570183325554 1.0101661682128906 0
1570183327411 1.2632026672363281 0
1570183329067 1.4084945917129517 0
1570183330611 1.056174397468567 0
1570183332406 1.029683232307434 0
1570183334075 1.11431086063385 0
1570183335728 0.9227156043052673 0
1570183337528 1.5940487384796143 0
1570183339352 1.074805498123169 0
1570183341001 1.1049879789352417 0
1570183342614 1.5787211656570435 0
1570183344493 1.1862835884094238 0
1570183346189 1.6534817218780518 0
1570183347664 1.3905880451202393 0
1570183349301 1.0838767290115356 0
1570183351029 0.9713938236236572 0
1570183352764 1.2517045736312866 0
1570183354444 1.024943470954895 0
1570183356274 0.9401230812072754 0
1570183357924 0.7662703394889832 0
1570183359750 1.2056742906570435 0
1570183361636 0.9201393127441406 0
1570183363374 1.0780301094055176 0
1570183365010 0.8530007004737854 0
1570183367007 1.212466835975647 0
1570183368775 1.3916809558868408 0
1570183370408 1.4053068161010742 0
1570183372100 1.1279181241989136 0
1570183373914 1.1159604787826538 0
1570183375729 1.2318483591079712 0
1570183377635 1.1473218202590942 0
1570183379209 1.1099236011505127 0
1570183380972 1.3291648626327515 0
1570183382671 1.1733543872833252 0
1570183384631 1.1530871391296387 0
1570183386562 1.3687011003494263 0
1570183388069 0.8903402090072632 0
1570183389746 1.28127121925354 0
1570183391327 1.0546643733978271 0
1570183392987 1.0575491189956665 0
1570183394961 1.2742085456848145 0
1570183396904 1.2475298643112183 0
1570183398645 1.1915481090545654 0
1570183400579 1.403166651725769 0
1570183402531 0.9504985213279724 0
1570183404277 1.1130174398422241 0
1570183406181 0.9237956404685974 0
1570183407781 1.0946602821350098 0
1570183409748 1.0025830268859863 0
1570183411204 1.1611496210098267 0
1570183412889 1.2347642183303833 0
1570183414881 1.1731716394424438 0
1570183416694 1.1054469347000122 0
1570183418167 1.1818692684173584 0
1570183419780 1.145336389541626 0
1570183421223 0.9502673745155334 0
1570183422889 0.9425274729728699 0
1570183424581 1.1351969242095947 0
1570183426417 1.0845279693603516 0
1570183428092 1.3223170042037964 0
1570183429870 0.9914711713790894 0
1570183431497 1.1573103666305542 0
1570183433103 1.0644543170928955 0
1570183434805 0.9520663022994995 0
1570183436459 0.9470597505569458 0
1570183438242 0.9446635842323303 0
1570183439880 0.9314649701118469 0
1570183441666 0.8338416218757629 0
1570183443482 1.2401171922683716 0
1570183445082 1.3043667078018188 0
1570183446797 1.2681604623794556 0
1570183448751 1.230873465538025 0
1570183450196 1.057446837425232 0
1570183451758 1.2673311233520508 0
1570183453629 1.206722378730774 0
1570183455421 0.9923580288887024 0
1570183456986 1.3184128999710083 0
1570183458756 1.09354829788208 0
1570183460680 1.2701987028121948 0
1570183462382 1.2739496231079102 0
1570183464041 1.3715306520462036 0
1570183465874 0.9678679704666138 0
1570183467502 0.9941487312316895 0
1570183469149 1.0011060237884521 0
1570183471105 1.017055630683899 0
1570183473020 1.4012447595596313 0
1570183474788 1.2010271549224854 0
1570183476679 1.1316933631896973 0
1570183478252 1.050054907798767 0
1570183479718 1.0926647186279297 0
1570183481142 0.9836622476577759 0
1570183482888 1.051824927330017 0
1570183484655 1.3887525796890259 0
1570183486252 1.1152427196502686 0
1570183488186 0.89688640832901 0
1570183489822 1.3425571918487549 0
1570183491221 1.1063565015792847 0
1570183492961 1.2992773056030273 0
1570183494855 1.707781195640564 0
1570183496706 1.0706130266189575 0
1570183498298 0.9331119060516357 0
1570183499976 1.183555245399475 0
1570183501788 1.4046486616134644 0
1570183503311 1.016738772392273 0
1570183504979 0.9270576238632202 0
1570183506911 1.2591298818588257 0
1570183508497 1.391364336013794 0
1570183510211 1.094264268875122 0
1570183512068 0.912487804889679 0
1570183513875 0.9037695527076721 0
1570183515832 1.0707077980041504 0
1570183517853 1.0721136331558228 0
1570183519477 0.9697197079658508 0
1570183521169 0.9407328367233276 0
1570183523142 1.1831562519073486 0
1570183524952 1.1374181509017944 0
1570183526711 1.1475054025650024 0
1570183528127 1.252202033996582 0
1570183529794 1.168031930923462 0
1570183531273 1.2321943044662476 0
1570183532922 1.0379077196121216 0
1570183534520 0.9610834121704102 0
1570183536294 1.2097523212432861 0
1570183538329 1.0163954496383667 0
1570183540239 1.027586817741394 0
1570183541786 1.0395214557647705 0
1570183543288 1.374250054359436 0
1570183544879 1.121450662612915 0
1570183546645 0.7634450197219849 0
1570183548209 0.7572328448295593 0
1570183550040 1.1528352499008179 0
1570183551931 1.2361775636672974 0
1570183553616 0.988587498664856 0
1570183555372 0.9520155787467957 0
1570183557242 1.0576441287994385 0
1570183559142 0.9416290521621704 0
1570183561066 1.2601261138916016 0
1570183563039 0.9564952254295349 0
1570183564733 1.329010009765625 0
1570183566471 0.7022674083709717 0
1570183568380 1.0239622592926025 0
1570183569912 0.9336497187614441 0
1570183571448 0.9419391751289368 0
1570183573384 1.093881368637085 0
1570183575134 1.0427688360214233 0
1570183577043 1.105510950088501 0
1570183578734 1.2776235342025757 0
1570183580678 1.036539077758789 0
1570183582277 0.8837820887565613 0
1570183584229 1.2601933479309082 0
1570183586143 0.914325475692749 0
1570183587644 1.2127224206924438 0
1570183589305 0.891132652759552 0
1570183591073 0.9548190236091614 0
1570183592919 1.0109992027282715 0
1570183594475 0.8201425075531006 0
1570183596361 1.0005768537521362 0
1570183598146 1.2201765775680542 0
1570183599802 1.3420436382293701 0
1570183601378 0.9957863092422485 0
1570183603375 1.0999778509140015 0
1570183605054 1.0770795345306396 0
1570183606652 0.8615766763687134 0
1570183608431 0.9778457880020142 0
1570183610206 0.8103896379470825 0
1570183611872 1.1331167221069336 0
1570183613618 1.0430710315704346 0
1570183615574 0.9044657349586487 0
1570183617394 1.0823229551315308 0
1570183619442 0.9359650611877441 0
1570183621413 1.3808263540267944 0
1570183623119 1.0956083536148071 0
1570183624983 1.0274875164031982 0
1570183626571 1.0509583950042725 0
1570183628354 0.9647057056427002 0
1570183630070 1.2089821100234985 0
1570183632014 1.0813959836959839 0
1570183633740 0.8449118733406067 0
1570183635378 0.9614559412002563 0
1570183637265 1.2136540412902832 0
1570183639301 0.9839228987693787 0
1570183640887 1.3978902101516724 0
1570183642751 0.98956298828125 0
1570183644830 1.0240564346313477 0
1570183646539 1.3218201398849487 0
1570183648299 1.4022918939590454 0
1570183649979 1.2329504489898682 0
1570183651755 1.0203570127487183 0
1570183653467 1.2545926570892334 0
1570183655449 1.033107876777649 0
1570183657015 1.2615141868591309 0
1570183658496 0.9230303764343262 0
1570183660147 1.0093295574188232 0
1570183661990 1.0112218856811523 0
1570183663754 1.1369905471801758 0
1570183665857 0.9924235939979553 0
1570183667799 0.9544726610183716 0
1570183669245 1.3640906810760498 0
1570183671329 0.9389870166778564 0
1570183673379 0.8636583089828491 0
1570183674989 1.0153071880340576 0
1570183676716 1.0743464231491089 0
1570183678686 0.9802131652832031 0
1570183680335 1.385207176208496 0
1570183682124 0.7570952773094177 0
1570183684186 1.1187357902526855 0
1570183685873 0.9132398366928101 0
1570183687757 1.4130803346633911 0
1570183689758 1.4118170738220215 0
1570183691462 1.2218595743179321 0
1570183693197 0.8477405309677124 0
1570183695227 1.10052490234375 0
1570183697024 1.065245270729065 0
1570183698924 0.9076824188232422 0
1570183700991 1.1304731369018555 0
1570183702801 0.7610748410224915 0
1570183704392 1.1263666152954102 0
1570183706370 0.9565451145172119 0
1570183708270 1.1131950616836548 0
1570183709989 1.0618810653686523 0
1570183711820 1.0685557126998901 0
1570183713639 1.2897108793258667 0
1570183715232 0.9008504748344421 0
1570183717148 0.9074372053146362 0
1570183719134 1.053953766822815 0
1570183720956 1.2236849069595337 0
1570183722870 1.0660531520843506 0
1570183725016 0.829596996307373 0
1570183726669 1.117379903793335 0
1570183728388 1.084452748298645 0
1570183730027 1.0109297037124634 0
1570183731850 1.1154282093048096 0
1570183733565 0.9868835806846619 0
1570183735313 1.0469229221343994 0
1570183737125 1.0182762145996094 0
1570183738851 1.0787702798843384 0
1570183740810 0.9070389270782471 0
1570183742511 1.1265422105789185 0
1570183744072 1.2623202800750732 0
1570183745816 1.3218165636062622 0
1570183747615 1.2880326509475708 0
1570183749311 1.1165319681167603 0
1570183750940 1.301958441734314 0
1570183752973 1.2277631759643555 0
1570183754893 1.0893285274505615 0
1570183757062 0.8567377328872681 0
1570183759045 1.0811583995819092 0
1570183760639 0.945918083190918 0
1570183762684 1.0965514183044434 0
1570183764319 0.9645552039146423 0
1570183766000 1.1219184398651123 0
1570183767950 0.9668506979942322 0
1570183769708 1.0543148517608643 0
1570183771437 0.906213641166687 0
1570183773446 1.1744751930236816 0
1570183775398 1.0308231115341187 0
1570183777121 1.254146933555603 0
1570183779014 1.001330018043518 0
1570183780775 0.918624222278595 0
1570183782402 0.8370850682258606 0
1570183784161 1.0088175535202026 0
1570183785887 1.0310230255126953 0
1570183787432 0.9512574076652527 0
1570183789024 1.0992792844772339 0
1570183790758 0.8293430805206299 0
1570183792634 1.0666199922561646 0
1570183794754 1.0384275913238525 0
1570183796739 1.3108144998550415 0
1570183798427 1.0938254594802856 0
1570183800254 1.1085301637649536 0
1570183802352 0.6968857645988464 0
1570183804410 1.1990926265716553 0
1570183806245 0.8982024788856506 0
1570183808286 0.8292255997657776 0
1570183810020 1.1490662097930908 0
1570183811685 0.9436758756637573 0
1570183813525 1.118512749671936 0
1570183815378 1.622931718826294 0
1570183817044 1.0577030181884766 0
1570183818949 0.7522788643836975 0
1570183820997 0.7868459224700928 0
1570183822735 0.9879728555679321 0
1570183824933 1.1379129886627197 0
1570183826900 1.1188403367996216 0
1570183828691 1.1059390306472778 0
1570183830852 0.8753240704536438 0
1570183832791 0.9434847235679626 0
1570183834560 1.0403118133544922 0
1570183836422 1.5297009944915771 0
1570183838315 0.8897846341133118 0
1570183839917 1.1304728984832764 0
1570183841641 0.9842410683631897 0
1570183843312 0.9762465357780457 0
1570183845206 0.9614220857620239 0
1570183846898 1.171852946281433 0
1570183848698 0.8169732093811035 0
1570183850467 0.7675740718841553 0
1570183852125 0.75249844789505 0
1570183854205 1.0411465167999268 0
1570183856203 0.9115058779716492 0
1570183857783 0.8954581618309021 0
1570183859624 0.8710196614265442 0
1570183861563 1.1431602239608765 0
1570183863441 1.224379539489746 0
1570183865161 0.9244451522827148 0
1570183866670 1.0658228397369385 0
1570183868250 1.104299545288086 0
1570183869981 1.1055748462677002 0
1570183871650 1.3662681579589844 0
1570183873289 1.1604490280151367 0
1570183874938 0.8246691226959229 0
1570183876573 0.8198188543319702 0
1570183878307 1.018330454826355 0
1570183879959 1.0327435731887817 0
1570183881659 1.1873546838760376 0
1570183883673 0.9702759981155396 0
1570183885838 1.0051977634429932 0
1570183887862 0.9841058254241943 0
1570183889752 0.9599247574806213 0
1570183891394 1.0578540563583374 0
1570183892958 1.0204055309295654 0
1570183894540 1.0329102277755737 0
1570183896120 1.0157808065414429 0
1570183897645 1.1022611856460571 0
1570183899300 1.136277675628662 0
1570183900950 1.327100396156311 0
1570183902605 0.6231623291969299 0
1570183904322 1.134680151939392 0
1570183906003 0.9496006965637207 0
1570183908138 0.8538194298744202 0
1570183910084 0.8843615651130676 0
1570183912015 1.0984331369400024 0
1570183914022 1.04491126537323 0
1570183915668 1.153737187385559 0
1570183917382 1.0872937440872192 0
1570183919419 1.0812857151031494 0
1570183921023 0.9082587957382202 0
1570183922862 0.9641609191894531 0
1570183924753 1.2116258144378662 0
1570183926313 1.2014877796173096 0
1570183927879 0.9514769911766052 0
1570183930061 1.0454224348068237 0
1570183931721 0.9970164895057678 0
1570183933575 1.0232137441635132 0
1570183935621 0.9186028242111206 0
1570183937410 1.096403956413269 0
1570183939105 0.9541382193565369 0
1570183940905 0.8410835266113281 0
1570183943193 0.8211760520935059 0
1570183945201 0.7851415276527405 0
1570183947287 1.001013994216919 0
1570183948923 1.1145122051239014 0
1570183950657 1.0247828960418701 0
1570183952677 1.2805343866348267 0
1570183954846 1.1093119382858276 0
1570183956351 0.8706398606300354 0
1570183958089 0.8925248384475708 0
1570183959995 1.030626654624939 0
1570183961940 0.7979523539543152 0
1570183964345 1.1557667255401611 0
1570183966160 1.209093451499939 0
1570183968030 0.9366100430488586 0
1570183969745 1.2851041555404663 0
1570183971622 1.071323275566101 0
1570183973854 1.1019504070281982 0
1570183975873 1.070666790008545 0
1570183977921 1.270771861076355 0
1570183979875 0.7236749529838562 0
1570183982278 1.3565384149551392 0
1570183983849 1.1111654043197632 0
1570183985504 1.0151259899139404 0
1570183987416 1.0420700311660767 0
1570183989451 0.608234703540802 0
1570183991712 0.974471390247345 0
1570183993322 0.9942466616630554 0
1570183994929 1.153257966041565 0
1570183996883 0.9526805877685547 0
1570183998803 0.9033451676368713 0
1570184000982 1.1407115459442139 0
1570184002500 0.897507905960083 0
1570184004048 1.0682752132415771 0
1570184006020 1.2057130336761475 0
1570184007853 1.062253475189209 0
1570184010350 1.0591325759887695 0
1570184012064 0.9870034456253052 0
1570184013843 0.9573360085487366 0
1570184015917 1.016252875328064 0
1570184017851 1.021828532218933 0
1570184019605 0.9515145421028137 0
1570184021387 0.945667564868927 0
1570184023232 0.8995988965034485 0
1570184024857 1.0421340465545654 0
1570184027266 1.0178165435791016 0
1570184029222 0.6667314171791077 0
1570184031444 1.1466124057769775 0
1570184033444 0.9008863568305969 0
1570184035526 1.3467130661010742 0
1570184037135 0.888882577419281 0
1570184038867 1.1947680711746216 0
1570184040777 0.8998011946678162 0
1570184042870 0.994010865688324 0
1570184044741 0.8297036290168762 0
1570184046885 0.9980912208557129 0
1570184048563 0.9462802410125732 0
1570184050282 1.2050731182098389 0
1570184052104 1.021528959274292 0
1570184054074 1.2217336893081665 0
1570184056306 0.9423835873603821 0
1570184058145 1.148573398590088 0
1570184060314 1.0453139543533325 0
1570184062413 0.8962855339050293 0
1570184064437 0.6733516454696655 0
1570184066162 0.8929606676101685 0
1570184067736 1.2860617637634277 0
1570184069271 0.8658369779586792 0
1570184071180 0.8351490497589111 0
1570184073048 1.0505598783493042 0
1570184074530 1.0992997884750366 0
1570184076206 1.4181091785430908 0
1570184077845 1.0072295665740967 0
1570184079482 0.8962258696556091 0
1570184081131 0.9560069441795349 0
1570184082783 0.967216432094574 0
1570184084566 0.8879265785217285 0
1570184086258 0.8956201672554016 0
1570184087921 1.1000535488128662 0
1570184089569 1.042943000793457 0
1570184091235 0.9519777297973633 0
1570184092927 1.0716043710708618 0
1570184094992 1.1488367319107056 0
1570184096973 1.061521053314209 0
1570184098486 0.8424360156059265 0
1570184100079 0.8550980687141418 0
1570184101721 0.8684835433959961 0
1570184103411 0.8774213194847107 0
1570184105076 1.1253550052642822 0
1570184106760 1.136659026145935 0
1570184108519 1.2391273975372314 0
1570184110198 0.9771326184272766 0
1570184111898 1.1797772645950317 0
1570184113820 1.0635666847229004 0
1570184116160 0.8247566223144531 0
1570184117854 1.3513836860656738 0
1570184120075 0.9704139232635498 0
1570184122140 0.8818482160568237 0
1570184123716 0.9273474216461182 0
1570184125299 1.1306265592575073 0
1570184127151 0.8663561344146729 0
1570184129107 1.0542126893997192 0
1570184131283 1.1023015975952148 0
1570184133240 0.8963655233383179 0
1570184135180 0.831993043422699 0
1570184137262 0.8257754445075989 0
1570184138955 0.8178159594535828 0
1570184140669 1.267684817314148 0
1570184142578 0.9539957642555237 0
1570184144129 0.9814375638961792 0
1570184145797 1.1710379123687744 0
1570184147535 0.8670061826705933 0
1570184149415 0.9010392427444458 0
1570184151592 1.0397143363952637 0
1570184153558 0.9788321256637573 0
1570184155357 0.874050498008728 0
1570184157574 0.9293043613433838 0
1570184159418 1.3389708995819092 0
1570184161348 1.0139988660812378 0
1570184163569 1.142370581626892 0
1570184165427 0.9682807326316833 0
1570184167410 1.1074960231781006 0
1570184169473 0.9584108591079712 0
1570184171293 0.8528255224227905 0
1570184173346 1.2052782773971558 0
1570184175518 0.7112761735916138 0
1570184177600 0.9134953618049622 0
1570184179569 0.9325146079063416 0
1570184181739 0.8185257911682129 0
1570184183795 1.099302887916565 0
1570184185609 1.159949779510498 0
1570184187555 1.066482663154602 0
1570184189309 1.0438425540924072 0
1570184191278 0.7904353737831116 0
1570184193382 0.9055625200271606 0
1570184195221 0.830389142036438 0
1570184197118 1.1857380867004395 0
1570184199196 0.7617088556289673 0
1570184201226 0.874719500541687 0
1570184203602 0.9839198589324951 0
1570184205644 0.9982811212539673 0
1570184207843 0.7250758409500122 0
1570184209768 1.1595239639282227 0
1570184211489 0.9306216239929199 0
1570184213332 0.9088508486747742 0
1570184215448 1.2060610055923462 0
1570184217195 0.9934066534042358 0
1570184218978 0.7891457676887512 0
1570184220798 0.5186002850532532 0
1570184222665 0.6829233169555664 0
1570184224719 1.0705221891403198 0
1570184226824 0.967992901802063 0
1570184228801 0.8540778756141663 0
1570184231011 0.9133185148239136 0
1570184233064 0.9402970671653748 0
1570184234784 0.8391545414924622 0
1570184236594 0.7857535481452942 0
1570184238502 1.015625 0
1570184240507 1.1179728507995605 0
1570184242519 0.8869532346725464 0
1570184244214 0.9266747832298279 0
1570184246019 0.9554012417793274 0
1570184248073 0.8649701476097107 0
1570184250197 1.0759025812149048 0
1570184252254 1.2232502698898315 0
1570184254012 0.8112481832504272 0
1570184255880 0.8754964470863342 0
1570184258047 0.8859260082244873 0
1570184259755 0.7656965255737305 0
1570184261949 0.7507224678993225 0
1570184264068 1.2166132926940918 0
1570184265953 1.0984398126602173 0
1570184267921 0.8894622921943665 0
1570184269817 1.0990688800811768 0
1570184271907 1.1216745376586914 0
1570184273898 1.0483142137527466 0
1570184275655 1.1533104181289673 0
1570184277826 1.1288567781448364 0
1570184280054 0.8673802614212036 0
1570184281622 0.9433261752128601 0
1570184283212 1.108778715133667 0
1570184285092 0.8160892724990845 0
1570184286811 1.152513027191162 0
1570184288841 0.9973279237747192 0
1570184290643 1.025550365447998 0
1570184292365 0.9032946825027466 0
1570184294279 0.9182012677192688 0
1570184296194 0.8597654700279236 0
1570184298187 1.1571179628372192 0
1570184300265 0.9750584959983826 0
1570184302196 0.9165779948234558 0
1570184304042 1.1104170083999634 0
1570184306069 1.1169555187225342 0
1570184308141 1.1483309268951416 0
1570184310450 1.186436653137207 0
1570184312556 0.7776007056236267 0
1570184314374 0.7733968496322632 0
1570184316450 0.6945093274116516 0
1570184318264 1.1307432651519775 0
1570184320387 1.1336781978607178 0
1570184322379 0.988430380821228 0
1570184324266 0.9308347702026367 0
1570184326505 1.0280821323394775 0
1570184328654 0.663833737373352 0
1570184330435 1.121815800666809 0
1570184332677 0.7886472940444946 0
1570184334736 1.007095456123352 0
1570184336661 1.0519887208938599 0
1570184338801 1.0204524993896484 0
1570184340779 0.7937279343605042 0
1570184343006 0.820022463798523 0
1570184344917 1.1488388776779175 0
1570184346654 0.964583158493042 0
1570184348494 0.978898823261261 0
1570184350598 1.1066092252731323 0
1570184352364 0.8081895709037781 0
1570184354633 0.9685261249542236 0
1570184356409 0.8799017071723938 0
1570184358415 1.0628987550735474 0
1570184360474 0.9065491557121277 0
1570184362423 1.1794408559799194 0
1570184364302 0.9537081122398376 0
1570184366450 1.058508276939392 0
1570184368291 1.0990519523620605 0
1570184370171 0.9192179441452026 0
1570184372303 1.2986716032028198 0
1570184374041 0.8690176606178284 0
1570184375716 0.8503395318984985 0
1570184377707 1.0349256992340088 0
1570184379564 1.017980694770813 0
1570184381339 0.8604065179824829 0
1570184383166 1.1921441555023193 0
1570184384964 0.8919394612312317 0
1570184386977 1.0225508213043213 0
1570184388986 0.8739466667175293 0
1570184390731 0.8593825697898865 0
1570184392881 1.1513456106185913 0
1570184394804 0.8462465405464172 0
1570184396949 0.9940606951713562 0
1570184398992 0.8056246638298035 0
1570184400813 1.0253970623016357 0
1570184402554 0.7450573444366455 0
1570184404455 0.8661764860153198 0
1570184406206 1.0247998237609863 0
1570184407958 0.6612119674682617 0
1570184410052 0.961732804775238 0
1570184411690 1.0668081045150757 0
1570184413754 0.8502729535102844 0
1570184415925 1.1196001768112183 0
1570184417810 1.057633876800537 0
1570184419551 0.9690380096435547 0
1570184421548 0.9871618747711182 0
1570184423355 0.7418280243873596 0
1570184425279 0.8076326251029968 0
1570184427355 0.97201007604599 0
1570184429218 1.0489704608917236 0
1570184431217 0.9492365717887878 0
1570184433240 0.946372389793396 0
1570184435056 1.105800986289978 0
1570184437169 0.7200011014938354 0
1570184438994 1.0824133157730103 0
1570184440735 1.1533102989196777 0
1570184442379 1.072024941444397 0
1570184444219 0.8870313763618469 0
1570184445930 0.9366578459739685 0
1570184447949 0.6899012327194214 0
1570184449712 0.9938051700592041 0
1570184451739 0.7621933817863464 0
1570184453947 1.0449609756469727 0
1570184455856 0.9528070688247681 0
1570184457813 1.2695374488830566 0
1570184459514 1.197404384613037 0
1570184461531 0.9695668816566467 0
1570184463172 1.1848827600479126 0
1570184465015 0.8908557295799255 0
1570184466957 1.1139287948608398 0
1570184468974 0.8626348376274109 0
1570184470710 1.092955231666565 0
1570184472379 0.81650310754776 0
1570184474289 0.8123635053634644 0
1570184476121 1.021615743637085 0
1570184478006 1.0064070224761963 0
1570184479946 0.9323410987854004 0
1570184481841 1.003147840499878 0
1570184484111 0.7396292090415955 0
1570184485810 1.108972430229187 0
1570184487919 1.0678691864013672 0
1570184489844 0.8000491261482239 0
1570184491823 0.9481788277626038 0
1570184494000 0.8164286613464355 0
1570184495681 1.381476640701294 0
1570184497847 1.237990140914917 0
1570184499969 0.8844746947288513 0
1570184501692 1.0560129880905151 0
1570184503708 0.9307007789611816 0
1570184505529 1.1148056983947754 0
1570184507178 0.8518569469451904 0
1570184508981 0.7343735694885254 0
1570184511020 0.9722394943237305 0
1570184512746 0.72879558801651 0
1570184514920 1.0635377168655396 0
1570184516987 0.7174747586250305 0
1570184519038 0.670245885848999 0
1570184521217 0.9506505727767944 0
1570184522951 1.4304630756378174 0
1570184524797 0.9641603827476501 0
1570184526640 0.8738259077072144 0
1570184528446 1.0695327520370483 0
1570184530415 1.1782066822052002 0
1570184532550 1.0017951726913452 0
1570184534176 0.7383158802986145 0
1570184536234 0.9129785895347595 0
1570184538273 0.868594229221344 0
1570184540135 0.7789099812507629 0
1570184542234 0.9835798144340515 0
1570184543918 0.9860934019088745 0
1570184546024 1.075107455253601 0
1570184548117 1.1418437957763672 0
1570184549789 1.0341157913208008 0
1570184551865 1.0812402963638306 0
1570184554293 1.0729953050613403 0
1570184555996 1.0462799072265625 0
1570184557931 1.2216516733169556 0
1570184559895 1.0051435232162476 0
1570184561853 0.8584423661231995 0
1570184564118 0.7997986674308777 0
1570184566091 1.172682523727417 0
1570184568067 1.178748607635498 0
1570184570193 1.0698045492172241 0
1570184572328 1.1161003112792969 0
1570184574451 1.0368403196334839 0
1570184576552 0.9444540143013 0
1570184578442 0.877251148223877 0
1570184580542 0.9185775518417358 0
1570184582759 1.1024569272994995 0
1570184585136 0.9687680602073669 0
1570184587238 0.8534451127052307 0
1570184589058 1.2986118793487549 0
1570184591361 0.8160921335220337 0
1570184593302 1.2028310298919678 0
1570184594991 0.9128173589706421 0
1570184597067 0.9857900142669678 0
1570184599088 1.0643876791000366 0
1570184600988 0.7850836515426636 0
1570184603216 0.8240628242492676 0
1570184605102 0.8821821808815002 0
1570184607046 0.9264658093452454 0
1570184609266 0.8474653363227844 0
1570184611005 0.9759294986724854 0
1570184613237 1.1708648204803467 0
1570184615473 0.7013599872589111 0
1570184617494 0.9804449677467346 0
1570184619661 1.0929313898086548 0
1570184621934 0.9484279155731201 0
1570184623957 0.7400029301643372 0
1570184626145 1.0004452466964722 0
1570184628304 0.9473844766616821 0
1570184630397 1.105940580368042 0
1570184632795 1.003971815109253 0
1570184634583 0.7373237609863281 0
1570184636669 0.961136519908905 0
1570184638804 1.4579201936721802 0
1570184641124 0.938571035861969 0
1570184643336 1.0047459602355957 0
1570184644992 1.1360881328582764 0
1570184646948 1.1670793294906616 0
1570184648938 0.8035654425621033 0
1570184651250 0.762764573097229 0
1570184653483 1.1092203855514526 0
1570184655326 0.8066927790641785 0
1570184657371 1.130460500717163 0
1570184659473 0.8651033043861389 0
1570184661500 0.9058017134666443 0
1570184663480 0.8840468525886536 0
1570184665486 0.884634792804718 0
1570184667815 0.8951112627983093 0
1570184670074 1.154292106628418 0
1570184671936 0.7721705436706543 0
1570184673952 1.0112589597702026 0
1570184675720 0.8860965967178345 0
1570184677472 0.9125494360923767 0
1570184679698 0.9007390737533569 0
1570184681505 0.8831812739372253 0
1570184683453 0.9630702137947083 0
1570184685587 1.5992896556854248 0
1570184687582 0.676058292388916 0
1570184689930 0.8990868330001831 0
1570184691797 1.0468647480010986 0
1570184693648 0.8572776913642883 0
1570184695863 1.0068531036376953 0
1570184697771 0.7607403993606567 0
1570184700105 1.0548158884048462 0
1570184702234 1.3138675689697266 0
1570184704280 0.6174803972244263 0
1570184706634 1.0128636360168457 0
1570184708654 0.9881772398948669 0
1570184710307 1.2733838558197021 0
1570184712174 1.0635679960250854 0
1570184714133 0.9024533629417419 0
1570184716381 1.0565094947814941 0
1570184718287 0.8902791142463684 0
1570184720157 1.148447871208191 0
1570184722525 1.034163236618042 0
1570184724748 0.8878211975097656 0
1570184726427 0.8625174164772034 0
1570184728704 1.0166633129119873 0
1570184730687 0.7259972095489502 0
1570184732556 0.7569829821586609 0
1570184734740 0.9175065159797668 0
1570184736453 0.9558725357055664 0
1570184739072 0.7663211822509766 0
1570184741434 1.0210763216018677 0
1570184743475 0.9195786118507385 0
1570184745590 0.8865628838539124 0
1570184747780 0.7580867409706116 0
1570184749881 0.8098505139350891 0
1570184752150 0.5871046781539917 0
1570184754161 1.2634625434875488 0
1570184756227 1.0876035690307617 0
1570184758424 0.8831866979598999 0
1570184760137 0.7169605493545532 0
1570184762046 1.2166016101837158 0
1570184763829 1.0899665355682373 0
1570184765610 0.8897108435630798 0
1570184767691 0.8195374608039856 0
1570184769792 0.9725107550621033 0
1570184771704 1.03780198097229 0
1570184773682 0.911650538444519 0
1570184775673 1.148610234260559 0
1570184777806 0.9717333316802979 0
1570184779873 0.8612455725669861 0
1570184782077 0.9167678356170654 0
1570184784042 0.9927626848220825 0
1570184786566 0.7550866007804871 0
1570184788714 0.8322345018386841 0
1570184790590 0.975725531578064 0
1570184792593 0.7620218396186829 0
1570184794562 1.266981840133667 0
1570184796984 1.2258230447769165 0
1570184799080 1.1676173210144043 0
1570184800977 0.8289953470230103 0
1570184803116 0.9755731225013733 0
1570184805185 0.8203940987586975 0
1570184807305 1.144765853881836 0
1570184809520 0.7068721055984497 0
1570184811455 0.8408004641532898 0
1570184813751 0.6807214021682739 0
1570184816024 1.092698574066162 0
1570184818031 0.95453280210495 0
1570184820376 1.3184577226638794 0
1570184822440 0.7456904649734497 0
1570184824646 1.0265361070632935 0
1570184827021 1.096573829650879 0
1570184828738 0.8072160482406616 0
1570184830557 0.9226564764976501 0
1570184832591 0.9923855066299438 0
1570184834522 1.021742582321167 0
1570184836581 0.7874964475631714 0
1570184838500 1.0030821561813354 0
1570184840814 1.1462063789367676 0
1570184842850 0.9460572600364685 0
1570184844952 0.792797863483429 0
1570184846953 0.844251811504364 0
1570184848964 0.7687657475471497 0
1570184850776 0.8731222152709961 0
1570184852861 1.079488754272461 0
1570184854736 1.0750592947006226 0
1570184856798 1.001170039176941 0
1570184859117 1.2171173095703125 0
1570184861347 0.8180462121963501 0
1570184863769 1.1861333847045898 0
1570184865738 0.9242533445358276 0
1570184867520 0.830787718296051 0
1570184869581 0.8061982989311218 0
1570184871624 1.0363268852233887 0
1570184873994 1.2670801877975464 0
1570184876238 0.9498494267463684 0
1570184878525 0.7573303580284119 0
1570184880771 1.281935214996338 0
1570184882744 0.6834396719932556 0
1570184885017 1.1613703966140747 0
1570184887167 0.82028728723526 0
1570184888942 1.0316606760025024 0
1570184890891 0.9356287717819214 0
1570184892774 0.7358607649803162 0
1570184895227 0.7307528853416443 0
1570184897354 0.8469053506851196 0
1570184899521 1.1007169485092163 0
1570184901930 0.8707625865936279 0
1570184903593 0.8545226454734802 0
1570184905219 1.1483176946640015 0
