1570182425027 0.4760599434375763 0
1570182426566 0.48856380581855774 0
1570182427891 0.4884929060935974 0
1570182429278 0.47902292013168335 0
1570182430687 0.47324085235595703 0
1570182432044 0.46567338705062866 0
1570182433270 0.46905452013015747 0
1570182434569 0.4590904116630554 0
1570182436056 0.45322415232658386 0
1570182437558 0.4576018452644348 0
1570182439025 0.43954670429229736 0
1570182440356 0.44635868072509766 0
1570182441786 0.43890181183815 0
1570182443152 0.44138070940971375 0
1570182444623 0.43368014693260193 0
1570182445973 0.43023112416267395 0
1570182447372 0.42890462279319763 0
1570182448682 0.43255510926246643 0
1570182450074 0.43078476190567017 0
1570182451448 0.4164373278617859 0
1570182452849 0.41699928045272827 0
1570182454096 0.40108001232147217 0
1570182455716 0.4194183945655823 0
1570182457321 0.4132184386253357 0
1570182458765 0.4053744673728943 0
1570182460087 0.40213242173194885 0
1570182461472 0.3928709030151367 0
1570182462949 0.3950369954109192 0
1570182464296 0.3963072597980499 0
1570182465644 0.41163644194602966 0
1570182466907 0.38185733556747437 0
1570182468205 0.39219069480895996 0
1570182469662 0.3873436450958252 0
1570182471317 0.37862229347229004 0
1570182472809 0.3799407482147217 0
1570182474289 0.3824406862258911 0
1570182475815 0.3769920766353607 0
1570182477071 0.3630633056163788 0
1570182478289 0.37746527791023254 0
1570182479556 0.36867231130599976 0
1570182480793 0.3814355134963989 0
1570182482155 0.3600717782974243 0
1570182483508 0.37243449687957764 0
1570182485096 0.3762671947479248 0
1570182486509 0.36140507459640503 0
1570182487826 0.344579815864563 0
1570182489022 0.3359772562980652 0
1570182490459 0.3432433605194092 0
1570182491865 0.36751288175582886 0
1570182493270 0.3571282923221588 0
1570182494502 0.3456360995769501 0
1570182495900 0.318379282951355 0
1570182497358 0.3520191013813019 0
1570182498688 0.3418479263782501 0
1570182499995 0.33728185296058655 0
1570182501348 0.3489297032356262 0
1570182502630 0.3487582206726074 0
1570182504001 0.3184918463230133 0
1570182505407 0.3341625928878784 0
1570182506877 0.3286947011947632 0
1570182508397 0.3345707058906555 0
1570182509933 0.32772231101989746 0
1570182511520 0.33756810426712036 0
1570182512934 0.3162139654159546 0
1570182514375 0.30503904819488525 0
1570182515567 0.3094152808189392 0
1570182516859 0.29585057497024536 0
1570182518137 0.31496375799179077 0
1570182519417 0.32177671790122986 0
1570182520883 0.3251444697380066 0
1570182522254 0.3015357255935669 0
1570182523602 0.3175216615200043 0
1570182524962 0.2969789206981659 0
1570182526352 0.31652599573135376 0
1570182527675 0.29063817858695984 0
1570182528910 0.3042403757572174 0
1570182530212 0.3096811771392822 0
1570182531598 0.3027995824813843 0
1570182533104 0.2830994725227356 0
1570182534493 0.3074852228164673 0
1570182535808 0.2943493723869324 0
1570182537409 0.3039705753326416 0
1570182538914 0.3078804612159729 0
1570182540241 0.2884615659713745 0
1570182541814 0.31348684430122375 0
1570182543261 0.2932920455932617 0
1570182544656 0.28706231713294983 0
1570182546128 0.2889925539493561 0
1570182547578 0.28645631670951843 0
1570182548931 0.2799288034439087 0
1570182550510 0.27480989694595337 0
1570182552174 0.2686220705509186 0
1570182553597 0.27151691913604736 0
1570182554933 0.2730538249015808 0
1570182556497 0.2782618999481201 0
1570182558053 0.285617470741272 0
1570182559436 0.27610328793525696 0
1570182561037 0.2296617478132248 0
1570182562474 0.29787349700927734 0
1570182564086 0.2680729031562805 0
1570182565582 0.2767240107059479 0
1570182567181 0.2671836316585541 0
1570182568577 0.2558327615261078 0
1570182569934 0.2767283320426941 0
1570182571692 0.25329408049583435 0
1570182573338 0.26757895946502686 0
1570182574740 0.28051865100860596 0
1570182576274 0.26561668515205383 0
1570182577823 0.2553706169128418 0
1570182579400 0.2848125994205475 0
1570182580739 0.2508254051208496 0
1570182582196 0.25664958357810974 0
1570182583674 0.2412540763616562 0
1570182585103 0.26224327087402344 0
1570182587943 0.23410257697105408 0
1570182589368 0.22348812222480774 0
1570182590736 0.24337822198867798 0
1570182592319 0.24435216188430786 0
1570182593851 0.2693331837654114 0
1570182595491 0.25832051038742065 0
1570182596833 0.24556514620780945 0
1570182598311 0.26051998138427734 0
1570182599880 0.24456289410591125 0
1570182601424 0.22989727556705475 0
1570182602973 0.23808789253234863 0
1570182604384 0.22687815129756927 0
1570182605752 0.22323641180992126 0
1570182607256 0.22425176203250885 0
1570182608872 0.22388464212417603 0
1570182610388 0.22831928730010986 0
1570182611954 0.2160577028989792 0
1570182613602 0.24244147539138794 0
1570182614935 0.22903482615947723 0
1570182616426 0.2228470742702484 0
1570182618072 0.21837496757507324 0
1570182619680 0.24006780982017517 0
1570182621198 0.21782374382019043 0
1570182622665 0.20017853379249573 0
1570182624023 0.21794259548187256 0
1570182625380 0.22702184319496155 0
1570182626704 0.2145068645477295 0
1570182628265 0.23266498744487762 0
1570182629850 0.2055651843547821 0
1570182631450 0.19653365015983582 0
1570182632794 0.23874357342720032 0
1570182634261 0.20932745933532715 0
1570182635825 0.20639532804489136 0
1570182637416 0.2043035924434662 0
1570182638950 0.20705528557300568 0
1570182640399 0.1866973638534546 0
1570182641879 0.21137477457523346 0
1570182643325 0.23734834790229797 0
1570182644884 0.203881174325943 0
1570182646260 0.21739013493061066 0
1570182647693 0.21216100454330444 0
1570182649120 0.2090950757265091 0
1570182650609 0.21824827790260315 0
1570182652349 0.21539026498794556 0
1570182653731 0.18064984679222107 0
1570182655053 0.2103414237499237 0
1570182657563 0.21166133880615234 0
1570182659066 0.18881666660308838 0
1570182660376 0.18222609162330627 0
1570182661809 0.2030443549156189 0
1570182663214 0.18219953775405884 0
1570182664625 0.19903779029846191 0
1570182666268 0.1933574378490448 0
1570182667598 0.19890329241752625 0
1570182669105 0.1916554570198059 0
1570182670607 0.1808943748474121 0
1570182672291 0.2043662667274475 0
1570182673993 0.17801591753959656 0
1570182675582 0.20109134912490845 0
1570182676939 0.17952772974967957 0
1570182678403 0.18104001879692078 0
1570182679825 0.18424507975578308 0
1570182681366 0.1852116733789444 0
1570182682874 0.19278156757354736 0
1570182684605 0.188381165266037 0
1570182686128 0.16998949646949768 0
1570182687490 0.17604850232601166 0
1570182688904 0.18122795224189758 0
1570182690314 0.17486613988876343 0
1570182691775 0.18168914318084717 0
1570182693400 0.1756051480770111 0
1570182694940 0.1879580169916153 0
1570182696240 0.15958833694458008 0
1570182697702 0.18150828778743744 0
1570182699223 0.17572715878486633 0
1570182701176 0.16026750206947327 0
1570182702698 0.18759290874004364 0
1570182704245 0.15833723545074463 0
1570182705565 0.18308083713054657 0
1570182707071 0.16868437826633453 0
1570182708506 0.16018137335777283 0
1570182710052 0.1685894876718521 0
1570182711691 0.1804596483707428 0
1570182713274 0.1576629877090454 0
1570182714535 0.1840479075908661 0
1570182715973 0.17058950662612915 0
1570182717460 0.18209722638130188 0
1570182718997 0.14371010661125183 0
1570182720527 0.1773856282234192 0
1570182721986 0.14841103553771973 0
1570182723610 0.17557314038276672 0
1570182725077 0.16261163353919983 0
1570182726588 0.1370122730731964 0
1570182727859 0.15727664530277252 0
1570182729304 0.1691722422838211 0
1570182730760 0.17780598998069763 0
1570182732062 0.15164676308631897 0
1570182733347 0.14563706517219543 0
1570182734699 0.16452497243881226 0
1570182736979 0.15380755066871643 0
1570182738390 0.1522601842880249 0
1570182739699 0.1821218729019165 0
1570182741086 0.1476024091243744 0
1570182742445 0.17952322959899902 0
1570182743969 0.15530607104301453 0
1570182745415 0.144449383020401 0
1570182747052 0.18323132395744324 0
1570182748611 0.15568134188652039 0
1570182750247 0.1424216330051422 0
1570182751944 0.13873527944087982 0
1570182753539 0.1598616987466812 0
1570182755075 0.17402808368206024 0
1570182756650 0.14986929297447205 0
1570182758243 0.16813313961029053 0
1570182759708 0.1539774239063263 0
1570182761137 0.14998874068260193 0
1570182762735 0.16882508993148804 0
1570182764287 0.14216241240501404 0
1570182765732 0.12757441401481628 0
1570182767396 0.11947494745254517 0
1570182769016 0.14454585313796997 0
1570182770540 0.14390526711940765 0
1570182771857 0.14809569716453552 0
1570182773117 0.14151878654956818 0
1570182774527 0.12658846378326416 0
1570182775859 0.13512645661830902 0
1570182777517 0.12427754700183868 0
1570182778926 0.1170121431350708 0
1570182780301 0.1462429165840149 0
1570182781568 0.13415756821632385 0
1570182783110 0.16362923383712769 0
1570182784541 0.131753608584404 0
1570182785945 0.15394514799118042 0
1570182787437 0.14046400785446167 0
1570182788884 0.13339540362358093 0
1570182790338 0.17631807923316956 0
1570182791827 0.13704293966293335 0
1570182793307 0.13949377834796906 0
1570182794630 0.11608815938234329 0
1570182796017 0.12580667436122894 0
1570182797669 0.13128362596035004 0
1570182799236 0.11899495124816895 0
1570182800756 0.1508001685142517 0
1570182802462 0.12693250179290771 0
1570182804138 0.12125546485185623 0
1570182805810 0.1468372941017151 0
1570182807381 0.13318094611167908 0
1570182808793 0.1170848160982132 0
1570182810300 0.1116265207529068 0
1570182811824 0.1465301662683487 0
1570182813309 0.13098490238189697 0
1570182814734 0.1192018985748291 0
1570182816432 0.1269291639328003 0
1570182817901 0.12752698361873627 0
1570182819537 0.10602498054504395 0
1570182821169 0.12506890296936035 0
1570182822903 0.13710343837738037 0
1570182824438 0.11622598767280579 0
1570182825743 0.14620095491409302 0
1570182827211 0.11430235952138901 0
1570182828697 0.11515376716852188 0
1570182829991 0.13029803335666656 0
1570182831326 0.11184360086917877 0
1570182832751 0.12372472882270813 0
1570182834473 0.1310637891292572 0
1570182836082 0.11113803088665009 0
1570182837486 0.11656294763088226 0
1570182838834 0.1177700012922287 0
1570182840407 0.10965906083583832 0
1570182841965 0.12959149479866028 0
1570182843646 0.1153121143579483 0
1570182845238 0.13946309685707092 0
1570182847727 0.10074542462825775 0
1570182849326 0.11183502525091171 0
1570182851126 0.1340266466140747 0
1570182852526 0.12379351258277893 0
1570182853990 0.13239794969558716 0
1570182855328 0.11842905730009079 0
1570182857079 0.09484781324863434 0
1570182858503 0.1098276674747467 0
1570182859824 0.10692976415157318 0
1570182861198 0.11793382465839386 0
1570182862513 0.11622984707355499 0
1570182863912 0.11558889597654343 0
1570182865616 0.11481474339962006 0
1570182867234 0.11153297871351242 0
1570182868882 0.1042819693684578 0
1570182870521 0.1078214943408966 0
1570182872175 0.11503275483846664 0
1570182873700 0.08712694048881531 0
1570182875180 0.13362373411655426 0
1570182876605 0.11281450092792511 0
1570182877916 0.11864729225635529 0
1570182879336 0.12925399839878082 0
1570182880755 0.11528848111629486 0
1570182882242 0.0988311916589737 0
1570182883778 0.11319880187511444 0
1570182885186 0.12162037193775177 0
1570182886610 0.10496821254491806 0
1570182888229 0.10921710729598999 0
1570182889759 0.10530030727386475 0
1570182891551 0.11868651956319809 0
1570182892985 0.11371957510709763 0
1570182894288 0.10848556458950043 0
1570182895639 0.1236744374036789 0
1570182897058 0.11305274814367294 0
1570182898507 0.10900145769119263 0
1570182899870 0.10515603423118591 0
1570182902190 0.1292525678873062 0
1570182903719 0.12231995910406113 0
1570182905156 0.11876798421144485 0
1570182906729 0.11046718806028366 0
1570182908279 0.08954773843288422 0
1570182909623 0.10786847025156021 0
1570182911004 0.12426179647445679 0
1570182912631 0.09103505313396454 0
1570182914258 0.10224150121212006 0
1570182915566 0.09938225150108337 0
1570182916898 0.08960842341184616 0
1570182918362 0.0866805911064148 0
1570182919852 0.12548089027404785 0
1570182921310 0.08810815215110779 0
1570182922749 0.12303726375102997 0
1570182924221 0.10456328094005585 0
1570182925749 0.11125524342060089 0
1570182927419 0.10738115757703781 0
1570182928779 0.09357350319623947 0
1570182930227 0.1026313379406929 0
1570182931887 0.107558473944664 0
1570182933321 0.09134197235107422 0
1570182934693 0.09224656224250793 0
1570182936448 0.08947773277759552 0
1570182937939 0.09852011501789093 0
1570182939443 0.09457001835107803 0
1570182940911 0.10465890169143677 0
1570182942262 0.09037964046001434 0
1570182943774 0.09519638121128082 0
1570182945540 0.09150217473506927 0
1570182947135 0.1003323569893837 0
1570182948676 0.09298557788133621 0
1570182950316 0.10930235683917999 0
1570182951954 0.10809458792209625 0
1570182953572 0.10106126219034195 0
1570182955087 0.09809481352567673 0
1570182956593 0.08792421221733093 0
1570182958090 0.10121788084506989 0
1570182959550 0.09645426273345947 0
1570182961145 0.07893043756484985 0
1570182962488 0.09909556806087494 0
1570182963726 0.089501291513443 0
1570182964960 0.10357291996479034 0
1570182966253 0.09878779947757721 0
1570182967750 0.08162757009267807 0
1570182969181 0.09725883603096008 0
1570182970866 0.09465575963258743 0
1570182972525 0.10948184132575989 0
1570182974189 0.11209127306938171 0
1570182975562 0.1061667650938034 0
1570182977012 0.10093781352043152 0
1570182978469 0.11808125674724579 0
1570182979976 0.09024834632873535 0
1570182981713 0.07748761028051376 0
1570182983351 0.09928435832262039 0
1570182985058 0.08133989572525024 0
1570182986492 0.10023556649684906 0
1570182987858 0.0977080762386322 0
1570182989411 0.08716065436601639 0
1570182991027 0.09230448305606842 0
1570182992663 0.08573917299509048 0
1570182994288 0.09271403402090073 0
1570182995959 0.0975906029343605 0
1570182997679 0.10271027684211731 0
1570182999526 0.089148610830307 0
1570183001292 0.10582245886325836 0
1570183003085 0.08442482352256775 0
1570183004637 0.09766243398189545 0
1570183006228 0.08858509361743927 0
1570183007686 0.08311949670314789 0
1570183009213 0.08416461199522018 0
1570183010652 0.09398920834064484 0
1570183012027 0.0850304365158081 0
1570183013686 0.1094474121928215 0
1570183015353 0.075548455119133 0
1570183016739 0.08653189986944199 0
1570183018120 0.09682556241750717 0
1570183019509 0.10220496356487274 0
1570183020897 0.09106089174747467 0
1570183022656 0.07499445229768753 0
1570183024179 0.09587563574314117 0
1570183025861 0.0903334990143776 0
1570183027369 0.07871450483798981 0
1570183028639 0.08815282583236694 0
1570183029983 0.09319378435611725 0
1570183031517 0.09148967266082764 0
1570183033036 0.06738050282001495 0
1570183034648 0.07753103971481323 0
1570183036097 0.10989993810653687 0
1570183037631 0.07514757663011551 0
1570183038986 0.07702591270208359 0
1570183040460 0.08340388536453247 0
1570183041853 0.09540103375911713 0
1570183043330 0.08486437797546387 0
1570183045137 0.08324456214904785 0
1570183046882 0.08201965689659119 0
1570183048639 0.08258841186761856 0
1570183050147 0.07597409188747406 0
1570183051735 0.08652878552675247 0
1570183053307 0.09390586614608765 0
1570183054904 0.08027389645576477 0
1570183056532 0.07939007878303528 0
1570183058323 0.0661790519952774 0
1570183059831 0.08416616171598434 0
1570183061332 0.08476572483778 0
1570183062901 0.07236761599779129 0
1570183064573 0.07389102876186371 0
1570183066082 0.08471579104661942 0
1570183067921 0.07736910134553909 0
1570183069447 0.07926484197378159 0
1570183071071 0.08478343486785889 0
1570183072805 0.08501456677913666 0
1570183074596 0.0841289609670639 0
1570183076369 0.09059096872806549 0
1570183077861 0.0779595822095871 0
1570183079438 0.08412566781044006 0
1570183081103 0.09772056341171265 0
1570183082835 0.07898758351802826 0
1570183084371 0.0870501920580864 0
1570183085934 0.07888443768024445 0
1570183087376 0.06004907190799713 0
1570183088769 0.07326114177703857 0
1570183090388 0.06910524517297745 0
1570183092184 0.07669758796691895 0
1570183093916 0.08173751085996628 0
1570183095598 0.07981330156326294 0
1570183096970 0.07103331387042999 0
1570183098664 0.07051412761211395 0
1570183100319 0.081387460231781 0
1570183102001 0.07222502678632736 0
1570183103735 0.07801587879657745 0
1570183105486 0.06890930235385895 0
1570183107209 0.0742010772228241 0
1570183108971 0.07010310143232346 0
1570183110604 0.068135105073452 0
1570183112185 0.0848143994808197 0
1570183113945 0.0824948251247406 0
1570183115892 0.0667944848537445 0
1570183117420 0.0789385735988617 0
1570183119028 0.06994223594665527 0
1570183120625 0.07212138175964355 0
1570183122109 0.0968766137957573 0
1570183123603 0.06939058005809784 0
1570183125059 0.08157718181610107 0
1570183126600 0.10584792494773865 0
1570183128165 0.0747205838561058 0
1570183129767 0.097038134932518 0
1570183131271 0.07399941980838776 0
1570183132763 0.07066445052623749 0
1570183134180 0.09249398857355118 0
1570183135672 0.06956014782190323 0
1570183137176 0.07203212380409241 0
1570183138852 0.08865328133106232 0
1570183140352 0.07382290065288544 0
1570183141865 0.08667837828397751 0
1570183143392 0.07253390550613403 0
1570183145010 0.07535939663648605 0
1570183146598 0.061875373125076294 0
1570183148097 0.08469501882791519 0
1570183149554 0.07989232987165451 0
1570183151135 0.07164833694696426 0
1570183152680 0.07535085082054138 0
1570183154073 0.09230554848909378 0
1570183155594 0.06897883862257004 0
1570183157165 0.07368186116218567 0
1570183158713 0.07051141560077667 0
1570183160104 0.06304045021533966 0
1570183161818 0.06568510085344315 0
1570183163385 0.08529508113861084 0
1570183165057 0.0695285052061081 0
1570183166649 0.06242514029145241 0
1570183168120 0.07840116322040558 0
1570183169617 0.06650194525718689 0
1570183171236 0.06344017386436462 0
1570183172989 0.08849292993545532 0
1570183174604 0.07183224707841873 0
1570183176219 0.07591783255338669 0
1570183177655 0.10295955836772919 0
1570183179190 0.08166971057653427 0
1570183180643 0.07948607206344604 0
1570183182204 0.07229126244783401 0
1570183183680 0.05880606174468994 0
1570183185274 0.07123298197984695 0
1570183186811 0.07744747400283813 0
1570183188413 0.05659148842096329 0
1570183190306 0.06721756607294083 0
1570183192201 0.06904466450214386 0
1570183193882 0.07820011675357819 0
1570183195439 0.07264848053455353 0
1570183197052 0.07540301978588104 0
1570183198730 0.06640709936618805 0
1570183200111 0.07138130068778992 0
1570183201645 0.06295368820428848 0
1570183203145 0.07645319402217865 0
1570183204589 0.07007873058319092 0
1570183205920 0.06467843055725098 0
1570183207264 0.07032771408557892 0
1570183208684 0.08518359065055847 0
1570183210083 0.06520267575979233 0
1570183211621 0.06871207058429718 0
1570183213040 0.08284430205821991 0
1570183214439 0.08281790465116501 0
1570183215846 0.06193448603153229 0
1570183217354 0.0810176357626915 0
1570183218954 0.06589397042989731 0
1570183220472 0.05718596279621124 0
1570183221990 0.06673385202884674 0
1570183223523 0.06572046875953674 0
1570183225013 0.07412540167570114 0
1570183226582 0.06357835233211517 0
1570183228562 0.08335369825363159 0
1570183230447 0.07049006968736649 0
1570183232093 0.07865433394908905 0
1570183233537 0.06636333465576172 0
1570183235039 0.06253013014793396 0
1570183236615 0.0619039312005043 0
1570183238076 0.06335948407649994 0
1570183239577 0.05347689986228943 0
1570183241229 0.07125777006149292 0
1570183243134 0.06122446060180664 0
1570183244841 0.06972727924585342 0
1570183246331 0.05541191250085831 0
1570183247975 0.07361970841884613 0
1570183250022 0.06138351932168007 0
1570183251399 0.05774533003568649 0
1570183252993 0.05991114675998688 0
1570183254641 0.07174988090991974 0
1570183256165 0.08308122307062149 0
1570183257753 0.06634312868118286 0
1570183259416 0.059859998524188995 0
1570183261044 0.06671798229217529 0
1570183262638 0.05808688700199127 0
1570183264297 0.08726856857538223 0
1570183266016 0.07481665164232254 0
1570183267660 0.07272149622440338 0
1570183269571 0.06684818863868713 0
1570183271333 0.057828307151794434 0
1570183272859 0.07579140365123749 0
1570183274535 0.055781539529561996 0
1570183276282 0.06730293482542038 0
1570183277903 0.06783689558506012 0
1570183279673 0.06370064616203308 0
1570183281431 0.065858855843544 0
1570183282962 0.057503532618284225 0
1570183284691 0.07157403975725174 0
1570183286619 0.06220811605453491 0
1570183288158 0.05751194432377815 0
1570183289747 0.06437177956104279 0
1570183291346 0.06290441751480103 0
1570183292966 0.055798593908548355 0
1570183294821 0.055251605808734894 0
1570183296717 0.07717528939247131 0
1570183298559 0.052510812878608704 0
1570183300071 0.06159885972738266 0
1570183301621 0.060628198087215424 0
1570183303361 0.05269019305706024 0
1570183305124 0.06636488437652588 0
1570183306822 0.057024404406547546 0
1570183308306 0.06588391959667206 0
1570183310047 0.054586850106716156 0
1570183311697 0.06492937356233597 0
1570183313566 0.05672664940357208 0
1570183315363 0.07008093595504761 0
1570183316934 0.06599688529968262 0
1570183318828 0.06774058192968369 0
1570183320685 0.06604433059692383 0
1570183322604 0.05998712778091431 0
1570183324049 0.058578528463840485 0
1570183325755 0.05193445086479187 0
1570183327572 0.058621931821107864 0
1570183329240 0.05707152932882309 0
1570183330780 0.06486077606678009 0
1570183332549 0.05382173880934715 0
1570183334179 0.062055401504039764 0
1570183335929 0.04804549366235733 0
1570183337731 0.06314167380332947 0
1570183339553 0.0616273507475853 0
1570183341180 0.07008881866931915 0
1570183342827 0.07518094778060913 0
1570183344633 0.06020546704530716 0
1570183346303 0.0665130466222763 0
1570183347784 0.05836695805191994 0
1570183349484 0.06745520979166031 0
1570183351232 0.052263543009757996 0
1570183352923 0.052285708487033844 0
1570183354591 0.05644417181611061 0
1570183356479 0.07411235570907593 0
1570183358130 0.06688187271356583 0
1570183359953 0.05614416301250458 0
1570183361821 0.049873314797878265 0
1570183363488 0.055103451013565063 0
1570183365216 0.057173214852809906 0
1570183367150 0.06475584954023361 0
1570183368958 0.06541609764099121 0
1570183370564 0.058299191296100616 0
1570183372283 0.06122635677456856 0
1570183374109 0.050005681812763214 0
1570183375935 0.06286415457725525 0
1570183377779 0.05611278861761093 0
1570183379407 0.07865201681852341 0
1570183381093 0.062196679413318634 0
1570183382876 0.06009068340063095 0
1570183384839 0.05066358670592308 0
1570183386671 0.05524316430091858 0
1570183388244 0.0496438592672348 0
1570183389935 0.04835710674524307 0
1570183391528 0.05132421851158142 0
1570183393195 0.04890315979719162 0
1570183395170 0.06174561381340027 0
1570183397114 0.05909019708633423 0
1570183398825 0.06190592795610428 0
1570183400788 0.062436752021312714 0
1570183402740 0.05469430238008499 0
1570183404452 0.05477312579751015 0
1570183406354 0.05951105058193207 0
1570183408002 0.058039985597133636 0
1570183409866 0.05898036062717438 0
1570183411414 0.060291729867458344 0
1570183413101 0.05881435051560402 0
1570183415091 0.06373747438192368 0
1570183416821 0.062193237245082855 0
1570183418352 0.05699016898870468 0
1570183419923 0.05091112107038498 0
1570183421409 0.05334893986582756 0
1570183423084 0.054468125104904175 0
1570183424765 0.048719003796577454 0
1570183426550 0.0570199079811573 0
1570183428273 0.058119550347328186 0
1570183430024 0.052520547062158585 0
1570183431679 0.05811075121164322 0
1570183433318 0.05439547821879387 0
1570183434921 0.050393667072057724 0
1570183436644 0.04965168982744217 0
1570183438361 0.0497506707906723 0
1570183440060 0.050102364271879196 0
1570183441877 0.04945271089673042 0
1570183443597 0.05352364480495453 0
1570183445251 0.054954491555690765 0
1570183447012 0.05659215897321701 0
1570183448896 0.06388263404369354 0
1570183450315 0.05068463832139969 0
1570183451988 0.07121220976114273 0
1570183453846 0.05129314959049225 0
1570183455537 0.05462847277522087 0
1570183457174 0.07331889867782593 0
1570183458971 0.055727988481521606 0
1570183460866 0.055719804018735886 0
1570183462570 0.05737525597214699 0
1570183464255 0.06308452785015106 0
1570183466031 0.05127079784870148 0
1570183467645 0.05381381884217262 0
1570183469368 0.051155589520931244 0
1570183471323 0.044040992856025696 0
1570183473242 0.05920952558517456 0
1570183475008 0.06007207930088043 0
1570183476821 0.054733164608478546 0
1570183478374 0.05434616655111313 0
1570183479841 0.04942923039197922 0
1570183481351 0.04681196063756943 0
1570183483107 0.06936423480510712 0
1570183484779 0.054417114704847336 0
1570183486473 0.048685237765312195 0
1570183488390 0.06240835040807724 0
1570183489948 0.0571439303457737 0
1570183491391 0.05113533139228821 0
1570183493098 0.0564732700586319 0
1570183495021 0.06643170118331909 0
1570183496848 0.0510517880320549 0
1570183498441 0.059113651514053345 0
1570183500199 0.0568978488445282 0
1570183501944 0.061608441174030304 0
1570183503449 0.05209437385201454 0
1570183505204 0.05220922827720642 0
1570183507133 0.05578138679265976 0
1570183508624 0.05900314450263977 0
1570183510389 0.05258973315358162 0
1570183512291 0.05720199644565582 0
1570183514095 0.04070286825299263 0
1570183516053 0.05448161065578461 0
1570183518051 0.04568016529083252 0
1570183519662 0.05007723346352577 0
1570183521376 0.041411593556404114 0
1570183523368 0.05106107145547867 0
1570183525201 0.05205395445227623 0
1570183526835 0.055832087993621826 0
1570183528322 0.05106179788708687 0
1570183529927 0.056351881474256516 0
1570183531419 0.0510343573987484 0
1570183533086 0.05366155505180359 0
1570183534756 0.048470914363861084 0
1570183536517 0.05270529165863991 0
1570183538552 0.048503328114748 0
1570183540417 0.05675410106778145 0
1570183541919 0.05126757174730301 0
1570183543415 0.06433460116386414 0
1570183545073 0.05252361297607422 0
1570183546792 0.05157836154103279 0
1570183548354 0.04772130399942398 0
1570183550269 0.06000798940658569 0
1570183552110 0.05944250524044037 0
1570183553778 0.06431319564580917 0
1570183555600 0.0437283031642437 0
1570183557468 0.05250076204538345 0
1570183559350 0.051630906760692596 0
1570183561247 0.06492666155099869 0
1570183563228 0.05002116411924362 0
1570183564908 0.058690283447504044 0
1570183566687 0.04702752083539963 0
1570183568508 0.0542532242834568 0
1570183570081 0.04963601380586624 0
1570183571655 0.04900957643985748 0
1570183573544 0.04720290005207062 0
1570183575362 0.047736261039972305 0
1570183577174 0.04675755649805069 0
1570183578933 0.049998097121715546 0
1570183580803 0.05669395625591278 0
1570183582502 0.049870412796735764 0
1570183584458 0.04772816598415375 0
1570183586324 0.05931856855750084 0
1570183587789 0.05642265826463699 0
1570183589523 0.05334688723087311 0
1570183591302 0.03992975503206253 0
1570183593069 0.048756442964076996 0
1570183594629 0.04995667189359665 0
1570183596522 0.04808853939175606 0
1570183598276 0.06229345127940178 0
1570183600006 0.05808065086603165 0
1570183601613 0.0477893091738224 0
1570183603602 0.04415363445878029 0
1570183605222 0.04767328128218651 0
1570183606852 0.04360300302505493 0
1570183608651 0.04131856560707092 0
1570183610337 0.04747011139988899 0
1570183612104 0.04612879082560539 0
1570183613814 0.04933220148086548 0
1570183615808 0.043319009244441986 0
1570183617660 0.0520223006606102 0
1570183619675 0.04702109098434448 0
1570183621662 0.060608699917793274 0
1570183623365 0.06353852152824402 0
1570183625245 0.04270920902490616 0
1570183626773 0.04813891649246216 0
1570183628470 0.04302425682544708 0
1570183630255 0.049073826521635056 0
1570183632145 0.05480226129293442 0
1570183633867 0.05238596349954605 0
1570183635610 0.048840537667274475 0
1570183637426 0.04990227520465851 0
1570183639428 0.048499077558517456 0
1570183641090 0.059442874044179916 0
1570183642969 0.053143635392189026 0
1570183645066 0.043870192021131516 0
1570183646729 0.05767456814646721 0
1570183648431 0.055191799998283386 0
1570183650217 0.04904983937740326 0
1570183651954 0.04550827294588089 0
1570183653661 0.047835513949394226 0
1570183655582 0.05115525424480438 0
1570183657140 0.04805348813533783 0
1570183658675 0.04531124234199524 0
1570183660385 0.04821906238794327 0
1570183662230 0.04669011011719704 0
1570183663992 0.047989360988140106 0
1570183666008 0.051937732845544815 0
1570183667950 0.05392075702548027 0
1570183669414 0.05265739560127258 0
1570183671573 0.048404231667518616 0
1570183673586 0.0466703437268734 0
1570183675134 0.04336646944284439 0
1570183676895 0.0463014617562294 0
1570183678910 0.04713994264602661 0
1570183680477 0.06926823407411575 0
1570183682370 0.04957672953605652 0
1570183684421 0.045912645757198334 0
1570183686100 0.044368237257003784 0
1570183688000 0.045461270958185196 0
1570183689960 0.04852047562599182 0
1570183691597 0.0546170137822628 0
1570183693413 0.03928681090474129 0
1570183695468 0.04087699204683304 0
1570183697197 0.045169372111558914 0
1570183699130 0.045634835958480835 0
1570183701185 0.05482029914855957 0
1570183702942 0.052848268300294876 0
1570183704613 0.04251675680279732 0
1570183706607 0.046593908220529556 0
1570183708409 0.04609943553805351 0
1570183710186 0.05291008949279785 0
1570183712060 0.04661784693598747 0
1570183713800 0.0467308834195137 0
1570183715369 0.048088692128658295 0
1570183717396 0.06024383008480072 0
1570183719386 0.04907012730836868 0
1570183721164 0.05071556568145752 0
1570183723091 0.047562532126903534 0
1570183725191 0.04395642131567001 0
1570183726843 0.046446166932582855 0
1570183728605 0.04734412580728531 0
1570183730282 0.04281729459762573 0
1570183731985 0.04178888350725174 0
1570183733710 0.04678690433502197 0
1570183735552 0.04894472658634186 0
1570183737271 0.04202096909284592 0
1570183739096 0.04114985093474388 0
1570183740945 0.038624316453933716 0
1570183742647 0.04889922961592674 0
1570183744261 0.04716573655605316 0
1570183745976 0.051005296409130096 0
1570183747868 0.04226108640432358 0
1570183749498 0.04093346744775772 0
1570183751198 0.052003249526023865 0
1570183753180 0.042412396520376205 0
1570183755179 0.036988355219364166 0
1570183757291 0.04651667922735214 0
1570183759210 0.044696152210235596 0
1570183760799 0.05010578781366348 0
1570183762823 0.048208706080913544 0
1570183764453 0.04726975038647652 0
1570183766253 0.052626628428697586 0
1570183768202 0.05555814504623413 0
1570183769877 0.0440165176987648 0
1570183771658 0.03985406458377838 0
1570183773677 0.041753388941287994 0
1570183775539 0.04749986529350281 0
1570183777337 0.05994383618235588 0
1570183779216 0.04517859220504761 0
1570183780918 0.05894726514816284 0
1570183782603 0.044615522027015686 0
1570183784362 0.03831365704536438 0
1570183786063 0.041873589158058167 0
1570183787624 0.061962537467479706 0
1570183789276 0.04426749795675278 0
1570183791011 0.049399614334106445 0
1570183792891 0.04996008798480034 0
1570183794971 0.046969033777713776 0
1570183796903 0.04971986636519432 0
1570183798658 0.0392414927482605 0
1570183800470 0.04319966956973076 0
1570183802644 0.043953295797109604 0
1570183804610 0.04273465275764465 0
1570183806496 0.04300321266055107 0
1570183808468 0.043080225586891174 0
1570183810217 0.04474946856498718 0
1570183811902 0.04128582775592804 0
1570183813671 0.04134790226817131 0
1570183815519 0.07207012176513672 0
1570183817230 0.03464505448937416 0
1570183819204 0.055264681577682495 0
1570183821134 0.04101718217134476 0
1570183823021 0.04664241522550583 0
1570183825189 0.043725743889808655 0
1570183827045 0.04139605909585953 0
1570183828916 0.05170739069581032 0
1570183831108 0.03831515833735466 0
1570183833046 0.04601842164993286 0
1570183834821 0.04377244785428047 0
1570183836567 0.04957639425992966 0
1570183838514 0.049339212477207184 0
1570183840061 0.038585275411605835 0
1570183841852 0.04905035346746445 0
1570183843571 0.04255572706460953 0
1570183845350 0.039716966450214386 0
1570183847082 0.04292081668972969 0
1570183848948 0.04274376481771469 0
1570183850622 0.046431951224803925 0
1570183852370 0.03634767234325409 0
1570183854428 0.04764711111783981 0
1570183856342 0.05201007425785065 0
1570183857976 0.0346861369907856 0
1570183859862 0.035794660449028015 0
1570183861853 0.03761649876832962 0
1570183863672 0.039270102977752686 0
1570183865301 0.04601085186004639 0
1570183866811 0.040017955005168915 0
1570183868445 0.04869796335697174 0
1570183870112 0.04053016006946564 0
1570183871810 0.062155745923519135 0
1570183873420 0.04373530298471451 0
1570183875081 0.039768487215042114 0
1570183876709 0.046686552464962006 0
1570183878494 0.051031261682510376 0
1570183880096 0.0379347950220108 0
1570183881861 0.03904477879405022 0
1570183883894 0.04593518376350403 0
1570183886099 0.05315579101443291 0
1570183888123 0.04772057384252548 0
1570183889892 0.046350184828042984 0
1570183891553 0.04264599457383156 0
1570183893087 0.03939679265022278 0
1570183894752 0.05224904417991638 0
1570183896289 0.048814211040735245 0
1570183897795 0.050096482038497925 0
1570183899481 0.039338111877441406 0
1570183901111 0.03661149740219116 0
1570183902787 0.03911842778325081 0
1570183904467 0.03560348227620125 0
1570183906267 0.04152140021324158 0
1570183908366 0.03840731829404831 0
1570183910349 0.035626307129859924 0
1570183912280 0.04018353670835495 0
1570183914179 0.03723341226577759 0
1570183915833 0.04016813263297081 0
1570183917569 0.044938430190086365 0
1570183919570 0.03591940551996231 0
1570183921290 0.03892207890748978 0
1570183923089 0.041997067630290985 0
1570183924897 0.035945646464824677 0
1570183926451 0.04359276592731476 0
1570183928040 0.0596904531121254 0
1570183930213 0.039858631789684296 0
1570183931926 0.03398144245147705 0
1570183933847 0.04055812954902649 0
1570183935831 0.03862530365586281 0
1570183937561 0.04310788959264755 0
1570183939273 0.03908107429742813 0
1570183941182 0.036610379815101624 0
1570183943438 0.036304064095020294 0
1570183945353 0.03655809164047241 0
1570183947434 0.043317556381225586 0
1570183949110 0.041206590831279755 0
1570183950879 0.04843708500266075 0
1570183952913 0.039704449474811554 0
1570183954999 0.03556593507528305 0
1570183956571 0.03498713672161102 0
1570183958278 0.04503490775823593 0
1570183960202 0.04202170670032501 0
1570183962211 0.03353361040353775 0
1570183964497 0.043859224766492844 0
1570183966377 0.043586261570453644 0
1570183968176 0.03802520036697388 0
1570183970003 0.04555020481348038 0
1570183971802 0.0378982350230217 0
1570183974118 0.036649882793426514 0
1570183976056 0.03998595476150513 0
1570183978170 0.04039999097585678 0
1570183980161 0.044953033328056335 0
1570183982421 0.050447218120098114 0
1570183984001 0.04100368544459343 0
1570183985757 0.05539240315556526 0
1570183987661 0.034821636974811554 0
1570183989705 0.04546605050563812 0
1570183991865 0.04113001003861427 0
1570183993505 0.036254268139600754 0
1570183995132 0.037332840263843536 0
1570183997160 0.040210358798503876 0
1570183998981 0.04149564355611801 0
1570184001121 0.036282338201999664 0
1570184002707 0.040860503911972046 0
1570184004225 0.03939872980117798 0
1570184006227 0.038315534591674805 0
1570184008088 0.0388629324734211 0
1570184010497 0.03843224421143532 0
1570184012316 0.03748572990298271 0
1570184014035 0.039543867111206055 0
1570184016141 0.05356670916080475 0
1570184018040 0.036874912679195404 0
1570184019831 0.04270193725824356 0
1570184021597 0.04031962901353836 0
1570184023396 0.04417678713798523 0
1570184025029 0.042795781046152115 0
1570184027455 0.029876716434955597 0
1570184029444 0.05930018797516823 0
1570184031599 0.03629714623093605 0
1570184033716 0.03995619714260101 0
1570184035670 0.04998786747455597 0
1570184037366 0.043308816850185394 0
1570184039029 0.04415863752365112 0
1570184041047 0.04012422263622284 0
1570184043145 0.03686082363128662 0
1570184044939 0.03224854916334152 0
1570184047065 0.03586684912443161 0
1570184048739 0.03754745423793793 0
1570184050554 0.04704452306032181 0
1570184052383 0.03294321149587631 0
1570184054230 0.04132523760199547 0
1570184056527 0.039540521800518036 0
1570184058370 0.03501337766647339 0
1570184060594 0.04275757074356079 0
1570184062696 0.03722115978598595 0
1570184064589 0.035689935088157654 0
1570184066314 0.048655495047569275 0
1570184067888 0.05336586385965347 0
1570184069564 0.04153046756982803 0
1570184071417 0.03758800029754639 0
1570184073213 0.039741791784763336 0
1570184074684 0.0393863208591938 0
1570184076350 0.04035414010286331 0
1570184078000 0.044802188873291016 0
1570184079632 0.04111567139625549 0
1570184081283 0.03773960471153259 0
1570184082984 0.03501937910914421 0
1570184084760 0.03481430187821388 0
1570184086407 0.03411535546183586 0
1570184088077 0.03130893036723137 0
1570184089741 0.04465937614440918 0
1570184091386 0.041061509400606155 0
1570184093168 0.03156012296676636 0
1570184095201 0.03837738186120987 0
1570184097121 0.04526355862617493 0
1570184098633 0.03539976105093956 0
1570184100235 0.03437982499599457 0
1570184101900 0.037877507507801056 0
1570184103586 0.04167085140943527 0
1570184105250 0.04225405678153038 0
1570184106947 0.04084444418549538 0
1570184108722 0.04201079159975052 0
1570184110367 0.03801076114177704 0
1570184112184 0.03939973935484886 0
1570184114106 0.03714413568377495 0
1570184116321 0.03669652342796326 0
1570184118146 0.041465841233730316 0
1570184120398 0.04420716315507889 0
1570184122285 0.051825180649757385 0
1570184123884 0.034505121409893036 0
1570184125490 0.042311497032642365 0
1570184127391 0.04211554676294327 0
1570184129421 0.03305632621049881 0
1570184131570 0.03439714014530182 0
1570184133494 0.038317225873470306 0
1570184135468 0.03395884484052658 0
1570184137422 0.04375632107257843 0
1570184139115 0.033923786133527756 0
1570184140874 0.039782680571079254 0
1570184142749 0.03325938433408737 0
1570184144293 0.039906471967697144 0
1570184145988 0.03583185374736786 0
1570184147739 0.030676035210490227 0
1570184149703 0.04061410576105118 0
1570184151831 0.0375959612429142 0
1570184153719 0.04073366895318031 0
1570184155646 0.032556481659412384 0
1570184157813 0.04016614332795143 0
1570184159579 0.03469405695796013 0
1570184161642 0.041874274611473083 0
1570184163822 0.057096511125564575 0
1570184165648 0.03553067520260811 0
1570184167702 0.04296965152025223 0
1570184169633 0.03673446550965309 0
1570184171582 0.0372815802693367 0
1570184173638 0.04579278826713562 0
1570184175677 0.03344978019595146 0
1570184177943 0.03239334747195244 0
1570184179832 0.04949283227324486 0
1570184182033 0.03642395883798599 0
1570184184087 0.034650981426239014 0
1570184185814 0.03305388614535332 0
1570184187726 0.041019611060619354 0
1570184189582 0.03555751591920853 0
1570184191572 0.03991154581308365 0
1570184193591 0.03366226702928543 0
1570184195428 0.04470530524849892 0
1570184197377 0.03932628780603409 0
1570184199490 0.04248490929603577 0
1570184201498 0.04159170761704445 0
1570184203906 0.04356131702661514 0
1570184205979 0.03736270219087601 0
1570184208049 0.03153546154499054 0
1570184210036 0.04460005462169647 0
1570184211652 0.04482749104499817 0
1570184213593 0.04249478876590729 0
1570184215756 0.04272773116827011 0
1570184217407 0.035402972251176834 0
1570184219173 0.03375377506017685 0
1570184221029 0.039664287120103836 0
1570184222957 0.04066598415374756 0
1570184224940 0.03618864715099335 0
1570184227141 0.03704817593097687 0
1570184229103 0.04247930645942688 0
1570184231269 0.03741876408457756 0
1570184233229 0.03588404506444931 0
1570184234974 0.03486344963312149 0
1570184236865 0.04575463384389877 0
1570184238724 0.03823879361152649 0
1570184240750 0.0349762961268425 0
1570184242705 0.033784911036491394 0
1570184244433 0.03941947966814041 0
1570184246279 0.03576136752963066 0
1570184248258 0.03989711403846741 0
1570184250495 0.0344560369849205 0
1570184252573 0.037777937948703766 0
1570184254274 0.03565073758363724 0
1570184256180 0.041198235005140305 0
1570184258208 0.0403374582529068 0
1570184260058 0.04354208707809448 0
1570184262209 0.04167398810386658 0
1570184264232 0.040152184665203094 0
1570184266226 0.03582429885864258 0
1570184268223 0.036635786294937134 0
1570184270111 0.03344934433698654 0
1570184272119 0.04695500433444977 0
1570184274124 0.03479303792119026 0
1570184275880 0.05661019682884216 0
1570184278128 0.03559723496437073 0
1570184280221 0.0388694666326046 0
1570184281788 0.03347985818982124 0
1570184283420 0.03678349405527115 0
1570184285258 0.038554295897483826 0
1570184287072 0.041883137077093124 0
1570184289038 0.03595075011253357 0
1570184290880 0.0448065847158432 0
1570184292582 0.04205415025353432 0
1570184294544 0.0346042662858963 0
1570184296381 0.03330906480550766 0
1570184298364 0.04355083778500557 0
1570184300459 0.04220154881477356 0
1570184302481 0.04915226623415947 0
1570184304273 0.032740212976932526 0
1570184306356 0.04281749576330185 0
1570184308445 0.04066631942987442 0
1570184310786 0.040233299136161804 0
1570184312722 0.028788702562451363 0
1570184314691 0.036489930003881454 0
1570184316714 0.042722929269075394 0
1570184318482 0.029627008363604546 0
1570184320593 0.03530282527208328 0
1570184322697 0.03828458487987518 0
1570184324559 0.03238978981971741 0
1570184326813 0.0352231040596962 0
1570184328842 0.0310339517891407 0
1570184330769 0.05043432116508484 0
1570184332983 0.03781414404511452 0
1570184334904 0.04132363200187683 0
1570184336968 0.04367474466562271 0
1570184339106 0.03773375600576401 0
1570184341026 0.037315670400857925 0
1570184343189 0.04296727478504181 0
1570184345192 0.04046054184436798 0
1570184346864 0.034326210618019104 0
1570184348791 0.03872241824865341 0
1570184350761 0.03826962411403656 0
1570184352678 0.03850473836064339 0
1570184354803 0.03420110046863556 0
1570184356579 0.0384720042347908 0
1570184358722 0.037806570529937744 0
1570184360683 0.03400694206357002 0
1570184362584 0.04586848244071007 0
1570184364572 0.03910943865776062 0
1570184366736 0.037894107401371 0
1570184368486 0.031974755227565765 0
1570184370450 0.028198661282658577 0
1570184372559 0.04232878237962723 0
1570184374218 0.03652118891477585 0
1570184375914 0.03374538943171501 0
1570184377942 0.03716742992401123 0
1570184379753 0.03236481547355652 0
1570184381507 0.03132439777255058 0
1570184383380 0.03994639217853546 0
1570184385274 0.03699740022420883 0
1570184387290 0.03870599344372749 0
1570184389155 0.031705331057310104 0
1570184391077 0.04137956723570824 0
1570184393145 0.043540339916944504 0
1570184394982 0.03460218012332916 0
1570184397202 0.034070346504449844 0
1570184399313 0.03605778515338898 0
1570184401013 0.034084804356098175 0
1570184402747 0.02999107539653778 0
1570184404732 0.03808997571468353 0
1570184406377 0.03638676553964615 0
1570184408173 0.03215903416275978 0
1570184410226 0.03158436343073845 0
1570184411923 0.039021141827106476 0
1570184414043 0.029417002573609352 0
1570184416094 0.03896830603480339 0
1570184418040 0.029078707098960876 0
1570184419852 0.03178393840789795 0
1570184421714 0.04380905628204346 0
1570184423537 0.04058244824409485 0
1570184425516 0.03590509667992592 0
1570184427538 0.04066527634859085 0
1570184429545 0.03268643096089363 0
1570184431510 0.038939908146858215 0
1570184433404 0.041047655045986176 0
1570184435319 0.040850862860679626 0
1570184437446 0.03044302389025688 0
1570184439181 0.037938542664051056 0
1570184440908 0.031028537079691887 0
1570184442666 0.03557001054286957 0
1570184444414 0.03044445812702179 0
1570184446254 0.03174465894699097 0
1570184448220 0.03398173674941063 0
1570184449962 0.03367317467927933 0
1570184452043 0.03187562897801399 0
1570184454160 0.033044375479221344 0
1570184456081 0.03448420390486717 0
1570184458017 0.0476519837975502 0
1570184459789 0.032931938767433167 0
1570184461726 0.03623025864362717 0
1570184463351 0.034845925867557526 0
1570184465211 0.030791644006967545 0
1570184467252 0.030296016484498978 0
1570184469145 0.03142278268933296 0
1570184470882 0.04015814885497093 0
1570184472557 0.03292527794837952 0
1570184474480 0.03189980983734131 0
1570184476382 0.03201749920845032 0
1570184478255 0.04318096116185188 0
1570184480173 0.031006507575511932 0
1570184482133 0.036003969609737396 0
1570184484299 0.03349728882312775 0
1570184486043 0.03262018412351608 0
1570184488196 0.039891332387924194 0
1570184490057 0.031519193202257156 0
1570184492048 0.031479403376579285 0
1570184494191 0.03248530626296997 0
1570184495979 0.04189899563789368 0
1570184498116 0.03927478939294815 0
1570184500138 0.035182274878025055 0
1570184501972 0.03041663207113743 0
1570184503884 0.030527394264936447 0
1570184505707 0.03510482236742973 0
1570184507356 0.03257213905453682 0
1570184509290 0.030360650271177292 0
1570184511222 0.03540138900279999 0
1570184512971 0.033355001360177994 0
1570184515170 0.0344240702688694 0
1570184517184 0.03352147340774536 0
1570184519352 0.02838604897260666 0
1570184521493 0.036343351006507874 0
1570184523157 0.029847249388694763 0
1570184524973 0.03821878135204315 0
1570184526934 0.03726597875356674 0
1570184528648 0.040715888142585754 0
1570184530724 0.028666293248534203 0
1570184532768 0.028711430728435516 0
1570184534422 0.037578076124191284 0
1570184536499 0.0268174447119236 0
1570184538471 0.0333748534321785 0
1570184540410 0.02822345867753029 0
1570184542403 0.03344268724322319 0
1570184544185 0.04376724362373352 0
1570184546307 0.03761450573801994 0
1570184548360 0.03660300746560097 0
1570184549971 0.03464304655790329 0
1570184552188 0.03157532960176468 0
1570184554484 0.033081814646720886 0
1570184556279 0.029870130121707916 0
1570184558138 0.03429911285638809 0
1570184560071 0.039682548493146896 0
1570184562211 0.03107520192861557 0
1570184564381 0.029113374650478363 0
1570184566316 0.03746529668569565 0
1570184568308 0.03969487547874451 0
1570184570523 0.026982199400663376 0
1570184572656 0.03958383575081825 0
1570184574790 0.03636948764324188 0
1570184576784 0.038856253027915955 0
1570184578721 0.03162255883216858 0
1570184580867 0.030355006456375122 0
1570184583097 0.0352829284965992 0
1570184585411 0.030897848308086395 0
1570184587419 0.02778170257806778 0
1570184589335 0.038574136793613434 0
1570184591550 0.035107195377349854 0
1570184593508 0.0313272625207901 0
1570184595287 0.02982018142938614 0
1570184597408 0.03444290906190872 0
1570184599271 0.02955331653356552 0
1570184601318 0.029305385425686836 0
1570184603525 0.029880989342927933 0
1570184605344 0.032372407615184784 0
1570184607306 0.03135911747813225 0
1570184609446 0.038099244236946106 0
1570184611279 0.03440749645233154 0
1570184613514 0.030753377825021744 0
1570184615656 0.027735037729144096 0
1570184617676 0.03911464288830757 0
1570184619962 0.0333842858672142 0
1570184622244 0.03028557077050209 0
1570184624290 0.03112310916185379 0
1570184626480 0.03589329868555069 0
1570184628481 0.031032744795084 0
1570184630720 0.031718261539936066 0
1570184633064 0.03718675673007965 0
1570184634834 0.027109339833259583 0
1570184636940 0.032476820051670074 0
1570184639141 0.040279507637023926 0
1570184641454 0.03175857290625572 0
1570184643510 0.031927477568387985 0
1570184645241 0.038782306015491486 0
1570184647221 0.03151866793632507 0
1570184649278 0.030073359608650208 0
1570184651584 0.029268406331539154 0
1570184653668 0.035546932369470596 0
1570184655567 0.03726980835199356 0
1570184657659 0.03591088950634003 0
1570184659748 0.035881541669368744 0
1570184661689 0.03563738986849785 0
1570184663718 0.0324149951338768 0
1570184665840 0.036156412214040756 0
1570184668153 0.03818739950656891 0
1570184670299 0.032137058675289154 0
1570184672224 0.03380913287401199 0
1570184674212 0.0325762964785099 0
1570184675930 0.030384700745344162 0
1570184677739 0.030298134312033653 0
1570184679935 0.03628547489643097 0
1570184681763 0.03330589085817337 0
1570184683730 0.036618851125240326 0
1570184685830 0.044138602912425995 0
1570184687922 0.039078615605831146 0
1570184690209 0.030584853142499924 0
1570184691982 0.03158421814441681 0
1570184694016 0.0357750803232193 0
1570184696050 0.037301644682884216 0
1570184698096 0.03124716877937317 0
1570184700393 0.026574760675430298 0
1570184702577 0.033819302916526794 0
1570184704652 0.026456350460648537 0
1570184706881 0.03658360242843628 0
1570184708864 0.042269814759492874 0
1570184710495 0.04057382792234421 0
1570184712459 0.03793351352214813 0
1570184714375 0.03132608160376549 0
1570184716582 0.045827001333236694 0
1570184718591 0.02820112183690071 0
1570184720474 0.029849043115973473 0
1570184722802 0.03447959944605827 0
1570184724932 0.027189049869775772 0
1570184726781 0.0308084636926651 0
1570184729041 0.0358884371817112 0
1570184730878 0.038093201816082 0
1570184732806 0.042268674820661545 0
1570184734983 0.030610907822847366 0
1570184736907 0.02649371325969696 0
1570184739421 0.03354693949222565 0
1570184741681 0.0335414819419384 0
1570184743701 0.030394170433282852 0
1570184745781 0.029704224318265915 0
1570184747961 0.031860701739788055 0
1570184750157 0.03308579698204994 0
1570184752395 0.031809400767087936 0
1570184754429 0.03373897820711136 0
1570184756532 0.030733902007341385 0
1570184758609 0.03130725398659706 0
1570184760355 0.03869666904211044 0
1570184762249 0.028662430122494698 0
1570184764016 0.027902647852897644 0
1570184765797 0.024920912459492683 0
1570184767964 0.025726228952407837 0
1570184770134 0.027960091829299927 0
1570184771890 0.03303168714046478 0
1570184773975 0.02673851139843464 0
1570184776006 0.03698455169796944 0
1570184778157 0.035514093935489655 0
1570184780135 0.03268708288669586 0
1570184782288 0.03286503255367279 0
1570184784421 0.02748861163854599 0
1570184786855 0.03289608657360077 0
1570184788907 0.029475905001163483 0
1570184790779 0.035341814160346985 0
1570184792886 0.034136347472667694 0
1570184794915 0.03857173025608063 0
1570184797334 0.034778155386447906 0
1570184799292 0.03333988040685654 0
1570184801271 0.035420916974544525 0
1570184803431 0.02761158160865307 0
1570184805412 0.03063366748392582 0
1570184807767 0.03934518247842789 0
1570184809873 0.031467895954847336 0
1570184811706 0.03101073019206524 0
1570184813944 0.03578316420316696 0
1570184816251 0.034196674823760986 0
1570184818330 0.03204847127199173 0
1570184820730 0.0309976264834404 0
1570184822794 0.036121267825365067 0
1570184824953 0.029370054602622986 0
1570184827201 0.037221767008304596 0
1570184828978 0.031724005937576294 0
1570184830821 0.035645805299282074 0
1570184832803 0.034585725516080856 0
1570184834796 0.030364463105797768 0
1570184836869 0.02923765406012535 0
1570184838853 0.03197852522134781 0
1570184841130 0.042988963425159454 0
1570184843049 0.02950957417488098 0
1570184845261 0.02923768199980259 0
1570184847273 0.03499302268028259 0
1570184849158 0.03783683478832245 0
1570184850987 0.031082412227988243 0
1570184853062 0.035588253289461136 0
1570184854929 0.029320262372493744 0
1570184857156 0.024286050349473953 0
1570184859302 0.03696020692586899 0
1570184861704 0.03804350644350052 0
1570184864107 0.028802745044231415 0
1570184865970 0.03459887206554413 0
1570184867821 0.03638371825218201 0
1570184869912 0.03397700935602188 0
1570184871961 0.04698590189218521 0
1570184874366 0.03441682457923889 0
1570184876561 0.038560863584280014 0
1570184878779 0.029274150729179382 0
1570184881069 0.04020632803440094 0
1570184883026 0.031199943274259567 0
1570184885308 0.04215826839208603 0
1570184887356 0.029692888259887695 0
1570184889168 0.03504469618201256 0
1570184891144 0.03277008235454559 0
1570184893144 0.03449021279811859 0
1570184895585 0.02612679824233055 0
1570184897720 0.027341283857822418 0
1570184899883 0.02992776595056057 0
1570184902197 0.03390564024448395 0
1570184903805 0.027177434414625168 0
