1570182424970 0.3671160340309143 0
1570182426518 0.3553137183189392 0
1570182427853 0.2616327106952667 0
1570182429230 0.29550662636756897 0
1570182430628 0.24051451683044434 0
1570182432009 0.22937828302383423 0
1570182433206 0.355627179145813 0
1570182434508 0.2969680428504944 0
1570182435995 0.32821008563041687 0
1570182437500 0.27286389470100403 0
1570182438978 0.2699615955352783 0
1570182440295 0.26289689540863037 0
1570182441727 0.2629772126674652 0
1570182443093 0.19332227110862732 0
1570182444565 0.2265508770942688 0
1570182445914 0.20945389568805695 0
1570182447320 0.29855912923812866 0
1570182448622 0.269397109746933 0
1570182450013 0.22651782631874084 0
1570182451388 0.25746554136276245 0
1570182452787 0.23644083738327026 0
1570182454034 0.24872303009033203 0
1570182455655 0.24208027124404907 0
1570182457261 0.25030791759490967 0
1570182458704 0.22186197340488434 0
1570182460034 0.23511599004268646 0
1570182461413 0.24962003529071808 0
1570182462891 0.21992644667625427 0
1570182464252 0.23383817076683044 0
1570182465595 0.2559831738471985 0
1570182466867 0.24280180037021637 0
1570182468166 0.219745472073555 0
1570182469596 0.22147327661514282 0
1570182471252 0.23173952102661133 0
1570182472771 0.23962168395519257 0
1570182474250 0.25759994983673096 0
1570182475777 0.24340736865997314 0
1570182477033 0.19878867268562317 0
1570182478227 0.24922409653663635 0
1570182479516 0.2006082832813263 0
1570182480753 0.2382589876651764 0
1570182482107 0.24910998344421387 0
1570182483441 0.2450282871723175 0
1570182484964 0.23029661178588867 0
1570182486444 0.21848991513252258 0
1570182487768 0.20118805766105652 0
1570182488981 0.21413564682006836 0
1570182490398 0.2154403030872345 0
1570182491817 0.24642080068588257 0
1570182493233 0.2309063971042633 0
1570182494461 0.2267134040594101 0
1570182495858 0.18705204129219055 0
1570182497292 0.22634467482566833 0
1570182498622 0.20568735897541046 0
1570182499954 0.21726959943771362 0
1570182501294 0.24261371791362762 0
1570182502588 0.2128480225801468 0
1570182503958 0.20255187153816223 0
1570182505359 0.20215022563934326 0
1570182506810 0.19020840525627136 0
1570182508331 0.2246292233467102 0
1570182509866 0.21474537253379822 0
1570182511452 0.22044157981872559 0
1570182512868 0.20385637879371643 0
1570182514316 0.21656534075737 0
1570182515524 0.17445041239261627 0
1570182516817 0.2207874208688736 0
1570182518087 0.21023716032505035 0
1570182519349 0.21930727362632751 0
1570182520817 0.21273088455200195 0
1570182522211 0.1830817312002182 0
1570182523543 0.21593829989433289 0
1570182524894 0.22538316249847412 0
1570182526310 0.2321237474679947 0
1570182527630 0.23092979192733765 0
1570182528870 0.19242987036705017 0
1570182530140 0.20320677757263184 0
1570182531525 0.2008044570684433 0
1570182533037 0.1781896948814392 0
1570182534424 0.17624881863594055 0
1570182535739 0.19648215174674988 0
1570182537356 0.2025068700313568 0
1570182538845 0.20184095203876495 0
1570182540200 0.21765105426311493 0
1570182541770 0.19829288125038147 0
1570182543188 0.17789164185523987 0
1570182544617 0.18699829280376434 0
1570182546055 0.20081591606140137 0
1570182547528 0.1836300492286682 0
1570182548861 0.20038852095603943 0
1570182550432 0.17277026176452637 0
1570182552105 0.16930720210075378 0
1570182553550 0.19956710934638977 0
1570182554874 0.18374542891979218 0
1570182556424 0.17693454027175903 0
1570182557982 0.18139982223510742 0
1570182559392 0.19107045233249664 0
1570182560992 0.1754254698753357 0
1570182562398 0.21144181489944458 0
1570182564008 0.18569625914096832 0
1570182565509 0.17219528555870056 0
1570182567110 0.18832936882972717 0
1570182568535 0.15347476303577423 0
1570182569861 0.16577890515327454 0
1570182571613 0.15018430352210999 0
1570182573264 0.17547431588172913 0
1570182574669 0.20246389508247375 0
1570182576202 0.1783636212348938 0
1570182577754 0.19744674861431122 0
1570182579357 0.1609506756067276 0
1570182580675 0.18246790766716003 0
1570182582120 0.15313971042633057 0
1570182583602 0.1723286211490631 0
1570182585060 0.16703075170516968 0
1570182587893 0.16106492280960083 0
1570182589309 0.13903477787971497 0
1570182590660 0.16894514858722687 0
1570182592248 0.18052366375923157 0
1570182593792 0.18364503979682922 0
1570182595415 0.18220438063144684 0
1570182596786 0.15334470570087433 0
1570182598239 0.19297455251216888 0
1570182599802 0.18821275234222412 0
1570182601350 0.16634637117385864 0
1570182602900 0.18592242896556854 0
1570182604340 0.16514061391353607 0
1570182605684 0.16028884053230286 0
1570182607179 0.1431182473897934 0
1570182608799 0.1535504311323166 0
1570182610314 0.14510099589824677 0
1570182611879 0.14157359302043915 0
1570182613536 0.171613872051239 0
1570182614882 0.15509799122810364 0
1570182616350 0.16241055727005005 0
1570182617997 0.13960151374340057 0
1570182619603 0.1857604682445526 0
1570182621151 0.15279006958007812 0
1570182622605 0.1437879204750061 0
1570182623973 0.15296360850334167 0
1570182625319 0.17553041875362396 0
1570182626638 0.1619955152273178 0
1570182628186 0.1741011142730713 0
1570182629774 0.13050714135169983 0
1570182631377 0.14991453289985657 0
1570182632726 0.169302299618721 0
1570182634204 0.14546480774879456 0
1570182635777 0.1483425348997116 0
1570182637336 0.13560345768928528 0
1570182638885 0.16176319122314453 0
1570182640317 0.15031249821186066 0
1570182641815 0.1524645984172821 0
1570182643261 0.1624339520931244 0
1570182644832 0.1479528844356537 0
1570182646174 0.19561471045017242 0
1570182647615 0.1762421727180481 0
1570182649042 0.16327974200248718 0
1570182650543 0.16371870040893555 0
1570182652278 0.16823530197143555 0
1570182653673 0.13293197751045227 0
1570182654991 0.16246315836906433 0
1570182657483 0.1874147355556488 0
1570182659014 0.16157148778438568 0
1570182660319 0.14855130016803741 0
1570182661747 0.12994696199893951 0
1570182663148 0.15766379237174988 0
1570182664554 0.12964826822280884 0
1570182666217 0.12369444966316223 0
1570182667520 0.14640715718269348 0
1570182669048 0.15755058825016022 0
1570182670527 0.15739800035953522 0
1570182672211 0.15210361778736115 0
1570182673913 0.14818111062049866 0
1570182675514 0.13889744877815247 0
1570182676890 0.14840975403785706 0
1570182678321 0.13284744322299957 0
1570182679744 0.14374618232250214 0
1570182681273 0.14262336492538452 0
1570182682792 0.13468283414840698 0
1570182684525 0.1753498911857605 0
1570182686080 0.1335776448249817 0
1570182687431 0.13268673419952393 0
1570182688856 0.14655709266662598 0
1570182690253 0.13366703689098358 0
1570182691692 0.16283664107322693 0
1570182693318 0.13517403602600098 0
1570182694888 0.20028194785118103 0
1570182696185 0.143361896276474 0
1570182697652 0.12640881538391113 0
1570182699172 0.17489227652549744 0
1570182700825 0.12538473308086395 0
1570182702610 0.15589752793312073 0
1570182704194 0.1255698800086975 0
1570182705477 0.13276101648807526 0
1570182706998 0.1454271376132965 0
1570182708420 0.1387912482023239 0
1570182709969 0.13237538933753967 0
1570182711608 0.13771897554397583 0
1570182713228 0.14310956001281738 0
1570182714487 0.1554054617881775 0
1570182715839 0.16142535209655762 0
1570182717375 0.12217996269464493 0
1570182718912 0.1486157327890396 0
1570182720477 0.1441805362701416 0
1570182721910 0.12206867337226868 0
1570182723525 0.1299717128276825 0
1570182725025 0.13432243466377258 0
1570182726531 0.12739205360412598 0
1570182727786 0.13557811081409454 0
1570182729249 0.1479194164276123 0
1570182730694 0.15770721435546875 0
1570182732012 0.1397436112165451 0
1570182733281 0.12399039417505264 0
1570182734638 0.14442962408065796 0
1570182736928 0.13013231754302979 0
1570182738345 0.13438713550567627 0
1570182739595 0.15955719351768494 0
1570182740999 0.11728627234697342 0
1570182742351 0.16224509477615356 0
1570182743889 0.1551726758480072 0
1570182745364 0.11786071211099625 0
1570182746966 0.14055947959423065 0
1570182748563 0.13503848016262054 0
1570182750161 0.10815174132585526 0
1570182751858 0.1125459372997284 0
1570182753480 0.13780534267425537 0
1570182754989 0.1582719385623932 0
1570182756562 0.13789598643779755 0
1570182758191 0.14250265061855316 0
1570182759615 0.1633763462305069 0
1570182761048 0.16006842255592346 0
1570182762648 0.16084691882133484 0
1570182764215 0.12595489621162415 0
1570182765649 0.12099982053041458 0
1570182767308 0.13955876231193542 0
1570182768927 0.16136059165000916 0
1570182770441 0.1571720838546753 0
1570182771804 0.1259344518184662 0
1570182773062 0.11576604843139648 0
1570182774477 0.10592972487211227 0
1570182775810 0.12056715786457062 0
1570182777451 0.13059523701667786 0
1570182778848 0.15065176784992218 0
1570182780244 0.13569806516170502 0
1570182781514 0.13086926937103271 0
1570182783022 0.1628650724887848 0
1570182784489 0.1281771957874298 0
1570182785890 0.15173563361167908 0
1570182787383 0.13629445433616638 0
1570182788831 0.10859693586826324 0
1570182790269 0.11888974905014038 0
1570182791747 0.12509918212890625 0
1570182793245 0.12676599621772766 0
1570182794577 0.1185973584651947 0
1570182795962 0.09569023549556732 0
1570182797578 0.15935808420181274 0
1570182799177 0.12420831620693207 0
1570182800665 0.15943823754787445 0
1570182802370 0.11075684428215027 0
1570182804047 0.10490681231021881 0
1570182805715 0.1660287082195282 0
1570182807330 0.14005789160728455 0
1570182808740 0.13664376735687256 0
1570182810219 0.12046271562576294 0
1570182811720 0.1167374849319458 0
1570182813256 0.1331661194562912 0
1570182814641 0.13500088453292847 0
1570182816321 0.1274823248386383 0
1570182817807 0.13312456011772156 0
1570182819465 0.10844218730926514 0
1570182821070 0.11680066585540771 0
1570182822811 0.13165035843849182 0
1570182824382 0.1139538437128067 0
1570182825687 0.1473540961742401 0
1570182827155 0.13205362856388092 0
1570182828603 0.12274985015392303 0
1570182829924 0.12464767694473267 0
1570182831244 0.10344094038009644 0
1570182832656 0.13893619179725647 0
1570182834379 0.1305927038192749 0
1570182836023 0.13243365287780762 0
1570182837406 0.0989776998758316 0
1570182838735 0.1198914423584938 0
1570182840311 0.13479678332805634 0
1570182841871 0.13888999819755554 0
1570182843552 0.14571502804756165 0
1570182845182 0.14900365471839905 0
1570182847674 0.10731309652328491 0
1570182849242 0.13108551502227783 0
1570182851075 0.13889697194099426 0
1570182852433 0.12082135677337646 0
1570182853934 0.13228145241737366 0
1570182855268 0.1321049928665161 0
1570182856991 0.0973096489906311 0
1570182858446 0.08721224963665009 0
1570182859757 0.1604754626750946 0
1570182861138 0.1306665539741516 0
1570182862457 0.10328629612922668 0
1570182863847 0.13962256908416748 0
1570182865520 0.1359362006187439 0
1570182867138 0.11786408722400665 0
1570182868801 0.13152068853378296 0
1570182870425 0.12084340304136276 0
1570182872079 0.11973784863948822 0
1570182873644 0.12380369752645493 0
1570182875083 0.13273563981056213 0
1570182876551 0.11601735651493073 0
1570182877859 0.13465964794158936 0
1570182879279 0.14247256517410278 0
1570182880698 0.10201691836118698 0
1570182882150 0.10062228888273239 0
1570182883716 0.1475263386964798 0
1570182885129 0.11470815539360046 0
1570182886552 0.1272754818201065 0
1570182888172 0.13824746012687683 0
1570182889661 0.10960601270198822 0
1570182891486 0.1210784912109375 0
1570182892928 0.11643234640359879 0
1570182894232 0.14540357887744904 0
1570182895564 0.12323841452598572 0
1570182897000 0.10654056072235107 0
1570182898404 0.11681930720806122 0
1570182899790 0.12090744823217392 0
1570182902114 0.1327044665813446 0
1570182903626 0.1657600998878479 0
1570182905057 0.10651880502700806 0
1570182906668 0.14302004873752594 0
1570182908178 0.10091954469680786 0
1570182909564 0.1315833330154419 0
1570182910944 0.13461557030677795 0
1570182912529 0.12490999698638916 0
1570182914208 0.12717364728450775 0
1570182915505 0.11683487147092819 0
1570182916846 0.11730290949344635 0
1570182918291 0.116563580930233 0
1570182919792 0.13973326981067657 0
1570182921234 0.11708933115005493 0
1570182922676 0.15438927710056305 0
1570182924131 0.15936124324798584 0
1570182925647 0.13879692554473877 0
1570182927360 0.1300121247768402 0
1570182928720 0.13250133395195007 0
1570182930127 0.1119394451379776 0
1570182931785 0.10347890108823776 0
1570182933260 0.11277271807193756 0
1570182934608 0.11182936280965805 0
1570182936363 0.1286843717098236 0
1570182937855 0.10122775286436081 0
1570182939361 0.11766388267278671 0
1570182940804 0.11740520596504211 0
1570182942180 0.09997832030057907 0
1570182943710 0.1466071903705597 0
1570182945433 0.10735419392585754 0
1570182947075 0.13750067353248596 0
1570182948601 0.11056569218635559 0
1570182950210 0.10220479965209961 0
1570182951893 0.133073091506958 0
1570182953512 0.14561794698238373 0
1570182955028 0.11298170685768127 0
1570182956529 0.11901101469993591 0
1570182958032 0.12553691864013672 0
1570182959459 0.10676981508731842 0
1570182961037 0.11516733467578888 0
1570182962429 0.135965496301651 0
1570182963667 0.10353326052427292 0
1570182964901 0.09685587882995605 0
1570182966184 0.11807677149772644 0
1570182967656 0.10815548896789551 0
1570182969116 0.0967412069439888 0
1570182970763 0.15827049314975739 0
1570182972414 0.09974721074104309 0
1570182974128 0.15665169060230255 0
1570182975496 0.130863755941391 0
1570182976950 0.1142154335975647 0
1570182978406 0.13040092587471008 0
1570182979887 0.12947100400924683 0
1570182981650 0.09424357116222382 0
1570182983245 0.10558225214481354 0
1570182984951 0.14449313282966614 0
1570182986433 0.13041172921657562 0
1570182987770 0.12104178220033646 0
1570182989306 0.12103212624788284 0
1570182990920 0.10417395830154419 0
1570182992554 0.12111002951860428 0
1570182994180 0.11271591484546661 0
1570182995874 0.11073551326990128 0
1570182997573 0.1096479743719101 0
1570182999419 0.10993745923042297 0
1570183001191 0.1126871407032013 0
1570183002971 0.13652488589286804 0
1570183004533 0.13084378838539124 0
1570183006140 0.10152671486139297 0
1570183007624 0.13634249567985535 0
1570183009151 0.14410585165023804 0
1570183010558 0.08390940725803375 0
1570183011963 0.10657551884651184 0
1570183013576 0.1399361491203308 0
1570183015291 0.12770752608776093 0
1570183016672 0.11057371646165848 0
1570183018059 0.16324461996555328 0
1570183019398 0.13768622279167175 0
1570183020827 0.11921927332878113 0
1570183022575 0.11112764477729797 0
1570183024067 0.11925218999385834 0
1570183025750 0.14074942469596863 0
1570183027308 0.09508484601974487 0
1570183028575 0.11880707740783691 0
1570183029920 0.15200801193714142 0
1570183031425 0.1364874541759491 0
1570183032920 0.09176308661699295 0
1570183034536 0.14344422519207 0
1570183036032 0.10309544950723648 0
1570183037568 0.11416575312614441 0
1570183038897 0.10790583491325378 0
1570183040395 0.09469818323850632 0
1570183041744 0.12699785828590393 0
1570183043267 0.10408979654312134 0
1570183045039 0.1196947991847992 0
1570183046770 0.10548826307058334 0
1570183048527 0.10797633230686188 0
1570183050035 0.09949295222759247 0
1570183051661 0.13769465684890747 0
1570183053193 0.14445596933364868 0
1570183054791 0.10528235882520676 0
1570183056415 0.10974954813718796 0
1570183058260 0.10887997597455978 0
1570183059736 0.1228463277220726 0
1570183061216 0.13569895923137665 0
1570183062784 0.12553831934928894 0
1570183064457 0.1095748022198677 0
1570183065968 0.09875554591417313 0
1570183067809 0.14373689889907837 0
1570183069331 0.08685040473937988 0
1570183070975 0.11558596789836884 0
1570183072697 0.1331845074892044 0
1570183074476 0.10392996668815613 0
1570183076251 0.13535669445991516 0
1570183077749 0.1282457411289215 0
1570183079351 0.12168897688388824 0
1570183080989 0.12405236065387726 0
1570183082721 0.09510336816310883 0
1570183084307 0.1177399754524231 0
1570183085867 0.12989306449890137 0
1570183087309 0.12172292172908783 0
1570183088702 0.10766682773828506 0
1570183090279 0.1169036477804184 0
1570183092068 0.12713125348091125 0
1570183093826 0.13043200969696045 0
1570183095534 0.13489791750907898 0
1570183096878 0.11659033596515656 0
1570183098548 0.06787228584289551 0
1570183100203 0.10733146965503693 0
1570183101932 0.11316889524459839 0
1570183103642 0.12366379052400589 0
1570183105338 0.09060674905776978 0
1570183107094 0.10465534776449203 0
1570183108842 0.09238243848085403 0
1570183110493 0.13063886761665344 0
1570183112066 0.12941697239875793 0
1570183113829 0.13382114470005035 0
1570183115775 0.1073760911822319 0
1570183117335 0.11514399945735931 0
1570183118907 0.12444867193698883 0
1570183120565 0.09596116840839386 0
1570183122043 0.1514357328414917 0
1570183123533 0.10833370685577393 0
1570183124968 0.12999995052814484 0
1570183126517 0.15533320605754852 0
1570183128080 0.1058846265077591 0
1570183129701 0.12295199930667877 0
1570183131204 0.07625654339790344 0
1570183132678 0.11443258821964264 0
1570183134114 0.12411650270223618 0
1570183135584 0.11165930330753326 0
1570183137112 0.12125182151794434 0
1570183138768 0.13690924644470215 0
1570183140289 0.10920101404190063 0
1570183141797 0.11088964343070984 0
1570183143309 0.09429512917995453 0
1570183144943 0.12258410453796387 0
1570183146516 0.10053282976150513 0
1570183148033 0.14258766174316406 0
1570183149474 0.08767148107290268 0
1570183151029 0.13092073798179626 0
1570183152614 0.10458444803953171 0
1570183154000 0.12218138575553894 0
1570183155507 0.08694436401128769 0
1570183157093 0.10496213287115097 0
1570183158632 0.1376199871301651 0
1570183160036 0.11511753499507904 0
1570183161752 0.10667859762907028 0
1570183163317 0.1229107528924942 0
1570183164987 0.12174328416585922 0
1570183166582 0.10334907472133636 0
1570183168051 0.10167041420936584 0
1570183169553 0.10319392383098602 0
1570183171167 0.10144711285829544 0
1570183172902 0.1148265153169632 0
1570183174535 0.10163607448339462 0
1570183176152 0.11657631397247314 0
1570183177578 0.1497257947921753 0
1570183179123 0.14143159985542297 0
1570183180574 0.0924869030714035 0
1570183182116 0.09784163534641266 0
1570183183601 0.10068727284669876 0
1570183185204 0.0951545238494873 0
1570183186742 0.13460050523281097 0
1570183188285 0.1362624615430832 0
1570183190180 0.11875657737255096 0
1570183192078 0.10119426995515823 0
1570183193812 0.10408826172351837 0
1570183195316 0.15010234713554382 0
1570183196954 0.14939163625240326 0
1570183198648 0.1311882585287094 0
1570183200039 0.09864507615566254 0
1570183201550 0.12223342061042786 0
1570183203076 0.10656823217868805 0
1570183204520 0.10615970194339752 0
1570183205851 0.10219615697860718 0
1570183207199 0.12174858152866364 0
1570183208616 0.15717193484306335 0
1570183209989 0.1284354329109192 0
1570183211554 0.11893629282712936 0
1570183212949 0.13616539537906647 0
1570183214370 0.12217798829078674 0
1570183215758 0.12836673855781555 0
1570183217282 0.11079972982406616 0
1570183218884 0.10865439474582672 0
1570183220405 0.11539910733699799 0
1570183221918 0.09350305795669556 0
1570183223449 0.0910971611738205 0
1570183224945 0.1146303117275238 0
1570183226455 0.11050063371658325 0
1570183228431 0.14404362440109253 0
1570183230320 0.10220929235219955 0
1570183232022 0.10984499752521515 0
1570183233430 0.09288045763969421 0
1570183234953 0.12430809438228607 0
1570183236538 0.08440817892551422 0
1570183238004 0.10685871541500092 0
1570183239478 0.08174892514944077 0
1570183241104 0.118944451212883 0
1570183243006 0.11974570155143738 0
1570183244767 0.10440570116043091 0
1570183246256 0.09868672490119934 0
1570183247840 0.1523926556110382 0
1570183249898 0.07657916843891144 0
1570183251323 0.11447061598300934 0
1570183252919 0.10428741574287415 0
1570183254506 0.128120556473732 0
1570183256091 0.11340953409671783 0
1570183257679 0.08026138693094254 0
1570183259313 0.08960088342428207 0
1570183260970 0.08760248124599457 0
1570183262521 0.08745886385440826 0
1570183264169 0.0956290140748024 0
1570183265945 0.11953896284103394 0
1570183267529 0.0933932214975357 0
1570183269441 0.12624399363994598 0
1570183271214 0.10942673683166504 0
1570183272787 0.17548218369483948 0
1570183274406 0.11141471564769745 0
1570183276150 0.12558728456497192 0
1570183277830 0.13279448449611664 0
1570183279580 0.11801977455615997 0
1570183281308 0.12100186944007874 0
1570183282865 0.1459631472826004 0
1570183284560 0.10662969946861267 0
1570183286509 0.13083386421203613 0
1570183288044 0.07872773706912994 0
1570183289670 0.09040702879428864 0
1570183291216 0.1228758841753006 0
1570183292897 0.08574708551168442 0
1570183294690 0.09906601905822754 0
1570183296580 0.08567485213279724 0
1570183298488 0.0847666785120964 0
1570183299997 0.12621170282363892 0
1570183301545 0.0959891676902771 0
1570183303227 0.13065490126609802 0
1570183304984 0.08713784068822861 0
1570183306746 0.1111983209848404 0
1570183308191 0.09431996196508408 0
1570183309979 0.09993043541908264 0
1570183311564 0.0972762405872345 0
1570183313433 0.09988395869731903 0
1570183315258 0.09993273764848709 0
1570183316851 0.11084609478712082 0
1570183318713 0.1303035020828247 0
1570183320550 0.09476067125797272 0
1570183322527 0.1129140630364418 0
1570183323973 0.1278446465730667 0
1570183325621 0.09600482136011124 0
1570183327473 0.12213825434446335 0
1570183329117 0.14212578535079956 0
1570183330673 0.09307415783405304 0
1570183332445 0.09759096801280975 0
1570183334109 0.10228338837623596 0
1570183335795 0.09666325896978378 0
1570183337596 0.1550041288137436 0
1570183339419 0.10272562503814697 0
1570183341038 0.10242176055908203 0
1570183342684 0.1499665230512619 0
1570183344532 0.11230045557022095 0
1570183346227 0.1612240970134735 0
1570183347705 0.13260167837142944 0
1570183349398 0.10215868055820465 0
1570183351097 0.09105221927165985 0
1570183352803 0.11914809793233871 0
1570183354496 0.10164865851402283 0
1570183356342 0.08813442289829254 0
1570183357993 0.07218708097934723 0
1570183359818 0.11884350329637527 0
1570183361693 0.08737605810165405 0
1570183363414 0.10516790300607681 0
1570183365078 0.07866337150335312 0
1570183367066 0.11084035038948059 0
1570183368846 0.13102813065052032 0
1570183370463 0.13491255044937134 0
1570183372165 0.1067436933517456 0
1570183373989 0.10497917234897614 0
1570183375798 0.11633837223052979 0
1570183377674 0.11032658070325851 0
1570183379281 0.10158772766590118 0
1570183381018 0.12994733452796936 0
1570183382740 0.1073639914393425 0
1570183384701 0.11364776641130447 0
1570183386599 0.12554234266281128 0
1570183388108 0.08585523813962936 0
1570183389797 0.1252409815788269 0
1570183391398 0.104014553129673 0
1570183393056 0.1030842661857605 0
1570183395031 0.12147179245948792 0
1570183396974 0.12101054191589355 0
1570183398715 0.112721286714077 0
1570183400649 0.12436924129724503 0
1570183402601 0.08935873210430145 0
1570183404344 0.10761266946792603 0
1570183406220 0.08483211696147919 0
1570183407859 0.10165400803089142 0
1570183409788 0.09552265703678131 0
1570183411274 0.10763394832611084 0
1570183412960 0.12060569226741791 0
1570183414951 0.1154445931315422 0
1570183416735 0.10471226274967194 0
1570183418232 0.11494673043489456 0
1570183419841 0.10718349367380142 0
1570183421294 0.09089928865432739 0
1570183422953 0.08411726355552673 0
1570183424622 0.10911430418491364 0
1570183426472 0.09671296179294586 0
1570183428163 0.12361788004636765 0
1570183429943 0.09431268274784088 0
1570183431538 0.10938545316457748 0
1570183433175 0.10297513008117676 0
1570183434844 0.0946301817893982 0
1570183436500 0.09210588037967682 0
1570183438282 0.09500014781951904 0
1570183439952 0.08829766511917114 0
1570183441741 0.08495420217514038 0
1570183443522 0.11321069300174713 0
1570183445142 0.12694838643074036 0
1570183446869 0.11825549602508545 0
1570183448817 0.11341184377670288 0
1570183450236 0.10252369195222855 0
1570183451839 0.11639276891946793 0
1570183453701 0.1129070594906807 0
1570183455460 0.0917426347732544 0
1570183457051 0.11355908215045929 0
1570183458828 0.107057124376297 0
1570183460750 0.11335402727127075 0
1570183462447 0.12014847248792648 0
1570183464113 0.12907390296459198 0
1570183465915 0.09140687435865402 0
1570183467564 0.09063667058944702 0
1570183469222 0.0925825983285904 0
1570183471177 0.1050104945898056 0
1570183473093 0.1342170089483261 0
1570183474862 0.11388491094112396 0
1570183476722 0.10153975337743759 0
1570183478293 0.09647179394960403 0
1570183479759 0.0996718481183052 0
1570183481225 0.09545697271823883 0
1570183482961 0.09810568392276764 0
1570183484697 0.13437724113464355 0
1570183486327 0.10809747874736786 0
1570183488259 0.07872292399406433 0
1570183489861 0.13141077756881714 0
1570183491293 0.09828463196754456 0
1570183493014 0.11963172256946564 0
1570183494906 0.17039725184440613 0
1570183496760 0.11185716092586517 0
1570183498340 0.0896177738904953 0
1570183500051 0.11942584067583084 0
1570183501830 0.12971940636634827 0
1570183503364 0.09420904517173767 0
1570183505054 0.086270771920681 0
1570183506985 0.11317217350006104 0
1570183508541 0.13052107393741608 0
1570183510289 0.10250793397426605 0
1570183512142 0.08364573121070862 0
1570183513948 0.0905209630727768 0
1570183515906 0.09766736626625061 0
1570183517957 0.10135670006275177 0
1570183519530 0.0945289209485054 0
1570183521246 0.08970199525356293 0
1570183523219 0.10814610868692398 0
1570183525035 0.10931063443422318 0
1570183526753 0.11238755285739899 0
1570183528203 0.12782683968544006 0
1570183529843 0.11086522042751312 0
1570183531325 0.11625930666923523 0
1570183532964 0.09237349778413773 0
1570183534598 0.09770158678293228 0
1570183536368 0.1129477247595787 0
1570183538402 0.09509503841400146 0
1570183540297 0.09808722138404846 0
1570183541829 0.0953633189201355 0
1570183543330 0.1327955722808838 0
1570183544921 0.10527883470058441 0
1570183546687 0.06993860006332397 0
1570183548269 0.07552096247673035 0
1570183550117 0.10095764696598053 0
1570183551992 0.1161298006772995 0
1570183553659 0.08921059221029282 0
1570183555449 0.09616492688655853 0
1570183557318 0.0935654565691948 0
1570183559218 0.08491148054599762 0
1570183561109 0.11612093448638916 0
1570183563090 0.09564872831106186 0
1570183564775 0.12427127361297607 0
1570183566548 0.06840779632329941 0
1570183568423 0.09487878531217575 0
1570183569994 0.0930444672703743 0
1570183571525 0.09157008677721024 0
1570183573433 0.10200580209493637 0
1570183575210 0.09685592353343964 0
1570183577087 0.1097952201962471 0
1570183578778 0.13033276796340942 0
1570183580721 0.09755860269069672 0
1570183582349 0.08725811541080475 0
1570183584305 0.12321609258651733 0
1570183586221 0.08451943099498749 0
1570183587700 0.11563625186681747 0
1570183589370 0.086714006960392 0
1570183591150 0.10081309080123901 0
1570183592983 0.09474891424179077 0
1570183594543 0.07937343418598175 0
1570183596434 0.09596574306488037 0
1570183598192 0.11831452697515488 0
1570183599865 0.12584324181079865 0
1570183601456 0.0934208482503891 0
1570183603462 0.11731584370136261 0
1570183605118 0.10558211803436279 0
1570183606730 0.08074048161506653 0
1570183608495 0.08940789103507996 0
1570183610254 0.07689051330089569 0
1570183611950 0.10554550588130951 0
1570183613696 0.09868435561656952 0
1570183615652 0.08364185690879822 0
1570183617472 0.10034960508346558 0
1570183619521 0.0871480330824852 0
1570183621497 0.1321442723274231 0
1570183623201 0.101777583360672 0
1570183625061 0.09872330725193024 0
1570183626615 0.09684440493583679 0
1570183628392 0.09502051770687103 0
1570183630151 0.11667711287736893 0
1570183632058 0.10152555257081985 0
1570183633783 0.07826641201972961 0
1570183635458 0.09283018112182617 0
1570183637309 0.11402888596057892 0
1570183639345 0.09181539714336395 0
1570183640966 0.12610390782356262 0
1570183642830 0.09558548033237457 0
1570183644909 0.10175732523202896 0
1570183646618 0.1279202401638031 0
1570183648343 0.13411252200603485 0
1570183650059 0.11908431351184845 0
1570183651830 0.10294415056705475 0
1570183653537 0.11806611716747284 0
1570183655493 0.09757636487483978 0
1570183657057 0.12063142657279968 0
1570183658540 0.08658495545387268 0
1570183660227 0.09922758489847183 0
1570183662103 0.09049328416585922 0
1570183663833 0.1099901869893074 0
1570183665911 0.09783318638801575 0
1570183667843 0.08719170093536377 0
1570183669289 0.12881216406822205 0
1570183671412 0.09389097988605499 0
1570183673459 0.07390081882476807 0
1570183675046 0.09974290430545807 0
1570183676760 0.10518351942300797 0
1570183678769 0.09001122415065765 0
1570183680387 0.126296266913414 0
1570183682206 0.07408912479877472 0
1570183684266 0.10665679723024368 0
1570183685952 0.08907201886177063 0
1570183687838 0.13170833885669708 0
1570183689842 0.13666479289531708 0
1570183691507 0.11779027432203293 0
1570183693280 0.07976745069026947 0
1570183695307 0.11103454232215881 0
1570183697069 0.10792921483516693 0
1570183698968 0.08145390450954437 0
1570183701037 0.10404513031244278 0
1570183702846 0.06831197440624237 0
1570183704477 0.1099933385848999 0
1570183706450 0.09629043936729431 0
1570183708319 0.10667769610881805 0
1570183710071 0.0987052246928215 0
1570183711904 0.10327193140983582 0
1570183713684 0.1264813095331192 0
1570183715278 0.09048813581466675 0
1570183717232 0.08827705681324005 0
1570183719218 0.10274925827980042 0
1570183721007 0.11725488305091858 0
1570183722953 0.0992898941040039 0
1570183725100 0.0826345682144165 0
1570183726715 0.1031162291765213 0
1570183728473 0.10466644167900085 0
1570183730112 0.10058451443910599 0
1570183731895 0.11190913617610931 0
1570183733622 0.09945329278707504 0
1570183735399 0.09736503660678864 0
1570183737180 0.09367476403713226 0
1570183738933 0.10153830051422119 0
1570183740855 0.08621808886528015 0
1570183742556 0.10159637033939362 0
1570183744150 0.12285513430833817 0
1570183745863 0.12806028127670288 0
1570183747700 0.12223044037818909 0
1570183749394 0.11263163387775421 0
1570183751026 0.12903687357902527 0
1570183753055 0.1173434853553772 0
1570183754989 0.10877387225627899 0
1570183757133 0.08366595208644867 0
1570183759124 0.1028442531824112 0
1570183760700 0.09247663617134094 0
1570183762730 0.11010284721851349 0
1570183764364 0.08859219402074814 0
1570183766086 0.10806238651275635 0
1570183768034 0.08763685822486877 0
1570183769755 0.10108377039432526 0
1570183771494 0.08689545094966888 0
1570183773529 0.11055188626050949 0
1570183775445 0.09707271307706833 0
1570183777209 0.11370277404785156 0
1570183779099 0.09560683369636536 0
1570183780832 0.08669842779636383 0
1570183782477 0.07969546318054199 0
1570183784246 0.10186059772968292 0
1570183785935 0.104070283472538 0
1570183787512 0.08576402068138123 0
1570183789108 0.10698240995407104 0
1570183790843 0.0780428946018219 0
1570183792720 0.0959874615073204 0
1570183794801 0.09418785572052002 0
1570183796812 0.12550126016139984 0
1570183798496 0.10943298041820526 0
1570183800301 0.1057729721069336 0
1570183802439 0.06630387902259827 0
1570183804478 0.12052451074123383 0
1570183806329 0.08381888270378113 0
1570183808333 0.07880326360464096 0
1570183810079 0.11388684064149857 0
1570183811759 0.09189560264348984 0
1570183813578 0.11179178953170776 0
1570183815426 0.14747200906276703 0
1570183817125 0.10828488320112228 0
1570183819034 0.06988908350467682 0
1570183821043 0.0752662867307663 0
1570183822819 0.0977575033903122 0
1570183825018 0.11097189784049988 0
1570183826952 0.10928928852081299 0
1570183828780 0.10299944877624512 0
1570183830938 0.086154505610466 0
1570183832876 0.08682858943939209 0
1570183834646 0.09791578352451324 0
1570183836470 0.15257039666175842 0
1570183838401 0.08385840058326721 0
1570183839964 0.11630066484212875 0
1570183841698 0.08739219605922699 0
1570183843398 0.0975118950009346 0
1570183845254 0.0909244641661644 0
1570183846946 0.11523653566837311 0
1570183848784 0.0718507319688797 0
1570183850528 0.07854966074228287 0
1570183852215 0.07040471583604813 0
1570183854291 0.09159162640571594 0
1570183856251 0.08179770410060883 0
1570183857832 0.08443769812583923 0
1570183859710 0.08447760343551636 0
1570183861680 0.11047767102718353 0
1570183863516 0.11910247802734375 0
1570183865208 0.0841701328754425 0
1570183866718 0.10234013199806213 0
1570183868308 0.10334274172782898 0
1570183870028 0.11180887371301651 0
1570183871696 0.1285054087638855 0
1570183873334 0.11674228310585022 0
1570183874990 0.08062492311000824 0
1570183876620 0.07532286643981934 0
1570183878394 0.09277147054672241 0
1570183880005 0.10280139744281769 0
1570183881719 0.11515865474939346 0
1570183883721 0.09376657754182816 0
1570183885925 0.09017826616764069 0
1570183887949 0.09396279603242874 0
1570183889798 0.08887095004320145 0
1570183891453 0.10518330335617065 0
1570183893002 0.09767831861972809 0
1570183894608 0.1031297817826271 0
1570183896184 0.0981699749827385 0
1570183897693 0.1009003296494484 0
1570183899360 0.10983960330486298 0
1570183901020 0.1339389830827713 0
1570183902665 0.06117217242717743 0
1570183904371 0.11467483639717102 0
1570183906092 0.09207005053758621 0
1570183908226 0.0827689990401268 0
1570183910172 0.08487767726182938 0
1570183912104 0.10284220427274704 0
1570183914081 0.09788206964731216 0
1570183915728 0.11591404676437378 0
1570183917448 0.09865597635507584 0
1570183919462 0.10177949070930481 0
1570183921111 0.087614044547081 0
1570183922911 0.09590467810630798 0
1570183924801 0.11811793595552444 0
1570183926360 0.11689432710409164 0
1570183927940 0.09743713587522507 0
1570183930111 0.10127843916416168 0
1570183931786 0.09622375667095184 0
1570183933675 0.09957326948642731 0
1570183935693 0.08600854873657227 0
1570183937460 0.10391538590192795 0
1570183939174 0.0939478799700737 0
1570183941003 0.07946573197841644 0
1570183943315 0.0744570642709732 0
1570183945254 0.07712087035179138 0
1570183947337 0.09765511006116867 0
1570183948987 0.10975012183189392 0
1570183950737 0.09811197221279144 0
1570183952769 0.12351647019386292 0
1570183954900 0.10782583057880402 0
1570183956401 0.08963698148727417 0
1570183958138 0.0780089944601059 0
1570183960085 0.10389956086874008 0
1570183962031 0.07618960738182068 0
1570183964397 0.11330051720142365 0
1570183966209 0.11523681879043579 0
1570183968079 0.09234622120857239 0
1570183969835 0.11695556342601776 0
1570183971705 0.10651954263448715 0
1570183973945 0.10671298950910568 0
1570183975954 0.10902701318264008 0
1570183978013 0.12211576849222183 0
1570183979967 0.07022684812545776 0
1570183982325 0.1286531388759613 0
1570183983899 0.10536691546440125 0
1570183985598 0.1024433895945549 0
1570183987467 0.09482672810554504 0
1570183989543 0.058853358030319214 0
1570183991763 0.09258589148521423 0
1570183993403 0.09620146453380585 0
1570183994980 0.10829351842403412 0
1570183996974 0.09089276194572449 0
1570183998853 0.08402252942323685 0
1570184001026 0.11585649847984314 0
1570184002592 0.08529524505138397 0
1570184004099 0.10439436137676239 0
1570184006069 0.11663767695426941 0
1570184007945 0.10274824500083923 0
1570184010399 0.10425741970539093 0
1570184012149 0.09799201786518097 0
1570184013893 0.08791820704936981 0
1570184015998 0.09229043126106262 0
1570184017914 0.10115347802639008 0
1570184019703 0.08937115222215652 0
1570184021452 0.0934242233633995 0
1570184023284 0.08261255919933319 0
1570184024910 0.0941651239991188 0
1570184027317 0.1004684716463089 0
1570184029310 0.058895863592624664 0
1570184031498 0.11295781284570694 0
1570184033540 0.08862069249153137 0
1570184035574 0.12585890293121338 0
1570184037228 0.08526016771793365 0
1570184038919 0.1137629896402359 0
1570184040872 0.08108445256948471 0
1570184042960 0.09745470434427261 0
1570184044795 0.07836905121803284 0
1570184046937 0.09945791959762573 0
1570184048615 0.09561266005039215 0
1570184050378 0.11522041261196136 0
1570184052197 0.09744631499052048 0
1570184054126 0.1174960732460022 0
1570184056409 0.09571517258882523 0
1570184058238 0.11888671666383743 0
1570184060407 0.09918655455112457 0
1570184062507 0.08920255303382874 0
1570184064488 0.06459428369998932 0
1570184066212 0.07862326502799988 0
1570184067787 0.12158238887786865 0
1570184069368 0.08033284544944763 0
1570184071231 0.08016058802604675 0
1570184073123 0.10502637922763824 0
1570184074581 0.10784485936164856 0
1570184076254 0.13670292496681213 0
1570184077901 0.09636756777763367 0
1570184079533 0.08887702971696854 0
1570184081183 0.0880584865808487 0
1570184082846 0.08765433728694916 0
1570184084633 0.08390019834041595 0
1570184086308 0.09306564927101135 0
1570184087979 0.11315013468265533 0
1570184089644 0.09768221527338028 0
1570184091285 0.09510064870119095 0
1570184092979 0.10791455954313278 0
1570184095090 0.12064625322818756 0
1570184097022 0.09605693817138672 0
1570184098537 0.07736276090145111 0
1570184100133 0.07997143268585205 0
1570184101800 0.08728837966918945 0
1570184103474 0.08702273666858673 0
1570184105151 0.10615125298500061 0
1570184106812 0.10763398557901382 0
1570184108591 0.1187567412853241 0
1570184110263 0.09474819898605347 0
1570184111993 0.10647082328796387 0
1570184113916 0.10749750584363937 0
1570184116230 0.0801023468375206 0
1570184117952 0.12811893224716187 0
1570184120170 0.09220955520868301 0
1570184122190 0.0785767063498497 0
1570184123779 0.09037259221076965 0
1570184125382 0.10788625478744507 0
1570184127250 0.08477175235748291 0
1570184129206 0.10688923299312592 0
1570184131379 0.11192676424980164 0
1570184133335 0.08509743213653564 0
1570184135276 0.08177653700113297 0
1570184137315 0.07879093289375305 0
1570184139009 0.0816207304596901 0
1570184140724 0.12863832712173462 0
1570184142629 0.09600076824426651 0
1570184144185 0.09518743306398392 0
1570184145862 0.11099259555339813 0
1570184147588 0.08478060364723206 0
1570184149512 0.09213292598724365 0
1570184151688 0.09576733410358429 0
1570184153617 0.09881290048360825 0
1570184155453 0.08941355347633362 0
1570184157673 0.08883208781480789 0
1570184159474 0.13078391551971436 0
1570184161446 0.09350191801786423 0
1570184163666 0.10239933431148529 0
1570184165482 0.09865395724773407 0
1570184167507 0.1150384247303009 0
1570184169526 0.09297213703393936 0
1570184171389 0.07838974893093109 0
1570184173444 0.1173899918794632 0
1570184175576 0.07031223177909851 0
1570184177697 0.09326981753110886 0
1570184179667 0.08600133657455444 0
1570184181837 0.08163583278656006 0
1570184183892 0.11021275818347931 0
1570184185663 0.11391369998455048 0
1570184187619 0.10486345738172531 0
1570184189408 0.10428105294704437 0
1570184191376 0.07545270025730133 0
1570184193435 0.08997742086648941 0
1570184195275 0.08012857288122177 0
1570184197216 0.1110331192612648 0
1570184199294 0.07250054180622101 0
1570184201326 0.08199562877416611 0
1570184203703 0.08977943658828735 0
1570184205745 0.09908317774534225 0
1570184207897 0.07024922221899033 0
1570184209867 0.10835778713226318 0
1570184211543 0.08482848107814789 0
1570184213431 0.084632009267807 0
1570184215545 0.11558468639850616 0
1570184217294 0.09571218490600586 0
1570184219043 0.0740136057138443 0
1570184220899 0.04485689476132393 0
1570184222763 0.06463498622179031 0
1570184224789 0.10221501439809799 0
1570184226958 0.09421750158071518 0
1570184228901 0.0777791440486908 0
1570184231110 0.08990198373794556 0
1570184233120 0.09399145096540451 0
1570184234839 0.07792714238166809 0
1570184236694 0.07455120980739594 0
1570184238570 0.09911374002695084 0
1570184240609 0.10887560993432999 0
1570184242600 0.0855361595749855 0
1570184244297 0.09559482336044312 0
1570184246073 0.08825086057186127 0
1570184248126 0.08170689642429352 0
1570184250297 0.11194933205842972 0
1570184252354 0.1157412976026535 0
1570184254114 0.0772400051355362 0
1570184255980 0.07728327065706253 0
1570184258104 0.08915263414382935 0
1570184259857 0.07709896564483643 0
1570184262033 0.07203207165002823 0
1570184264123 0.1279582679271698 0
1570184266054 0.10621372610330582 0
1570184268022 0.07947152853012085 0
1570184269917 0.11085034161806107 0
1570184271962 0.10129088163375854 0
1570184273990 0.0978897213935852 0
1570184275725 0.11094271391630173 0
1570184277927 0.10685312747955322 0
1570184280116 0.08071036636829376 0
1570184281679 0.09413635730743408 0
1570184283267 0.10523416101932526 0
1570184285148 0.07784943282604218 0
1570184286868 0.10665766894817352 0
1570184288898 0.10067858546972275 0
1570184290742 0.09305235743522644 0
1570184292426 0.08531977981328964 0
1570184294385 0.09227214753627777 0
1570184296248 0.08638165146112442 0
1570184298244 0.10964076220989227 0
1570184300321 0.09128758311271667 0
1570184302297 0.08350636065006256 0
1570184304097 0.10909077525138855 0
1570184306170 0.10754629224538803 0
1570184308242 0.11792883276939392 0
1570184310552 0.12079443782567978 0
1570184312612 0.07984229922294617 0
1570184314480 0.07099369168281555 0
1570184316557 0.06461121141910553 0
1570184318320 0.10816280543804169 0
1570184320478 0.11410476267337799 0
1570184322485 0.09487447887659073 0
1570184324364 0.09475450217723846 0
1570184326609 0.10023514926433563 0
1570184328710 0.06568434834480286 0
1570184330537 0.1065528616309166 0
1570184332779 0.0734611228108406 0
1570184334792 0.09151145815849304 0
1570184336763 0.10061301290988922 0
1570184338903 0.10219088196754456 0
1570184340884 0.07759810984134674 0
1570184343061 0.07266444712877274 0
1570184345019 0.11336567252874374 0
1570184346728 0.09364203363656998 0
1570184348597 0.09844792634248734 0
1570184350654 0.10545669496059418 0
1570184352469 0.07671557366847992 0
1570184354690 0.09128826856613159 0
1570184356466 0.08537732064723969 0
1570184358518 0.10305296629667282 0
1570184360533 0.09180128574371338 0
1570184362478 0.1077691912651062 0
1570184364361 0.08583929389715195 0
1570184366554 0.10073405504226685 0
1570184368348 0.11030389368534088 0
1570184370278 0.09747464209794998 0
1570184372360 0.1277105063199997 0
1570184374100 0.0876397043466568 0
1570184375801 0.08358635008335114 0
1570184377814 0.10176895558834076 0
1570184379619 0.10243947803974152 0
1570184381395 0.08518370985984802 0
1570184383242 0.1152828261256218 0
1570184385069 0.08621543645858765 0
1570184387081 0.09429776668548584 0
1570184389043 0.08618801087141037 0
1570184390835 0.08975625783205032 0
1570184392983 0.10166072100400925 0
1570184394862 0.07429587095975876 0
1570184397086 0.09817633032798767 0
1570184399099 0.08020985126495361 0
1570184400875 0.10179369896650314 0
1570184402625 0.07648851722478867 0
1570184404565 0.0883919894695282 0
1570184406265 0.0981217473745346 0
1570184408057 0.06360723078250885 0
1570184410109 0.09159117937088013 0
1570184411798 0.10698731988668442 0
1570184413863 0.08129532635211945 0
1570184415981 0.1101335734128952 0
1570184417914 0.10755179822444916 0
1570184419657 0.09335663169622421 0
1570184421604 0.09837685525417328 0
1570184423422 0.06828899681568146 0
1570184425357 0.08508849889039993 0
1570184427408 0.08643227070569992 0
1570184429326 0.1008506566286087 0
1570184431321 0.09005384147167206 0
1570184433294 0.09236171841621399 0
1570184435163 0.1000712662935257 0
1570184437278 0.06682460010051727 0
1570184439063 0.10349065810441971 0
1570184440792 0.11136895418167114 0
1570184442485 0.10472209751605988 0
1570184444300 0.08499204367399216 0
1570184446035 0.09479600936174393 0
1570184448007 0.06503111124038696 0
1570184449772 0.09831047803163528 0
1570184451849 0.07693139463663101 0
1570184454045 0.10633280873298645 0
1570184455915 0.09426850080490112 0
1570184457901 0.1274818480014801 0
1570184459623 0.12069863080978394 0
1570184461611 0.0937006026506424 0
1570184463233 0.11228357255458832 0
1570184465073 0.0873861163854599 0
1570184467064 0.10939550399780273 0
1570184469031 0.0865657776594162 0
1570184470767 0.09873708337545395 0
1570184472441 0.08349009603261948 0
1570184474347 0.07869750261306763 0
1570184476233 0.10605837404727936 0
1570184478113 0.09751222282648087 0
1570184480018 0.08987300843000412 0
1570184481902 0.09631554782390594 0
1570184484166 0.0733535885810852 0
1570184485868 0.11070606112480164 0
1570184488028 0.10021057724952698 0
1570184489927 0.07352495193481445 0
1570184491928 0.08577322214841843 0
1570184494081 0.07480726391077042 0
1570184495790 0.1329892873764038 0
1570184497955 0.11276106536388397 0
1570184500027 0.08470271527767181 0
1570184501788 0.10288545489311218 0
1570184503767 0.09654071927070618 0
1570184505589 0.10934700816869736 0
1570184507237 0.08581721782684326 0
1570184509080 0.07340918481349945 0
1570184511079 0.09724690020084381 0
1570184512853 0.06855227053165436 0
1570184514986 0.11319559067487717 0
1570184517045 0.06858868896961212 0
1570184519150 0.06432399153709412 0
1570184521328 0.09184136986732483 0
1570184523037 0.15111446380615234 0
1570184524855 0.08779652416706085 0
1570184526752 0.08285970240831375 0
1570184528527 0.10283668339252472 0
1570184530541 0.11409465223550797 0
1570184532653 0.10246001183986664 0
1570184534244 0.07231546938419342 0
1570184536346 0.08662812411785126 0
1570184538335 0.08164402842521667 0
1570184540248 0.08034895360469818 0
1570184542290 0.09584734588861465 0
1570184544028 0.08865880966186523 0
1570184546137 0.09356416016817093 0
1570184548218 0.11167311668395996 0
1570184549848 0.10606810450553894 0
1570184551983 0.10409508645534515 0
1570184554377 0.10263855010271072 0
1570184556111 0.09997980296611786 0
1570184557992 0.11559714376926422 0
1570184559954 0.09436623752117157 0
1570184561963 0.08134327083826065 0
1570184564211 0.07984235137701035 0
1570184566151 0.10763496905565262 0
1570184568156 0.11402395367622375 0
1570184570303 0.10999909788370132 0
1570184572439 0.10521548986434937 0
1570184574564 0.09750735759735107 0
1570184576612 0.09334761649370193 0
1570184578548 0.08789417892694473 0
1570184580653 0.09307538717985153 0
1570184582905 0.10765974223613739 0
1570184585247 0.09840142726898193 0
1570184587298 0.08501192927360535 0
1570184589119 0.12703169882297516 0
1570184591429 0.07920391857624054 0
1570184593363 0.11895023286342621 0
1570184595102 0.0885753333568573 0
1570184597181 0.0922466516494751 0
1570184599149 0.10006843507289886 0
1570184601097 0.07367821782827377 0
1570184603327 0.076322540640831 0
1570184605214 0.08834302425384521 0
1570184607133 0.10218176245689392 0
1570184609326 0.08175197243690491 0
1570184611107 0.09335488080978394 0
1570184613342 0.11654211580753326 0
1570184615534 0.06785988807678223 0
1570184617554 0.09354864060878754 0
1570184619777 0.11529107391834259 0
1570184622045 0.08560532331466675 0
1570184624072 0.07464371621608734 0
1570184626257 0.09560617059469223 0
1570184628361 0.0908631980419159 0
1570184630467 0.11212165653705597 0
1570184632907 0.09432634711265564 0
1570184634691 0.07426053285598755 0
1570184636768 0.08934784680604935 0
1570184638917 0.148132786154747 0
1570184641231 0.09318265318870544 0
1570184643395 0.1016591340303421 0
1570184645054 0.11013013124465942 0
1570184647009 0.11107062548398972 0
1570184649050 0.07950680702924728 0
1570184651361 0.08138631284236908 0
1570184653544 0.10801701247692108 0
1570184655387 0.07493065297603607 0
1570184657484 0.1110566183924675 0
1570184659535 0.08545799553394318 0
1570184661564 0.0849253237247467 0
1570184663543 0.0834149569272995 0
1570184665586 0.08249974250793457 0
1570184667928 0.0868237242102623 0
1570184670140 0.11377283930778503 0
1570184672048 0.07326757162809372 0
1570184674017 0.10070320963859558 0
1570184675783 0.0900082141160965 0
1570184677585 0.08695104718208313 0
1570184679760 0.08894266933202744 0
1570184681641 0.08279404789209366 0
1570184683558 0.08982446789741516 0
1570184685678 0.15487411618232727 0
1570184687695 0.06447210907936096 0
1570184690044 0.08159483969211578 0
1570184691858 0.10864117741584778 0
1570184693762 0.07860367745161057 0
1570184695925 0.09875663369894028 0
1570184697870 0.07623934745788574 0
1570184700236 0.1074901595711708 0
1570184702348 0.12813419103622437 0
1570184704425 0.06155046820640564 0
1570184706725 0.09771434962749481 0
1570184708716 0.09592907130718231 0
1570184710370 0.12212105095386505 0
1570184712236 0.1052892655134201 0
1570184714196 0.08493302017450333 0
1570184716460 0.0996892899274826 0
1570184718401 0.08254833519458771 0
1570184720272 0.11484107375144958 0
1570184722625 0.10562475770711899 0
1570184724810 0.08956685662269592 0
1570184726543 0.08515764027833939 0
1570184728821 0.09346731007099152 0
1570184730750 0.07351754605770111 0
1570184732620 0.0688561201095581 0
1570184734803 0.091059111058712 0
1570184736529 0.09294801205396652 0
1570184739188 0.07195337116718292 0
1570184741542 0.09635329991579056 0
1570184743573 0.08923950791358948 0
1570184745653 0.08867703378200531 0
1570184747841 0.07111771404743195 0
1570184749961 0.07382561266422272 0
1570184752215 0.054969605058431625 0
1570184754239 0.12348152697086334 0
1570184756348 0.10286588966846466 0
1570184758487 0.09014859795570374 0
1570184760215 0.06256847083568573 0
1570184762126 0.11103427410125732 0
1570184763892 0.10865935683250427 0
1570184765675 0.09597762674093246 0
1570184767807 0.08182162046432495 0
1570184769908 0.09480307996273041 0
1570184771766 0.10028967261314392 0
1570184773798 0.09328894317150116 0
1570184775789 0.11212758719921112 0
1570184777923 0.09333481639623642 0
1570184779989 0.08447553217411041 0
1570184782154 0.08388438820838928 0
1570184784158 0.10040760040283203 0
1570184786683 0.07351228594779968 0
1570184788778 0.08579012751579285 0
1570184790653 0.0922071635723114 0
1570184792710 0.06710390001535416 0
1570184794681 0.12702269852161407 0
1570184797102 0.12739422917366028 0
1570184799144 0.11754246056079865 0
1570184801067 0.07888299226760864 0
1570184803233 0.09740161895751953 0
1570184805286 0.0849808007478714 0
1570184807427 0.10950008779764175 0
1570184809642 0.06543710827827454 0
1570184811516 0.08225275576114655 0
1570184813817 0.06694037467241287 0
1570184816132 0.10933668911457062 0
1570184818147 0.10071388632059097 0
1570184820494 0.12626157701015472 0
1570184822558 0.0690312460064888 0
1570184824768 0.10166101902723312 0
1570184827084 0.10334326326847076 0
1570184828819 0.07843899726867676 0
1570184830661 0.09554807841777802 0
1570184832654 0.09399336576461792 0
1570184834640 0.10766400396823883 0
1570184836699 0.08260513842105865 0
1570184838618 0.09664861857891083 0
1570184840936 0.10815481841564178 0
1570184842914 0.09464164078235626 0
1570184845070 0.07343791425228119 0
1570184847072 0.08210062980651855 0
1570184849028 0.07459647208452225 0
1570184850856 0.08236820250749588 0
1570184852936 0.09854835271835327 0
1570184854800 0.10329973697662354 0
1570184856918 0.10295353084802628 0
1570184859180 0.11138094216585159 0
1570184861465 0.07129551470279694 0
1570184863889 0.12064990401268005 0
1570184865810 0.08918769657611847 0
1570184867585 0.07548359036445618 0
1570184869700 0.07633472234010696 0
1570184871743 0.0992950052022934 0
1570184874147 0.11842352151870728 0
1570184876356 0.09128927439451218 0
1570184878599 0.07340103387832642 0
1570184880882 0.12968292832374573 0
1570184882841 0.06535546481609344 0
1570184885123 0.11009740829467773 0
1570184887229 0.08040700107812881 0
1570184889011 0.09235125780105591 0
1570184891011 0.08830893784761429 0
1570184892897 0.07638242840766907 0
1570184895346 0.07162129878997803 0
1570184897486 0.08245466649532318 0
1570184899642 0.11134837567806244 0
1570184902043 0.08533943444490433 0
1570184903657 0.08235463500022888 0
