1570352979954 0.39549753069877625 0
1570352985767 0.4735581576824188 0
1570352989486 0.3413074314594269 0
1570352990737 0.37167248129844666 0
1570352996862 0.36784595251083374 0
1570352999209 0.32340148091316223 0
1570353001780 0.42953699827194214 0
1570353003968 0.38162147998809814 0
1570353007863 0.3746151924133301 0
1570353009168 0.3598260283470154 0
1570353010504 0.3709529936313629 0
1570353012068 0.3334563374519348 0
1570353014400 0.42293688654899597 0
1570353016695 0.31114667654037476 0
1570353018706 0.38560134172439575 0
1570353020702 0.3424151539802551 0
1570353022643 0.39437705278396606 0
1570353024692 0.3589797019958496 0
1570353026864 0.3481464684009552 0
1570353029882 0.33294370770454407 0
1570353033775 0.34348759055137634 0
1570353035134 0.3774155378341675 0
1570353037269 0.3545599579811096 0
1570353039842 0.3778059780597687 0
1570353041097 0.3550545573234558 0
1570353042370 0.31862929463386536 0
1570353044018 0.36067700386047363 0
1570353046003 0.3122037649154663 0
1570353047977 0.3342556953430176 0
1570353049646 0.354489803314209 0
1570353051318 0.3751530647277832 0
1570353053777 0.30290335416793823 0
1570353055375 0.3216512203216553 0
1570353057224 0.3500954806804657 0
1570353058842 0.3240199685096741 0
1570353061201 0.36867788434028625 0
1570353062582 0.3153453469276428 0
1570353064545 0.3437824249267578 0
1570353067234 0.30705124139785767 0
1570353068966 0.3246654272079468 0
1570353070540 0.3801117241382599 0
1570353072743 0.36319732666015625 0
1570353074382 0.3024837374687195 0
1570353075806 0.3465260863304138 0
1570353077324 0.2968476414680481 0
1570353079115 0.32511985301971436 0
1570353080713 0.31642603874206543 0
1570353082265 0.3152458667755127 0
1570353083871 0.33120855689048767 0
1570353085696 0.33439356088638306 0
1570353086944 0.32470250129699707 0
1570353088723 0.27905282378196716 0
1570353090980 0.3361319601535797 0
1570353092258 0.291643351316452 0
1570353093584 0.3165650963783264 0
1570353094834 0.32799166440963745 0
1570353096029 0.32015636563301086 0
1570353097868 0.31831008195877075 0
1570353099585 0.29144757986068726 0
1570353100980 0.2876831889152527 0
1570353102511 0.3046013116836548 0
1570353104864 0.30326783657073975 0
1570353106924 0.29262059926986694 0
1570353108577 0.30018115043640137 0
1570353110111 0.2974608838558197 0
1570353111342 0.2761099338531494 0
1570353112572 0.31653454899787903 0
1570353114251 0.3018954396247864 0
1570353115493 0.30102455615997314 0
1570353116818 0.2877708375453949 0
1570353118752 0.2625947594642639 0
1570353119973 0.31251680850982666 0
1570353121249 0.33750736713409424 0
1570353122665 0.3025887906551361 0
1570353124370 0.3234284520149231 0
1570353125648 0.288044273853302 0
1570353126905 0.3200169801712036 0
1570353128274 0.30479148030281067 0
1570353129835 0.2699791193008423 0
1570353131392 0.26906418800354004 0
1570353132727 0.30754202604293823 0
1570353134037 0.28306829929351807 0
1570353135411 0.29037582874298096 0
1570353137418 0.27259302139282227 0
1570353138661 0.28525492548942566 0
1570353139908 0.26948678493499756 0
1570353141229 0.2797030210494995 0
1570353142492 0.2720750570297241 0
1570353144405 0.2754896879196167 0
1570353145910 0.29319077730178833 0
1570353147371 0.25597819685935974 0
1570353149159 0.2653525173664093 0
1570353150519 0.28907114267349243 0
1570353151754 0.2578045129776001 0
1570353153285 0.2711535692214966 0
1570353154548 0.2632130980491638 0
1570353155814 0.25631025433540344 0
1570353157105 0.26700395345687866 0
1570353158424 0.30301886796951294 0
1570353160031 0.24390128254890442 0
1570353161401 0.2570716440677643 0
1570353162661 0.28912225365638733 0
1570353163874 0.249100923538208 0
1570353165101 0.24204960465431213 0
1570353166371 0.2381434142589569 0
1570353167749 0.26545634865760803 0
1570353169054 0.31110894680023193 0
1570353170385 0.25202688574790955 0
1570353171648 0.2718490958213806 0
1570353172987 0.2576320171356201 0
1570353174249 0.2868129014968872 0
1570353175476 0.22784456610679626 0
1570353176774 0.26438450813293457 0
1570353178033 0.25913041830062866 0
1570353179375 0.250262051820755 0
1570353180719 0.2294432669878006 0
1570353182022 0.23462608456611633 0
1570353183348 0.26788467168807983 0
1570353184639 0.27288609743118286 0
1570353185895 0.2605634331703186 0
1570353187126 0.24962952733039856 0
1570353188321 0.2650890350341797 0
1570353189565 0.27969297766685486 0
1570353190739 0.23577603697776794 0
1570353192057 0.23925961554050446 0
1570353193319 0.2556697130203247 0
1570353194612 0.2368437796831131 0
1570353195919 0.23043526709079742 0
1570353197205 0.23052054643630981 0
1570353198526 0.22810474038124084 0
1570353199843 0.23187880218029022 0
1570353201208 0.2704933285713196 0
1570353202451 0.24726301431655884 0
1570353203760 0.22545364499092102 0
1570353205131 0.20815107226371765 0
1570353206425 0.23968107998371124 0
1570353207650 0.21679195761680603 0
1570353208897 0.23728005588054657 0
1570353210203 0.25370633602142334 0
1570353211528 0.23006680607795715 0
1570353212798 0.20843437314033508 0
1570353214200 0.27774739265441895 0
1570353215515 0.22022292017936707 0
1570353216804 0.21529510617256165 0
1570353218122 0.24861347675323486 0
1570353219475 0.22088000178337097 0
1570353220836 0.24291203916072845 0
1570353222152 0.18595460057258606 0
1570353223492 0.1978181004524231 0
1570353224798 0.20401595532894135 0
1570353226098 0.22694075107574463 0
1570353227342 0.22213177382946014 0
1570353228609 0.19998885691165924 0
1570353229856 0.2626684308052063 0
1570353231127 0.2663726210594177 0
1570353232429 0.21908371150493622 0
1570353233771 0.20964020490646362 0
1570353235099 0.2741623520851135 0
1570353236566 0.1871495097875595 0
1570353237985 0.21933619678020477 0
1570353239348 0.2397489696741104 0
1570353240712 0.23036643862724304 0
1570353241965 0.2062041461467743 0
1570353243195 0.17685459554195404 0
1570353244469 0.2372283637523651 0
1570353245762 0.20601890981197357 0
1570353247062 0.1765434741973877 0
1570353248380 0.2019483745098114 0
1570353249655 0.20656323432922363 0
1570353250964 0.20669430494308472 0
1570353252375 0.2436722069978714 0
1570353253710 0.18889141082763672 0
1570353254944 0.1982910931110382 0
1570353256195 0.2304922491312027 0
1570353257502 0.18904182314872742 0
1570353258837 0.20456528663635254 0
1570353260202 0.2086934894323349 0
1570353261491 0.19512104988098145 0
1570353262890 0.2333315908908844 0
1570353264175 0.18576185405254364 0
1570353265545 0.18595293164253235 0
1570353266961 0.2204039990901947 0
1570353268383 0.21742619574069977 0
1570353269709 0.2403990626335144 0
1570353270946 0.1873590350151062 0
1570353272381 0.2333519607782364 0
1570353273770 0.20417390763759613 0
1570353275091 0.1937112808227539 0
1570353276363 0.20391197502613068 0
1570353277725 0.17933745682239532 0
1570353279093 0.2055489420890808 0
1570353280445 0.20779933035373688 0
1570353281887 0.1802116483449936 0
1570353283250 0.21348240971565247 0
1570353284536 0.19606292247772217 0
1570353285855 0.2187003493309021 0
1570353287198 0.18156728148460388 0
1570353288569 0.21167497336864471 0
1570353289917 0.22039081156253815 0
1570353291210 0.2209615260362625 0
1570353292490 0.17396733164787292 0
1570353293865 0.19476750493049622 0
1570353295123 0.20078405737876892 0
1570353296358 0.16924218833446503 0
1570353297635 0.19152703881263733 0
1570353298930 0.20155638456344604 0
1570353300227 0.16566230356693268 0
1570353301677 0.17634722590446472 0
1570353303041 0.22092074155807495 0
1570353304415 0.2458641231060028 0
1570353305690 0.19028736650943756 0
1570353306985 0.17244969308376312 0
1570353308263 0.1831471025943756 0
1570353309690 0.1819678544998169 0
1570353311048 0.18179325759410858 0
1570353312348 0.2036403864622116 0
1570353313622 0.1525808870792389 0
1570353315010 0.22459831833839417 0
1570353316420 0.211455836892128 0
1570353317797 0.16155946254730225 0
1570353319292 0.19335129857063293 0
1570353320708 0.1599685549736023 0
1570353322131 0.15593969821929932 0
1570353323488 0.15118595957756042 0
1570353324867 0.21424224972724915 0
1570353326298 0.19103099405765533 0
1570353327654 0.2289775162935257 0
1570353328994 0.1972699612379074 0
1570353330273 0.20481514930725098 0
1570353331560 0.19961389899253845 0
1570353332991 0.21882209181785583 0
1570353334354 0.16312187910079956 0
1570353335637 0.1765357255935669 0
1570353336909 0.204387828707695 0
1570353338207 0.22098374366760254 0
1570353339592 0.1908474564552307 0
1570353340979 0.16090106964111328 0
1570353342251 0.14968794584274292 0
1570353343539 0.15728583931922913 0
1570353344869 0.15500198304653168 0
1570353346245 0.16276615858078003 0
1570353347690 0.20846417546272278 0
1570353349150 0.1872042715549469 0
1570353350557 0.15974077582359314 0
1570353351833 0.184652179479599 0
1570353353172 0.15345898270606995 0
1570353354476 0.2116870880126953 0
1570353355861 0.18154767155647278 0
1570353357282 0.1452305018901825 0
1570353358603 0.13455739617347717 0
1570353359955 0.15165555477142334 0
1570353361375 0.15833376348018646 0
1570353362791 0.16609162092208862 0
1570353364211 0.14266809821128845 0
1570353365660 0.18004462122917175 0
1570353367039 0.17658045887947083 0
1570353368412 0.2000916749238968 0
1570353369849 0.1547165811061859 0
1570353371191 0.14944812655448914 0
1570353372522 0.18424981832504272 0
1570353373989 0.18955369293689728 0
1570353375367 0.18629390001296997 0
1570353376755 0.15579450130462646 0
1570353378055 0.13602116703987122 0
1570353379354 0.17506666481494904 0
1570353380656 0.20375019311904907 0
1570353382006 0.17231148481369019 0
1570353383512 0.17496357858181 0
1570353384919 0.1459333300590515 0
1570353386299 0.1357729136943817 0
1570353387633 0.1738121658563614 0
1570353389015 0.12822987139225006 0
1570353390322 0.20624718070030212 0
1570353391673 0.17169475555419922 0
1570353393066 0.17346560955047607 0
1570353394463 0.1614370197057724 0
1570353395839 0.13649088144302368 0
1570353397125 0.18317097425460815 0
1570353398533 0.17384514212608337 0
1570353399823 0.19114919006824493 0
1570353401113 0.14566366374492645 0
1570353402504 0.17676039040088654 0
1570353403766 0.16880327463150024 0
1570353405187 0.178514763712883 0
1570353406567 0.18579772114753723 0
1570353407918 0.20195762813091278 0
1570353409237 0.15139105916023254 0
1570353410566 0.17779403924942017 0
1570353411878 0.17105641961097717 0
1570353413210 0.13981103897094727 0
1570353414593 0.18253570795059204 0
1570353415926 0.17675165832042694 0
1570353417323 0.13569699227809906 0
1570353418626 0.12012626230716705 0
1570353420032 0.22723662853240967 0
1570353421353 0.16189146041870117 0
1570353422670 0.13576622307300568 0
1570353424048 0.16343393921852112 0
1570353425439 0.1889832615852356 0
1570353426819 0.14271734654903412 0
1570353428085 0.18649131059646606 0
1570353429384 0.16029605269432068 0
1570353430764 0.183927983045578 0
1570353432131 0.16536563634872437 0
1570353433413 0.17667852342128754 0
1570353434680 0.14715519547462463 0
1570353435870 0.19761745631694794 0
1570353437165 0.19428277015686035 0
1570353438485 0.13930410146713257 0
1570353439757 0.12475595623254776 0
1570353441107 0.18263405561447144 0
1570353442417 0.15657947957515717 0
1570353443749 0.17931786179542542 0
1570353445088 0.17733405530452728 0
1570353446562 0.14377173781394958 0
1570353447983 0.13690195977687836 0
1570353449435 0.15117663145065308 0
1570353450792 0.17141053080558777 0
1570353452090 0.15297502279281616 0
1570353453369 0.1625097393989563 0
1570353454641 0.13099396228790283 0
1570353455901 0.1551453024148941 0
1570353457177 0.1986679583787918 0
1570353458537 0.1774774193763733 0
1570353460064 0.14851264655590057 0
1570353461389 0.1632544845342636 0
1570353462683 0.12649568915367126 0
1570353464054 0.15796759724617004 0
1570353465493 0.16341501474380493 0
1570353466936 0.17545568943023682 0
1570353468381 0.16400116682052612 0
1570353469846 0.13789395987987518 0
1570353471332 0.14447537064552307 0
1570353472768 0.16728931665420532 0
1570353474231 0.17793050408363342 0
1570353475680 0.13296452164649963 0
1570353477158 0.1680716574192047 0
1570353478616 0.19537365436553955 0
1570353480054 0.1718120276927948 0
1570353481502 0.1622316539287567 0
1570353483018 0.18346291780471802 0
1570353484469 0.1331251710653305 0
1570353485867 0.10487941652536392 0
1570353487334 0.12419164180755615 0
1570353488852 0.1391761153936386 0
1570353490403 0.15973448753356934 0
1570353491956 0.1436888724565506 0
1570353493439 0.14199592173099518 0
1570353494905 0.17977097630500793 0
1570353496273 0.12658269703388214 0
1570353497689 0.17201590538024902 0
1570353499019 0.14570914208889008 0
1570353500378 0.15782001614570618 0
1570353501684 0.14889392256736755 0
1570353503226 0.14578866958618164 0
1570353504742 0.18968817591667175 0
1570353506149 0.17887507379055023 0
1570353507460 0.1416531205177307 0
1570353508798 0.1748788058757782 0
1570353510105 0.12405736744403839 0
1570353511432 0.1358320116996765 0
1570353512819 0.1344987154006958 0
1570353514193 0.14210283756256104 0
1570353515546 0.126755952835083 0
1570353516869 0.13430866599082947 0
1570353518212 0.17070284485816956 0
1570353519663 0.14937907457351685 0
1570353521052 0.11144150793552399 0
1570353522422 0.19768419861793518 0
1570353523817 0.1245482861995697 0
1570353525236 0.18270638585090637 0
1570353526653 0.14773204922676086 0
1570353528023 0.10166949033737183 0
1570353529327 0.13747455179691315 0
1570353530895 0.15418633818626404 0
1570353532358 0.11498968303203583 0
1570353533841 0.14840373396873474 0
1570353535273 0.1963711977005005 0
1570353536715 0.16719785332679749 0
1570353538192 0.13572867214679718 0
1570353539643 0.12775862216949463 0
1570353541126 0.10495537519454956 0
1570353542589 0.12990422546863556 0
1570353543942 0.17763350903987885 0
1570353545284 0.1431313157081604 0
1570353546692 0.13871200382709503 0
1570353548108 0.14575278759002686 0
1570353549378 0.10779967904090881 0
1570353550782 0.17427587509155273 0
1570353565797 0.15356853604316711 0
1570353567296 0.10001314431428909 0
1570353579824 0.15404199063777924 0
1570353581338 0.15232448279857635 0
1570353582748 0.09094837307929993 0
1570353584151 0.10574911534786224 0
1570353585534 0.1452029049396515 0
1570353617360 0.15626072883605957 0
1570353618811 0.1418948769569397 0
1570353620271 0.19251200556755066 0
1570353621678 0.15683385729789734 0
1570353623145 0.13245302438735962 0
1570353624571 0.14924201369285583 0
1570353626024 0.15023599565029144 0
1570353627471 0.1837877333164215 0
1570353628868 0.1344863772392273 0
1570353630343 0.1415698528289795 0
1570353650470 0.15256120264530182 0
1570353651888 0.1667969524860382 0
1570353653298 0.09335695952177048 0
1570353654730 0.17821690440177917 0
1570353656130 0.11095964908599854 0
1570353657562 0.13623835146427155 0
1570353658837 0.13902822136878967 0
1570353660115 0.11286170780658722 0
1570353661353 0.1736796498298645 0
1570353662713 0.10287449508905411 0
1570353664015 0.13270165026187897 0
1570353665353 0.10695953667163849 0
1570353666832 0.13155058026313782 0
1570353668229 0.11612747609615326 0
1570353669667 0.18010541796684265 0
1570353671064 0.1738557517528534 0
1570353672522 0.13066715002059937 0
1570353673824 0.13930054008960724 0
1570353675131 0.15900099277496338 0
1570353676493 0.1534588634967804 0
1570353677840 0.1738775074481964 0
1570353679156 0.16289252042770386 0
1570353680589 0.13999158143997192 0
1570353682031 0.11910329014062881 0
1570353683414 0.16620168089866638 0
1570353684883 0.09506119787693024 0
1570353686137 0.1347184181213379 0
1570353687426 0.14807268977165222 0
1570353688775 0.11964128166437149 0
1570353690153 0.1871309131383896 0
1570353691563 0.13972091674804688 0
1570353693002 0.11862044781446457 0
1570353694444 0.11877673119306564 0
1570353695919 0.1190483570098877 0
1570353697361 0.15666888654232025 0
1570353698787 0.1308651864528656 0
1570353700250 0.17249400913715363 0
1570353701703 0.08421815931797028 0
1570353703137 0.1306818723678589 0
1570353704582 0.15734770894050598 0
1570353706034 0.15434890985488892 0
1570353707563 0.13677868247032166 0
1570353709046 0.1449434608221054 0
1570353710486 0.0852355882525444 0
1570353711927 0.11067639291286469 0
1570353713331 0.15309491753578186 0
1570353714766 0.1317083090543747 0
1570353716215 0.0700528472661972 0
1570353717602 0.13380546867847443 0
1570353718983 0.11585763841867447 0
1570353720369 0.13571886718273163 0
1570353721770 0.132563516497612 0
1570353723155 0.1675611287355423 0
1570353724512 0.1550694853067398 0
1570353725922 0.17089825868606567 0
1570353727279 0.15451757609844208 0
1570353728598 0.10544759780168533 0
1570353730080 0.19374245405197144 0
1570353731634 0.1221788227558136 0
1570353733084 0.1293816864490509 0
1570353734447 0.18191684782505035 0
1570353735823 0.13262256979942322 0
1570353737268 0.14288152754306793 0
1570353738755 0.08093039691448212 0
1570353740207 0.11498168855905533 0
1570353741675 0.13792121410369873 0
1570353743126 0.11581381410360336 0
1570353744569 0.1662806123495102 0
1570353746005 0.1788492202758789 0
1570353747468 0.09967365860939026 0
1570353748926 0.12299483269453049 0
1570353750424 0.1255188137292862 0
1570353751951 0.1204281896352768 0
1570353753480 0.1392495036125183 0
1570353754979 0.15853601694107056 0
1570353756520 0.10942034423351288 0
1570353758015 0.16182199120521545 0
1570353759432 0.13433393836021423 0
1570353760819 0.16687476634979248 0
1570353762254 0.09004239737987518 0
1570353763681 0.10852020978927612 0
1570353765183 0.1674278974533081 0
1570353766613 0.13005289435386658 0
1570353767954 0.14858509600162506 0
1570353769287 0.15087580680847168 0
1570353770634 0.14450520277023315 0
1570353772024 0.10721366852521896 0
1570353773432 0.1060013622045517 0
1570353774815 0.11028660833835602 0
1570353776254 0.12830457091331482 0
1570353777807 0.13509070873260498 0
1570353823222 0.143354594707489 0
1570353824764 0.12395917624235153 0
1570353826333 0.1835276186466217 0
1570353827872 0.14222371578216553 0
1570353829226 0.10089291632175446 0
1570353830628 0.11174291372299194 0
1570353831980 0.13820666074752808 0
1570353833419 0.1109011098742485 0
1570353834833 0.1451144814491272 0
1570353836225 0.1639348268508911 0
1570353837613 0.14584477245807648 0
1570353839137 0.08848309516906738 0
1570353840605 0.11468207091093063 0
1570353841976 0.16859407722949982 0
1570353843390 0.16733749210834503 0
1570353844727 0.14225099980831146 0
1570353846137 0.1055368036031723 0
1570353847527 0.1317627876996994 0
1570353848960 0.11673958599567413 0
1570353850455 0.10818058252334595 0
1570353852038 0.13277667760849 0
1570353853519 0.12153752148151398 0
1570353855058 0.19044405221939087 0
1570353856548 0.14004084467887878 0
1570353858093 0.12990956008434296 0
1570353859627 0.16233289241790771 0
1570353861057 0.12433172762393951 0
1570353862477 0.1315399408340454 0
1570353863935 0.09269915521144867 0
1570353865399 0.1459449678659439 0
1570353866882 0.1114262044429779 0
1570353868355 0.0924750417470932 0
1570353869877 0.09371118992567062 0
1570353871391 0.130995512008667 0
1570353872786 0.15008699893951416 0
1570353874355 0.17518554627895355 0
1570353875821 0.1357746720314026 0
1570353877207 0.164298415184021 0
1570353878589 0.11358663439750671 0
1570353880013 0.12656018137931824 0
1570353881516 0.07089413702487946 0
1570353882862 0.12338690459728241 0
1570353884208 0.10409881174564362 0
1570353885559 0.11958765238523483 0
1570353886924 0.13317081332206726 0
1570353888334 0.11062878370285034 0
1570353889798 0.08129537105560303 0
1570353891369 0.2108510434627533 0
1570353892938 0.07897445559501648 0
1570353894477 0.12092424929141998 0
1570353896009 0.11360485851764679 0
1570353897595 0.13822847604751587 0
1570353899099 0.11055651307106018 0
1570353900588 0.09373477101325989 0
1570353902060 0.09615124017000198 0
1570353903671 0.1221778467297554 0
1570353905167 0.11065009981393814 0
1570353906593 0.12285466492176056 0
1570353907939 0.13338331878185272 0
1570353909381 0.1129118800163269 0
1570353910833 0.15294107794761658 0
1570353912406 0.1244422048330307 0
1570353913871 0.22261062264442444 0
1570353915345 0.13636916875839233 0
1570353916902 0.15044352412223816 0
1570353918408 0.17020127177238464 0
1570353919857 0.173771470785141 0
1570353921417 0.13162246346473694 0
1570353922912 0.18276084959506989 0
1570353924301 0.11529335379600525 0
1570353925741 0.14622069895267487 0
1570353927131 0.08100934326648712 0
1570353928671 0.10097888112068176 0
1570353930262 0.13994938135147095 0
1570353931777 0.10541905462741852 0
1570353933331 0.08974825590848923 0
1570353934909 0.09032896161079407 0
1570353936418 0.0864022970199585 0
1570353937862 0.1462932676076889 0
1570353939248 0.11195188760757446 0
1570353940645 0.14108017086982727 0
1570353942049 0.12371158599853516 0
1570353943504 0.11393892765045166 0
1570353944879 0.11113126575946808 0
1570353946299 0.10930308699607849 0
1570353947691 0.10577576607465744 0
1570353949122 0.0981096476316452 0
1570353950600 0.11499801278114319 0
1570353952068 0.13882356882095337 0
1570353953517 0.1884573996067047 0
1570353954957 0.09835216403007507 0
1570353956431 0.12656104564666748 0
1570353957928 0.14136669039726257 0
1570353959400 0.10551795363426208 0
1570353960870 0.12823039293289185 0
1570353962422 0.1656559258699417 0
1570353963931 0.12178662419319153 0
1570353965328 0.09386757761240005 0
1570353966738 0.12606306374073029 0
1570353968143 0.09911870211362839 0
1570353969619 0.17078903317451477 0
1570353971070 0.12909048795700073 0
1570353972487 0.10584023594856262 0
1570353974009 0.2049967348575592 0
1570353975552 0.12824073433876038 0
1570353977082 0.19739924371242523 0
1570353978481 0.15253588557243347 0
1570353979913 0.10511964559555054 0
1570353981382 0.10206282883882523 0
1570353982834 0.1142745167016983 0
1570353984371 0.08438458293676376 0
1570353985889 0.07720160484313965 0
1570353987421 0.07547803968191147 0
1570353988898 0.13115659356117249 0
1570353990376 0.11507051438093185 0
1570353991905 0.12427177280187607 0
1570353993464 0.0815228745341301 0
1570353994941 0.07968179881572723 0
1570353996365 0.16403546929359436 0
1570353997800 0.18093140423297882 0
1570353999399 0.13115757703781128 0
1570354000900 0.09841214120388031 0
1570354002385 0.1593184620141983 0
1570354003928 0.1137320026755333 0
1570354005419 0.11772719025611877 0
1570354007031 0.16017797589302063 0
1570354008534 0.12281137704849243 0
1570354010007 0.08567186444997787 0
1570354011410 0.14732077717781067 0
1570354012924 0.11299028992652893 0
1570354014514 0.1215033084154129 0
1570354015931 0.1145046129822731 0
1570354017432 0.1039171889424324 0
1570354018855 0.14919370412826538 0
1570354020287 0.1370289921760559 0
1570354021722 0.1609412431716919 0
1570354023148 0.12212418019771576 0
1570354024627 0.08718249201774597 0
1570354026056 0.10954451560974121 0
1570354027556 0.08293251693248749 0
1570354029153 0.12107452750205994 0
1570354030528 0.11033039540052414 0
1570354031931 0.10355250537395477 0
1570354033546 0.11807896196842194 0
1570354035055 0.12978610396385193 0
1570354036422 0.0832473635673523 0
1570354037925 0.11350227892398834 0
1570354039304 0.09311607480049133 0
1570354040722 0.09872683882713318 0
1570354042091 0.08846250921487808 0
1570354043544 0.11509371548891068 0
1570354044980 0.08902566134929657 0
1570354046580 0.14737758040428162 0
1570354048131 0.12203488498926163 0
1570354049691 0.15093371272087097 0
1570354051251 0.13333922624588013 0
1570354052842 0.13923895359039307 0
1570354054377 0.14797604084014893 0
1570354055787 0.0886995941400528 0
1570354057340 0.09511744976043701 0
1570354058910 0.08793242275714874 0
1570354060476 0.130880206823349 0
1570354061995 0.1412351131439209 0
1570354063517 0.123750239610672 0
1570354065116 0.13834719359874725 0
1570354066659 0.105662502348423 0
1570354068228 0.11215685307979584 0
1570354069878 0.09164057672023773 0
1570354071425 0.1087990552186966 0
1570354072987 0.12996190786361694 0
1570354074554 0.13386760652065277 0
1570354076191 0.10788100957870483 0
1570354077735 0.10105551779270172 0
1570354079204 0.11171349883079529 0
1570354080759 0.11671176552772522 0
1570354082383 0.07950280606746674 0
1570354083796 0.11308537423610687 0
1570354085215 0.13338875770568848 0
1570354086827 0.11907146871089935 0
1570354088216 0.13200940191745758 0
1570354089651 0.0966949313879013 0
1570354091104 0.10085190832614899 0
1570354092562 0.09171396493911743 0
1570354094080 0.08870600163936615 0
1570354095649 0.10866013169288635 0
1570354097203 0.15524360537528992 0
1570354098753 0.11384911835193634 0
1570354100403 0.09342528879642487 0
1570354102015 0.15160301327705383 0
1570354103588 0.12735876441001892 0
1570354105157 0.1614491492509842 0
1570354106820 0.23741814494132996 0
1570354108411 0.12051413953304291 0
1570354109980 0.08625014871358871 0
1570354111544 0.1347922384738922 0
1570354113161 0.12581399083137512 0
1570354114770 0.11775313317775726 0
1570354116262 0.12174490839242935 0
1570354117884 0.12500622868537903 0
1570354119398 0.14673882722854614 0
1570354120887 0.11006505787372589 0
1570354122474 0.07827126979827881 0
1570354124055 0.09687359631061554 0
1570354125482 0.10149945318698883 0
1570354126908 0.09703922271728516 0
1570354128428 0.08908145874738693 0
1570354129891 0.09363434463739395 0
1570354131426 0.13057473301887512 0
1570354133117 0.11141826212406158 0
1570354134791 0.11371571570634842 0
1570354136464 0.14405925571918488 0
1570354138015 0.11891259253025055 0
1570354139647 0.12991681694984436 0
1570354141172 0.10084757208824158 0
1570354142686 0.10045397281646729 0
1570354144287 0.12581637501716614 0
1570354145854 0.10049353539943695 0
1570354147530 0.08818627148866653 0
1570354149156 0.09555500745773315 0
1570354150738 0.14618825912475586 0
1570354152318 0.10162091255187988 0
1570354153974 0.07225017249584198 0
1570354155485 0.08167611062526703 0
1570354157130 0.09081807732582092 0
1570354158845 0.12529824674129486 0
1570354160446 0.08755111694335938 0
1570354162127 0.1124308854341507 0
1570354163743 0.09683045744895935 0
1570354165244 0.06322893500328064 0
1570354166693 0.12177307903766632 0
1570354168239 0.12155541032552719 0
1570354169829 0.12423409521579742 0
1570354171365 0.06773713231086731 0
1570354172926 0.09506058692932129 0
1570354174563 0.08477985858917236 0
1570354176171 0.07062586396932602 0
1570354177618 0.09214276820421219 0
1570354179076 0.10562165081501007 0
1570354180656 0.13732993602752686 0
1570354182125 0.13115760684013367 0
1570354183630 0.08660739660263062 0
1570354185184 0.07945358753204346 0
1570354186835 0.15939833223819733 0
1570354188537 0.08690893650054932 0
1570354190222 0.11752654612064362 0
1570354191781 0.08505094796419144 0
1570354193233 0.130409374833107 0
1570354194691 0.10669946670532227 0
1570354196140 0.07601810991764069 0
1570354197585 0.10223258286714554 0
1570354199028 0.1476873904466629 0
1570354200662 0.1640760898590088 0
1570354202247 0.11395834386348724 0
1570354203687 0.1448977291584015 0
1570354205373 0.11657165735960007 0
1570354206918 0.09039236605167389 0
1570354208426 0.07622506469488144 0
1570354209904 0.08432300388813019 0
1570354211366 0.11692480742931366 0
1570354212969 0.14572912454605103 0
1570354214419 0.09081760048866272 0
1570354215867 0.11665021628141403 0
1570354217442 0.07599785923957825 0
1570354219117 0.13648270070552826 0
1570354220700 0.11868400871753693 0
1570354222326 0.11925949901342392 0
1570354223938 0.1059366837143898 0
1570354225466 0.13350114226341248 0
1570354227192 0.14142689108848572 0
1570354228779 0.07131089270114899 0
1570354230318 0.06418696790933609 0
1570354231960 0.07586871087551117 0
1570354233622 0.09429901093244553 0
1570354235195 0.09014908969402313 0
1570354236804 0.09317275881767273 0
1570354238486 0.09197396039962769 0
1570354240092 0.10641849786043167 0
1570354241747 0.1631227731704712 0
1570354243363 0.1661672294139862 0
1570354244988 0.10537896305322647 0
1570354246611 0.08419659733772278 0
1570354248196 0.10459455102682114 0
1570354249825 0.10567715764045715 0
1570354251420 0.11590832471847534 0
1570354253007 0.10121767222881317 0
1570354254619 0.10170620679855347 0
1570354256199 0.0700201466679573 0
1570354257824 0.13811993598937988 0
1570354259460 0.10655353963375092 0
1570354261096 0.07751746475696564 0
1570354262710 0.1379338502883911 0
1570354264345 0.11495104432106018 0
1570354265916 0.09205280989408493 0
1570354267441 0.10017021745443344 0
1570354268952 0.09839114546775818 0
1570354270436 0.10294950008392334 0
1570354272032 0.15334436297416687 0
1570354273577 0.05729711055755615 0
1570354275018 0.13176098465919495 0
1570354276521 0.11999858915805817 0
1570354278223 0.11978355050086975 0
1570354279795 0.13061316311359406 0
1570354281404 0.11213912069797516 0
1570354283084 0.0942404717206955 0
1570354284633 0.14945769309997559 0
1570354286241 0.12970325350761414 0
1570354287814 0.10599455237388611 0
1570354289395 0.09810637682676315 0
1570354291044 0.06515448540449142 0
1570354292681 0.10638653486967087 0
1570354294266 0.08664295077323914 0
1570354295933 0.10147581994533539 0
1570354297579 0.09996641427278519 0
1570354299147 0.11510948091745377 0
1570354300843 0.1148703321814537 0
1570354302513 0.10257143527269363 0
1570354304225 0.08107121288776398 0
1570354305796 0.098578080534935 0
1570354307370 0.1114337369799614 0
1570354308972 0.07739605009555817 0
1570354310676 0.07805169373750687 0
1570354312173 0.11695370078086853 0
1570354313657 0.09859593212604523 0
1570354315145 0.10899445414543152 0
1570354316593 0.14633646607398987 0
1570354318073 0.12026670575141907 0
1570354319524 0.09521793574094772 0
1570354321029 0.08497123420238495 0
1570354322527 0.08297386020421982 0
1570354324223 0.08124683797359467 0
1570354325808 0.10253147780895233 0
1570354327460 0.14049199223518372 0
1570354329073 0.12405851483345032 0
1570354330696 0.11084415018558502 0
1570354332164 0.1110580563545227 0
1570354333780 0.17393991351127625 0
1570354335285 0.13112859427928925 0
1570354336754 0.12733390927314758 0
1570354338326 0.09598039090633392 0
1570354339776 0.10754452645778656 0
1570354341234 0.09125903248786926 0
1570354342694 0.11950498074293137 0
1570354344194 0.07084927707910538 0
1570354345712 0.12041416764259338 0
1570354347117 0.06695511192083359 0
1570354348728 0.11631087958812714 0
1570354350345 0.0689101368188858 0
1570354352063 0.1400015652179718 0
1570354353598 0.05950189381837845 0
1570354355202 0.1245751827955246 0
1570354356895 0.10013166069984436 0
1570354358625 0.07583419978618622 0
1570354360245 0.07558271288871765 0
1570354361807 0.09878619760274887 0
1570354363383 0.10596035420894623 0
1570354364998 0.0841548889875412 0
1570354366602 0.12017598748207092 0
1570354368078 0.07365305721759796 0
1570354369558 0.07887013256549835 0
1570354371010 0.09166716039180756 0
1570354372622 0.1488698124885559 0
1570354374195 0.11892302334308624 0
1570354375804 0.1295221745967865 0
1570354377490 0.04888533428311348 0
1570354379141 0.14692440629005432 0
1570354380784 0.07133136689662933 0
1570354382415 0.07591202110052109 0
1570354384018 0.12121791392564774 0
1570354385626 0.10654821246862411 0
1570354387229 0.11367533355951309 0
1570354388836 0.14821204543113708 0
1570354390489 0.15807199478149414 0
1570354392249 0.05534537136554718 0
1570354393851 0.08327698707580566 0
1570354395404 0.09874433279037476 0
1570354397017 0.09537584334611893 0
1570354398689 0.12097881734371185 0
1570354400258 0.12624549865722656 0
1570354401860 0.07529634982347488 0
1570354403393 0.07174909114837646 0
1570354404946 0.09080676734447479 0
1570354406572 0.17663481831550598 0
1570354408161 0.08254867047071457 0
1570354409810 0.12443330138921738 0
1570354411430 0.06555654853582382 0
1570354413029 0.106320321559906 0
1570354414595 0.08285865187644958 0
1570354416290 0.16175398230552673 0
1570354417950 0.06775223463773727 0
1570354419552 0.07229519635438919 0
1570354421132 0.08224353194236755 0
1570354422800 0.09306751191616058 0
1570354424420 0.11584975570440292 0
1570354426023 0.08704086393117905 0
1570354427629 0.06895391643047333 0
1570354429375 0.11382430046796799 0
1570354431006 0.11848600953817368 0
1570354432570 0.0579238161444664 0
1570354434198 0.10142397880554199 0
1570354435827 0.10735850036144257 0
1570354437429 0.12472544610500336 0
1570354439109 0.15724685788154602 0
1570354440811 0.1377229392528534 0
1570354442488 0.07320056855678558 0
1570354444223 0.07444022595882416 0
1570354445876 0.07651709020137787 0
1570354447461 0.16070035099983215 0
1570354449148 0.11687296628952026 0
1570354450777 0.0938863679766655 0
1570354452321 0.09427598863840103 0
1570354453780 0.09939223527908325 0
1570354455258 0.09944535791873932 0
1570354456769 0.10694563388824463 0
1570354458395 0.07777164876461029 0
1570354459851 0.1287761926651001 0
1570354461298 0.09541372954845428 0
1570354462754 0.0791131779551506 0
1570354464401 0.10438038408756256 0
1570354466007 0.15642637014389038 0
1570354467605 0.060145553201436996 0
1570354469145 0.13206174969673157 0
1570354470712 0.1081346943974495 0
1570354472301 0.05821504071354866 0
1570354473899 0.07536377757787704 0
1570354475547 0.09711092710494995 0
1570354477137 0.12107345461845398 0
1570354478730 0.12023913860321045 0
1570354480313 0.11355996131896973 0
1570354482019 0.09786441922187805 0
1570354483590 0.05731568485498428 0
1570354485174 0.07299567013978958 0
1570354486794 0.12564709782600403 0
1570354488473 0.0931798443198204 0
1570354490059 0.11303289234638214 0
1570354491627 0.09003044664859772 0
1570354493328 0.10397721081972122 0
1570354494932 0.10784581303596497 0
1570354496544 0.07532704621553421 0
1570354498216 0.10371596366167068 0
1570354499767 0.09923502802848816 0
1570354501376 0.08671164512634277 0
1570354502950 0.09239090979099274 0
1570354504522 0.09281457960605621 0
1570354506216 0.11163255572319031 0
1570354507904 0.14443673193454742 0
1570354509357 0.08380116522312164 0
1570354510933 0.14798510074615479 0
1570354512660 0.0976458489894867 0
1570354514383 0.07610131800174713 0
1570354516042 0.07274408638477325 0
1570354517641 0.08799855411052704 0
1570354519324 0.08353126049041748 0
1570354520960 0.09243897348642349 0
1570354522575 0.1102280467748642 0
1570354524204 0.08050365746021271 0
1570354525819 0.1344965696334839 0
1570354527466 0.12338290363550186 0
1570354529108 0.16941606998443604 0
1570354530757 0.1333436369895935 0
1570354532401 0.13093578815460205 0
1570354534130 0.06059388816356659 0
1570354535767 0.12239514291286469 0
1570354537414 0.13336865603923798 0
1570354539121 0.1128929853439331 0
1570354540667 0.06706959754228592 0
1570354542175 0.061072953045368195 0
1570354543743 0.09918975085020065 0
1570354545414 0.08680941164493561 0
1570354547032 0.08711724728345871 0
1570354548584 0.10322070121765137 0
1570354550104 0.12114498019218445 0
1570354551735 0.10843080282211304 0
1570354553408 0.1031445860862732 0
1570354555055 0.09915084391832352 0
1570354556731 0.16166529059410095 0
1570354558345 0.11414052546024323 0
1570354560009 0.1118844673037529 0
1570354561686 0.08948208391666412 0
1570354563341 0.077446848154068 0
1570354565102 0.08129873871803284 0
1570354566574 0.10026270151138306 0
1570354568110 0.09128968417644501 0
1570354569719 0.1119692325592041 0
1570354571444 0.10574978590011597 0
1570354573170 0.07585874944925308 0
1570354574855 0.08612700551748276 0
1570354576439 0.06931649148464203 0
1570354578002 0.09711194783449173 0
1570354579621 0.08248116075992584 0
1570354581152 0.10646975040435791 0
1570354582678 0.06940621137619019 0
1570354584204 0.11541131138801575 0
1570354585786 0.06089220941066742 0
1570354587326 0.12133646756410599 0
1570354588797 0.0729864239692688 0
1570354590258 0.10608094185590744 0
1570354591746 0.11631117016077042 0
1570354593225 0.09783384203910828 0
1570354594776 0.1308201253414154 0
1570354596285 0.12797865271568298 0
1570354597934 0.07847181707620621 0
1570354599573 0.13695251941680908 0
1570354601151 0.06708795577287674 0
1570354602751 0.07161275297403336 0
1570354604332 0.07325610518455505 0
1570354606012 0.06102212518453598 0
1570354607594 0.14604036509990692 0
1570354609278 0.05438560992479324 0
1570354610953 0.05925793573260307 0
1570354612538 0.12093687057495117 0
1570354614167 0.1073610857129097 0
1570354615793 0.16669726371765137 0
1570354617322 0.10452095419168472 0
1570354618931 0.10888639837503433 0
1570354620560 0.09886718541383743 0
1570354622165 0.08169397711753845 0
1570354623867 0.11070207506418228 0
1570354625517 0.10155525803565979 0
1570354627109 0.12902650237083435 0
1570354628734 0.09656491130590439 0
1570354630328 0.10875913500785828 0
1570354631947 0.1158566102385521 0
1570354633609 0.1556779146194458 0
1570354635212 0.06741774827241898 0
1570354636819 0.08958259969949722 0
1570354638475 0.07618116587400436 0
1570354640118 0.09967440366744995 0
1570354641791 0.09115399420261383 0
1570354643459 0.12469308078289032 0
1570354645070 0.11639232933521271 0
1570354646653 0.12108481675386429 0
1570354648266 0.08373941481113434 0
1570354649961 0.12573941051959991 0
1570354651628 0.1184006929397583 0
1570354653402 0.08375672996044159 0
1570354655086 0.15122215449810028 0
1570354656747 0.09191005676984787 0
1570354658399 0.07615415006875992 0
1570354660079 0.08909916877746582 0
1570354661767 0.10209652036428452 0
1570354663378 0.07648811489343643 0
1570354665042 0.1216147243976593 0
1570354666654 0.12307026982307434 0
1570354668249 0.06680687516927719 0
1570354669902 0.08263085782527924 0
1570354671487 0.06504149734973907 0
1570354673064 0.0767248272895813 0
1570354674625 0.139059916138649 0
1570354676181 0.08341102302074432 0
1570354677824 0.11319279670715332 0
1570354679440 0.10788185894489288 0
1570354681122 0.09846080839633942 0
1570354682745 0.07332800328731537 0
1570354684379 0.09558193385601044 0
1570354686083 0.10011999309062958 0
1570354687710 0.061236169189214706 0
1570354689376 0.08981554210186005 0
1570354690969 0.10703958570957184 0
1570354692672 0.10134550929069519 0
1570354694294 0.09641186892986298 0
1570354695931 0.11396503448486328 0
1570354697553 0.157958522439003 0
1570354699234 0.09395159780979156 0
1570354700876 0.08039652556180954 0
1570354702492 0.12461067736148834 0
1570354704056 0.06820524483919144 0
1570354705766 0.07206486165523529 0
1570354707401 0.1101851537823677 0
1570354708970 0.07730350643396378 0
1570354710593 0.12930017709732056 0
1570354712147 0.11543738842010498 0
1570354713660 0.1252242773771286 0
1570354715382 0.11109913140535355 0
1570354716936 0.06200961768627167 0
1570354718607 0.08576254546642303 0
1570354720199 0.07621470093727112 0
1570354721920 0.1027761846780777 0
1570354723566 0.08023158460855484 0
1570354725187 0.07363466918468475 0
1570354726805 0.10883988440036774 0
1570354728451 0.11534123122692108 0
1570354729998 0.08333330601453781 0
1570354731662 0.11603324115276337 0
1570354733330 0.09213584661483765 0
1570354735005 0.09551047533750534 0
1570354736671 0.11957904696464539 0
1570354738458 0.08749016374349594 0
1570354740125 0.09144751727581024 0
1570354741898 0.03993537276983261 0
1570354743596 0.05462649464607239 0
1570354745394 0.1011807918548584 0
1570354746943 0.092546746134758 0
1570354748516 0.08146854490041733 0
1570354750075 0.0986671969294548 0
1570354751655 0.11037291586399078 0
1570354753319 0.08062142133712769 0
1570354754878 0.04200069606304169 0
1570354756460 0.10001607239246368 0
1570354758052 0.125740647315979 0
1570354759585 0.08000505715608597 0
1570354761311 0.1173434853553772 0
1570354763016 0.07393664121627808 0
1570354764630 0.04713526740670204 0
1570354766340 0.10082266479730606 0
1570354768057 0.10084544122219086 0
1570354769774 0.0831802561879158 0
1570354771550 0.09761416912078857 0
1570354773316 0.11574801802635193 0
1570354775020 0.060184404253959656 0
1570354776730 0.08685042709112167 0
1570354778557 0.22203457355499268 0
1570354780315 0.1258743703365326 0
1570354782067 0.09036196768283844 0
1570354783772 0.14670169353485107 0
1570354785521 0.08933297544717789 0
1570354787232 0.07692544907331467 0
1570354789008 0.12512698769569397 0
1570354790736 0.12417085468769073 0
1570354792477 0.07724382728338242 0
1570354794158 0.06996160000562668 0
1570354795865 0.11051977425813675 0
1570354797574 0.06748272478580475 0
1570354799355 0.08635587990283966 0
1570354801095 0.11679860949516296 0
1570354802866 0.13426390290260315 0
1570354804560 0.08298508822917938 0
1570354806326 0.08881497383117676 0
1570354808018 0.07042618095874786 0
1570354809707 0.11193086951971054 0
1570354811382 0.10814942419528961 0
1570354813148 0.07896934449672699 0
1570354814847 0.10344009101390839 0
1570354816553 0.11553995311260223 0
1570354818252 0.13543333113193512 0
1570354819907 0.11998144537210464 0
1570354821563 0.08973053842782974 0
1570354823118 0.0773516520857811 0
1570354824679 0.07026307284832001 0
1570354826238 0.08137711882591248 0
1570354827853 0.0901632010936737 0
1570354829613 0.0895148515701294 0
1570354831333 0.12725001573562622 0
1570354833014 0.1086215153336525 0
1570354834820 0.05770307779312134 0
1570354836404 0.124472975730896 0
1570354838076 0.10010521113872528 0
1570354839856 0.10002155601978302 0
1570354841517 0.08549413830041885 0
1570354843250 0.12337686121463776 0
1570354844837 0.07760459184646606 0
1570354846456 0.06366482377052307 0
1570354848122 0.14722475409507751 0
1570354849724 0.09847727417945862 0
1570354851337 0.09017462283372879 0
1570354853032 0.11386454105377197 0
1570354854678 0.07509385049343109 0
1570354856319 0.10392940789461136 0
1570354857994 0.07287469506263733 0
1570354859673 0.13088345527648926 0
1570354861347 0.09371805936098099 0
1570354863009 0.12409103661775589 0
1570354864688 0.06830233335494995 0
1570354866375 0.09792517870664597 0
1570354868090 0.12109021842479706 0
1570354869750 0.1043216809630394 0
1570354871421 0.1585243046283722 0
1570354873079 0.09804721176624298 0
1570354874729 0.08270429819822311 0
1570354876399 0.10337431728839874 0
1570354878083 0.08979009091854095 0
1570354879750 0.07635973393917084 0
1570354881498 0.10678461194038391 0
1570354883213 0.07907326519489288 0
1570354884922 0.08117042481899261 0
1570354886658 0.08770933002233505 0
1570354888411 0.08709871768951416 0
1570354890131 0.11456941068172455 0
1570354891842 0.06832554936408997 0
1570354893511 0.0768091231584549 0
1570354895188 0.11552362143993378 0
1570354896904 0.11933533847332001 0
1570354898654 0.1006089597940445 0
1570354900484 0.1125415489077568 0
1570354902113 0.10714114457368851 0
1570354903757 0.058817096054553986 0
1570354905459 0.07696904242038727 0
1570354907265 0.09986251592636108 0
1570354908915 0.06535659730434418 0
1570354910577 0.10973525792360306 0
1570354912109 0.11480794847011566 0
1570354913805 0.06510821729898453 0
1570354915535 0.14584805071353912 0
1570354917256 0.11380264163017273 0
1570354918967 0.08067482709884644 0
1570354920814 0.07151246070861816 0
1570354922582 0.09666545689105988 0
1570354924170 0.07567440718412399 0
1570354925748 0.10523262619972229 0
1570354927450 0.09872860461473465 0
1570354929180 0.06674056500196457 0
1570354930948 0.105706587433815 0
1570354932637 0.0748300552368164 0
1570354934390 0.12297748774290085 0
1570354936128 0.0933452844619751 0
1570354937836 0.10533501952886581 0
1570354939539 0.04141829162836075 0
1570354941304 0.08299098163843155 0
1570354943096 0.046478502452373505 0
1570354944703 0.11732025444507599 0
1570354946365 0.08302301168441772 0
1570354948161 0.13964225351810455 0
1570354949939 0.16312579810619354 0
1570354951675 0.08771216869354248 0
1570354953295 0.09485095739364624 0
1570354955102 0.0859522819519043 0
1570354956803 0.11352051049470901 0
1570354958504 0.10585661232471466 0
1570354960173 0.08066094666719437 0
1570354961757 0.08142032474279404 0
1570354963460 0.10273487120866776 0
1570354965202 0.11770637333393097 0
1570354966916 0.10122214257717133 0
1570354968652 0.07396578043699265 0
1570354970457 0.08045854419469833 0
1570354972194 0.07128551602363586 0
1570354973793 0.11320364475250244 0
1570354975550 0.11778075993061066 0
1570354977265 0.07412828505039215 0
1570354978972 0.0679466649889946 0
1570354980705 0.08365947753190994 0
1570354982442 0.16733601689338684 0
1570354984212 0.08558282256126404 0
1570354985924 0.08632470667362213 0
1570354987536 0.11314325034618378 0
1570354989149 0.12272947281599045 0
1570354990887 0.11135390400886536 0
1570354992639 0.055232368409633636 0
1570354994336 0.06546930968761444 0
1570354996111 0.06487037241458893 0
1570354997825 0.07160605490207672 0
1570354999554 0.14330998063087463 0
1570355001271 0.048233162611722946 0
1570355003074 0.028766797855496407 0
1570355004809 0.08532755821943283 0
1570355006560 0.1455225646495819 0
1570355008269 0.07724402099847794 0
1570355010057 0.1104225292801857 0
1570355011768 0.09756068140268326 0
1570355013480 0.10562615841627121 0
1570355015161 0.09224538505077362 0
1570355016867 0.08521649986505508 0
1570355018640 0.0889996588230133 0
1570355020394 0.05298565328121185 0
1570355022095 0.0952172726392746 0
1570355023675 0.08709292113780975 0
1570355025321 0.13662096858024597 0
1570355027024 0.08928564190864563 0
1570355028754 0.1302230805158615 0
1570355030561 0.1734517514705658 0
1570355032358 0.07485432922840118 0
1570355034094 0.07715309411287308 0
1570355035789 0.1153380423784256 0
1570355037544 0.09728386253118515 0
1570355039295 0.0970124900341034 0
1570355040992 0.062099650502204895 0
1570355042712 0.06912103295326233 0
1570355044530 0.10836154967546463 0
1570355046186 0.08195662498474121 0
1570355047839 0.14645542204380035 0
1570355049589 0.08264411985874176 0
1570355051389 0.11583076417446136 0
1570355053168 0.09830345213413239 0
1570355054894 0.12690383195877075 0
1570355056632 0.09783495962619781 0
1570355058349 0.11829356104135513 0
1570355060188 0.10358357429504395 0
1570355061918 0.09048216044902802 0
1570355063679 0.12123435735702515 0
1570355065421 0.08702386915683746 0
1570355067289 0.12580937147140503 0
1570355069055 0.09410996735095978 0
1570355070768 0.07910509407520294 0
1570355072510 0.1111786887049675 0
1570355074332 0.08926890045404434 0
1570355076171 0.05501915141940117 0
1570355077810 0.0844193547964096 0
1570355079424 0.11767055094242096 0
1570355081232 0.06906722486019135 0
1570355082973 0.07594134658575058 0
1570355084645 0.11703675985336304 0
1570355086416 0.062199994921684265 0
1570355088170 0.08088222146034241 0
1570355089975 0.1349286288022995 0
1570355091795 0.08054803311824799 0
1570355093468 0.058349281549453735 0
1570355095124 0.07993839681148529 0
1570355096877 0.09881184995174408 0
1570355098609 0.11000324040651321 0
1570355100404 0.06565908342599869 0
1570355102184 0.05813555791974068 0
1570355103940 0.08502677083015442 0
1570355105664 0.2145540714263916 0
1570355107379 0.123483806848526 0
1570355109135 0.1262635439634323 0
1570355110888 0.09515263140201569 0
1570355112601 0.1213577538728714 0
1570355114213 0.07275832444429398 0
1570355115935 0.09382021427154541 0
1570355117764 0.14088186621665955 0
1570355119498 0.061324916779994965 0
1570355121324 0.10869798064231873 0
1570355123135 0.07303862273693085 0
1570355124873 0.08044780045747757 0
1570355126648 0.08964069187641144 0
1570355128442 0.08337993919849396 0
1570355130210 0.08288948237895966 0
1570355131992 0.15188011527061462 0
1570355133751 0.07630866765975952 0
1570355135496 0.10956504940986633 0
1570355137322 0.08025455474853516 0
1570355139034 0.08550891280174255 0
1570355140769 0.08823907375335693 0
1570355142517 0.06460423767566681 0
1570355144283 0.07166539132595062 0
1570355145979 0.17772340774536133 0
1570355147764 0.07285375148057938 0
1570355149513 0.05885593593120575 0
1570355151254 0.11741986125707626 0
1570355152978 0.0774763971567154 0
1570355154726 0.11696641147136688 0
1570355156529 0.07337718456983566 0
1570355158317 0.11535638570785522 0
1570355160062 0.12422748655080795 0
1570355161777 0.06909041851758957 0
1570355163485 0.0830027163028717 0
1570355165236 0.11396926641464233 0
1570355166994 0.1273941546678543 0
1570355168751 0.10863970220088959 0
1570355170515 0.07353973388671875 0
1570355172312 0.13411995768547058 0
1570355174045 0.10270361602306366 0
1570355175792 0.12192653119564056 0
1570355177559 0.09781915694475174 0
1570355179391 0.10096047073602676 0
1570355181179 0.0908699631690979 0
1570355182936 0.06650928407907486 0
1570355184755 0.10434214770793915 0
1570355186531 0.05980374664068222 0
1570355188278 0.0770220085978508 0
1570355190033 0.09752161800861359 0
1570355191780 0.08566641062498093 0
1570355193563 0.09173832833766937 0
1570355195299 0.08797590434551239 0
1570355197079 0.07690653204917908 0
1570355198876 0.06462577730417252 0
1570355200726 0.07445862889289856 0
1570355202480 0.04476068913936615 0
1570355204148 0.093485526740551 0
1570355205854 0.09154318273067474 0
1570355207616 0.12178806960582733 0
1570355209411 0.06661975383758545 0
1570355211173 0.07192538678646088 0
1570355213013 0.11752574145793915 0
1570355214841 0.11852242052555084 0
1570355216615 0.07216795533895493 0
1570355218442 0.13016314804553986 0
1570355220137 0.0929969921708107 0
1570355221912 0.1358942985534668 0
1570355223671 0.13810628652572632 0
1570355225382 0.12733356654644012 0
1570355227057 0.08056501299142838 0
1570355228836 0.056336335837841034 0
1570355230517 0.14158529043197632 0
1570355232258 0.07627763599157333 0
1570355234078 0.0737459808588028 0
1570355235923 0.07506944984197617 0
1570355237745 0.056864142417907715 0
1570355239485 0.1695442795753479 0
1570355241292 0.1595924198627472 0
1570355243093 0.12650111317634583 0
1570355244906 0.11504808068275452 0
1570355246659 0.07798279821872711 0
1570355248485 0.09153307974338531 0
1570355250312 0.1046212911605835 0
1570355252074 0.02890554815530777 0
1570355253835 0.1039341539144516 0
1570355255712 0.061166346073150635 0
1570355257535 0.1325482875108719 0
1570355259382 0.12068837136030197 0
1570355261032 0.11459062993526459 0
1570355262854 0.0708446204662323 0
1570355264670 0.09430600702762604 0
1570355266442 0.10520026087760925 0
1570355268187 0.051205024123191833 0
1570355269975 0.10605349391698837 0
1570355271713 0.07602638006210327 0
1570355273418 0.13030117750167847 0
1570355275132 0.10228527337312698 0
1570355276930 0.08644188940525055 0
1570355278724 0.1784897744655609 0
1570355280540 0.104273721575737 0
1570355282354 0.08509610593318939 0
1570355284206 0.10029500722885132 0
1570355286070 0.05964379757642746 0
1570355287868 0.07639667391777039 0
1570355289621 0.11881719529628754 0
1570355291457 0.09128665924072266 0
1570355293252 0.14185191690921783 0
1570355295105 0.08904849737882614 0
1570355296895 0.07489282637834549 0
1570355298723 0.15680088102817535 0
1570355300425 0.11420995742082596 0
1570355302196 0.0989546924829483 0
1570355303917 0.08729023486375809 0
1570355305777 0.11156316101551056 0
1570355307496 0.1274193674325943 0
1570355309175 0.0928155779838562 0
1570355310896 0.10255033522844315 0
1570355312665 0.13382329046726227 0
1570355314564 0.08513664454221725 0
1570355316291 0.12223675847053528 0
1570355318108 0.0811019167304039 0
1570355319816 0.1083182692527771 0
1570355321528 0.0965598002076149 0
1570355323246 0.08234165608882904 0
1570355324954 0.06811521202325821 0
1570355326679 0.0839049369096756 0
1570355328393 0.09561383724212646 0
1570355330164 0.11232797801494598 0
1570355331924 0.07664311677217484 0
1570355333693 0.11348728835582733 0
1570355335489 0.08514745533466339 0
1570355337328 0.10088929533958435 0
1570355339119 0.10569442063570023 0
1570355340893 0.09624851495027542 0
1570355342695 0.11678369343280792 0
1570355344487 0.0610480010509491 0
1570355346244 0.1596996784210205 0
1570355348041 0.08203432708978653 0
1570355349862 0.05646038055419922 0
1570355351705 0.08201193809509277 0
1570355353500 0.09062755107879639 0
1570355355291 0.06314130127429962 0
1570355357254 0.10164918005466461 0
1570355358988 0.06483224034309387 0
1570355360680 0.09570049494504929 0
1570355362469 0.11581054329872131 0
1570355364238 0.08325206488370895 0
1570355366026 0.1034398078918457 0
1570355367852 0.09931201487779617 0
1570355369616 0.118721142411232 0
1570355371421 0.0507093109190464 0
1570355373213 0.11017153412103653 0
1570355375004 0.128256157040596 0
1570355376786 0.05389746278524399 0
1570355378709 0.05799631029367447 0
1570355380466 0.09236253798007965 0
1570355382281 0.07840022444725037 0
1570355384056 0.14893335103988647 0
1570355385901 0.10488206893205643 0
1570355387678 0.10858498513698578 0
1570355389487 0.06193812936544418 0
1570355391273 0.09915648400783539 0
1570355393118 0.09235519915819168 0
1570355394895 0.09951002895832062 0
1570355396671 0.07229442149400711 0
1570355398448 0.1004960760474205 0
1570355400327 0.07128109037876129 0
1570355402102 0.08010464161634445 0
1570355403900 0.09623879194259644 0
1570355405717 0.13429149985313416 0
1570355407504 0.08656427264213562 0
1570355409340 0.07913333177566528 0
1570355411146 0.08669577538967133 0
1570355412878 0.10637909919023514 0
1570355414662 0.10221854597330093 0
1570355416552 0.12022104114294052 0
1570355418353 0.07333603501319885 0
1570355420182 0.09337422996759415 0
1570355421975 0.07533188164234161 0
1570355423767 0.13417768478393555 0
1570355425565 0.07201047986745834 0
1570355427340 0.06661772727966309 0
1570355429140 0.09486397355794907 0
1570355430932 0.10128098726272583 0
1570355432728 0.07683809846639633 0
1570355434556 0.09303691238164902 0
1570355436347 0.10400000214576721 0
1570355438161 0.07045187801122665 0
1570355439960 0.05377999693155289 0
1570355441837 0.1378941833972931 0
1570355443658 0.08959978073835373 0
1570355445435 0.13780109584331512 0
1570355447184 0.07751403748989105 0
1570355449088 0.10050302743911743 0
1570355450815 0.08219465613365173 0
1570355452542 0.07978509366512299 0
1570355454322 0.06001366302371025 0
1570355456114 0.06822577118873596 0
1570355457989 0.05489009991288185 0
1570355459802 0.08545347303152084 0
1570355461617 0.11492376029491425 0
1570355463486 0.07420938462018967 0
1570355465313 0.07996208965778351 0
1570355467121 0.07637283205986023 0
1570355468950 0.08037026226520538 0
1570355470784 0.05655688792467117 0
1570355472625 0.06307493150234222 0
1570355474458 0.10993396490812302 0
1570355476270 0.11297224462032318 0
1570355478095 0.10907956957817078 0
1570355479931 0.05410001799464226 0
1570355481592 0.10387040674686432 0
1570355483311 0.08321083337068558 0
1570355485144 0.13050708174705505 0
1570355486911 0.09289820492267609 0
1570355488748 0.06820470839738846 0
1570355490546 0.14635303616523743 0
1570355492269 0.09543813019990921 0
1570355494137 0.1054215282201767 0
1570355495804 0.10717938840389252 0
1570355497552 0.0637456625699997 0
1570355499309 0.0581655278801918 0
1570355501065 0.11910223960876465 0
1570355502850 0.0936775952577591 0
1570355504633 0.1305893361568451 0
1570355506504 0.06136023998260498 0
1570355508336 0.09835627675056458 0
1570355510106 0.08422039449214935 0
1570355511951 0.06674692034721375 0
1570355513782 0.05918685346841812 0
1570355515728 0.0842512771487236 0
1570355517576 0.09957128763198853 0
1570355519415 0.12887637317180634 0
1570355521266 0.15613171458244324 0
1570355523146 0.07924871146678925 0
1570355524973 0.10538036376237869 0
1570355526780 0.0842464342713356 0
1570355528644 0.08670312166213989 0
1570355530540 0.08542971312999725 0
1570355532408 0.12099866569042206 0
1570355534225 0.12293622642755508 0
1570355536064 0.054912030696868896 0
1570355537985 0.08307191729545593 0
1570355539825 0.08068534731864929 0
1570355541604 0.06892402470111847 0
1570355543342 0.05656995624303818 0
1570355545217 0.09005167335271835 0
1570355547052 0.07773545384407043 0
1570355548914 0.06325524300336838 0
1570355550778 0.07444538921117783 0
1570355552548 0.07370341569185257 0
1570355554357 0.06368403136730194 0
1570355556210 0.08480313420295715 0
1570355558037 0.09489424526691437 0
1570355559863 0.05051155388355255 0
1570355561705 0.13545367121696472 0
1570355563653 0.07749184966087341 0
1570355565496 0.09306596219539642 0
1570355567333 0.0571664497256279 0
1570355569146 0.13613292574882507 0
1570355571011 0.07065184414386749 0
1570355572998 0.1052507758140564 0
1570355574815 0.08914712071418762 0
1570355576670 0.07953903824090958 0
1570355578513 0.12693992257118225 0
1570355580311 0.06930191814899445 0
1570355582208 0.07413408905267715 0
1570355584012 0.11174747347831726 0
1570355585837 0.07713574171066284 0
1570355587698 0.053796522319316864 0
1570355589583 0.0723019689321518 0
1570355591444 0.1016262024641037 0
1570355593311 0.10306032001972198 0
1570355595167 0.0940234363079071 0
1570355597078 0.0619196891784668 0
1570355598922 0.07074885815382004 0
1570355600783 0.08635452389717102 0
1570355602621 0.06310926377773285 0
1570355604475 0.16452306509017944 0
1570355606349 0.14576663076877594 0
1570355608170 0.08846904337406158 0
1570355609989 0.0772751122713089 0
1570355611869 0.06873170286417007 0
1570355613734 0.06885705888271332 0
1570355615557 0.054649658501148224 0
1570355617354 0.05451389029622078 0
1570355619311 0.07350898534059525 0
1570355621254 0.08981528878211975 0
1570355623079 0.09151750802993774 0
1570355624913 0.10637804120779037 0
1570355626754 0.048790790140628815 0
1570355628574 0.10141393542289734 0
1570355630427 0.04845491424202919 0
1570355632229 0.08961024135351181 0
1570355634113 0.05098683759570122 0
1570355635953 0.11317761242389679 0
1570355637861 0.09594395756721497 0
1570355639749 0.05632248520851135 0
1570355641596 0.1013258844614029 0
1570355643485 0.08064843714237213 0
1570355645313 0.09406720101833344 0
1570355647158 0.062206681817770004 0
1570355648968 0.1538354605436325 0
1570355650773 0.1457015573978424 0
1570355652514 0.05734787881374359 0
1570355654311 0.06896188855171204 0
1570355656218 0.12263847887516022 0
1570355658056 0.14399409294128418 0
1570355659972 0.06848745048046112 0
1570355661860 0.09535752981901169 0
1570355663798 0.04514458775520325 0
1570355665541 0.0831131786108017 0
1570355667368 0.07526147365570068 0
1570355669219 0.12228728830814362 0
1570355671109 0.09958165884017944 0
1570355672946 0.07206350564956665 0
1570355674716 0.05983521044254303 0
1570355676519 0.09144392609596252 0
1570355678478 0.07503877580165863 0
1570355680387 0.1640024185180664 0
1570355682221 0.1356021910905838 0
1570355684089 0.1216597706079483 0
1570355685909 0.08422113955020905 0
1570355687738 0.12198670208454132 0
1570355689563 0.12005296349525452 0
1570355691380 0.1374482810497284 0
1570355693206 0.05456482991576195 0
1570355694973 0.09766446053981781 0
1570355696756 0.07964284718036652 0
1570355698503 0.12158726155757904 0
1570355700403 0.07332006096839905 0
1570355702231 0.08108960092067719 0
1570355703993 0.09317485988140106 0
1570355705734 0.046910542994737625 0
1570355707723 0.12446869164705276 0
1570355709572 0.125849187374115 0
1570355711457 0.0944623202085495 0
1570355713288 0.08553345501422882 0
1570355715044 0.08996802568435669 0
1570355716863 0.0685897246003151 0
1570355718719 0.08809257298707962 0
1570355720547 0.10306519269943237 0
1570355722419 0.0794152170419693 0
1570355724278 0.08857239782810211 0
1570355726078 0.08459160476922989 0
1570355727914 0.07915148138999939 0
1570355729918 0.09584569931030273 0
1570355731747 0.13498562574386597 0
1570355733499 0.1356910914182663 0
1570355735319 0.0829572081565857 0
1570355737072 0.08277516812086105 0
1570355738921 0.1234673261642456 0
1570355740780 0.14814412593841553 0
1570355742569 0.10209237039089203 0
1570355744477 0.10878537595272064 0
1570355746282 0.11093974113464355 0
1570355748172 0.10306095331907272 0
1570355749933 0.10447856038808823 0
1570355751833 0.09503477811813354 0
1570355753709 0.09766082465648651 0
1570355755568 0.06779849529266357 0
1570355757428 0.11732813715934753 0
1570355759291 0.09395492076873779 0
1570355761166 0.1164989098906517 0
1570355763043 0.06712375581264496 0
1570355764924 0.12604165077209473 0
1570355766777 0.0590541809797287 0
1570355768640 0.06372152268886566 0
1570355770537 0.10094548016786575 0
1570355772419 0.05766479671001434 0
1570355774311 0.06475590914487839 0
1570355776067 0.09003785997629166 0
1570355777769 0.07334762811660767 0
1570355779611 0.09476970136165619 0
1570355781459 0.06823237240314484 0
1570355783273 0.09266547858715057 0
1570355785123 0.15323102474212646 0
1570355786798 0.07097522914409637 0
1570355788475 0.10003137588500977 0
1570355790183 0.13431116938591003 0
1570355791993 0.09678773581981659 0
1570355793828 0.12248910963535309 0
1570355795702 0.05551303178071976 0
1570355797560 0.10851287096738815 0
1570355799432 0.03613657131791115 0
1570355801298 0.06184706836938858 0
1570355803181 0.04641501605510712 0
1570355805055 0.12812305986881256 0
1570355806884 0.08427610993385315 0
1570355808646 0.10970768332481384 0
1570355810624 0.0644911378622055 0
1570355812508 0.038476258516311646 0
1570355814359 0.13816164433956146 0
1570355816208 0.06915216147899628 0
1570355818176 0.08190369606018066 0
1570355819987 0.07204695791006088 0
1570355821844 0.07122127711772919 0
1570355823690 0.05327506735920906 0
1570355825586 0.06793920695781708 0
1570355827477 0.11112774908542633 0
1570355829308 0.06230304762721062 0
1570355831153 0.08388756960630417 0
1570355833011 0.09213341027498245 0
1570355834879 0.06349588185548782 0
1570355836720 0.07615966349840164 0
1570355838581 0.10868118703365326 0
1570355840500 0.09249258786439896 0
1570355842410 0.08661969006061554 0
1570355844255 0.12158359587192535 0
1570355846132 0.1428903043270111 0
1570355848088 0.056071482598781586 0
1570355849954 0.0982605367898941 0
1570355851823 0.1287010908126831 0
1570355853694 0.15256687998771667 0
1570355855605 0.10154315829277039 0
1570355857595 0.08212123811244965 0
1570355859376 0.1128370612859726 0
1570355861241 0.10474696755409241 0
1570355863134 0.07209670543670654 0
1570355864980 0.0662558376789093 0
1570355866811 0.07385019958019257 0
1570355868698 0.07780987024307251 0
1570355870479 0.09525571763515472 0
1570355872400 0.06748856604099274 0
1570355874227 0.06628874689340591 0
1570355876104 0.12982985377311707 0
1570355877958 0.07466098666191101 0
1570355879805 0.1283532679080963 0
1570355881646 0.08331599831581116 0
1570355883516 0.07809890061616898 0
1570355885373 0.08385685086250305 0
1570355887298 0.0711108148097992 0
1570355889108 0.11992770433425903 0
1570355890950 0.07066954672336578 0
1570355892814 0.06390220671892166 0
1570355894662 0.0803297758102417 0
1570355896438 0.11155343055725098 0
1570355898268 0.041958197951316833 0
1570355900137 0.07513822615146637 0
1570355902069 0.07221996784210205 0
1570355903975 0.05799363553524017 0
1570355905880 0.0923774316906929 0
1570355907816 0.11267085373401642 0
1570355909707 0.09221646189689636 0
1570355911593 0.11542335152626038 0
1570355913452 0.10454121232032776 0
1570355915352 0.08780200779438019 0
1570355917094 0.1072225421667099 0
1570355918939 0.08470268547534943 0
1570355920823 0.055389948189258575 0
1570355922595 0.06256482005119324 0
1570355924425 0.12233638763427734 0
1570355926306 0.07573001086711884 0
1570355928134 0.08749870210886002 0
1570355929986 0.06263015419244766 0
1570355931839 0.12205655127763748 0
1570355933701 0.09595222026109695 0
1570355935565 0.09860595315694809 0
1570355937433 0.1243167296051979 0
1570355939280 0.07925355434417725 0
1570355941137 0.07684500515460968 0
1570355942973 0.09334537386894226 0
1570355944827 0.06185314059257507 0
1570355946694 0.08667648583650589 0
1570355948571 0.08136805146932602 0
1570355950471 0.05162128806114197 0
1570355952469 0.08645930886268616 0
1570355954366 0.043558403849601746 0
1570355956254 0.0885254293680191 0
1570355958175 0.06033962219953537 0
1570355960140 0.10757692903280258 0
1570355962075 0.07788887619972229 0
1570355963977 0.0776052325963974 0
1570355965899 0.07052859663963318 0
1570355967853 0.08230539411306381 0
1570355969841 0.1051710769534111 0
1570355971808 0.062307439744472504 0
1570355973722 0.12182284146547318 0
1570355975701 0.10644550621509552 0
1570355977595 0.1148206815123558 0
1570355979558 0.058146484196186066 0
1570355981443 0.07773809134960175 0
1570355983374 0.08139032125473022 0
1570355985288 0.11014792323112488 0
1570355987162 0.04713556170463562 0
1570355989065 0.0886850655078888 0
1570355990983 0.12530142068862915 0
1570355992905 0.06425873935222626 0
1570355994810 0.0888594388961792 0
1570355996681 0.07544907927513123 0
1570355998616 0.0891963541507721 0
1570356000571 0.0711807906627655 0
1570356002477 0.07139407098293304 0
1570356004384 0.08513704687356949 0
1570356006332 0.1522597074508667 0
1570356008260 0.07500606775283813 0
1570356010171 0.11266326159238815 0
1570356012063 0.15227648615837097 0
1570356014037 0.14608559012413025 0
1570356015989 0.07774603366851807 0
1570356017842 0.0628572478890419 0
1570356019754 0.09765681624412537 0
1570356021752 0.13653531670570374 0
1570356023677 0.08123745024204254 0
1570356025597 0.09968718886375427 0
1570356027498 0.091341033577919 0
1570356029476 0.08326610177755356 0
1570356031427 0.07857165485620499 0
1570356033336 0.08324333280324936 0
1570356035228 0.11467678099870682 0
1570356037186 0.0802886039018631 0
1570356039134 0.09304594248533249 0
1570356041081 0.12775610387325287 0
1570356042915 0.14489075541496277 0
1570356044731 0.062053579837083817 0
1570356046699 0.08776677399873734 0
1570356048592 0.07418829947710037 0
1570356050512 0.03237058222293854 0
1570356052492 0.06610386073589325 0
1570356054476 0.07154972851276398 0
1570356056382 0.09361055493354797 0
1570356058359 0.0899338498711586 0
1570356060299 0.08671953529119492 0
1570356062227 0.05157636106014252 0
1570356064146 0.06754031777381897 0
1570356066178 0.06564806401729584 0
1570356068067 0.1332436203956604 0
1570356069948 0.07486528903245926 0
1570356071838 0.08948977291584015 0
1570356073721 0.12076405435800552 0
1570356075586 0.07256340235471725 0
1570356077513 0.06280733644962311 0
1570356079475 0.0766676664352417 0
1570356081390 0.08342455327510834 0
1570356083175 0.040908049792051315 0
1570356085085 0.10688947141170502 0
1570356087029 0.10206903517246246 0
1570356088953 0.08451184630393982 0
1570356090917 0.210611030459404 0
1570356092858 0.07035498321056366 0
1570356094771 0.10305424779653549 0
1570356096687 0.06661303341388702 0
1570356098661 0.07962962239980698 0
1570356100626 0.14382830262184143 0
1570356102537 0.11932164430618286 0
1570356104469 0.0895741730928421 0
1570356106454 0.09339582920074463 0
1570356108427 0.101590096950531 0
1570356110360 0.10630568861961365 0
1570356112293 0.08473087847232819 0
1570356114211 0.11767657846212387 0
1570356116112 0.09075354784727097 0
1570356117928 0.053232040256261826 0
1570356119895 0.05354633927345276 0
1570356121753 0.05947624146938324 0
1570356123600 0.04129447042942047 0
1570356125445 0.13282088935375214 0
1570356127281 0.08120332658290863 0
1570356129294 0.0771489217877388 0
1570356131289 0.09485528618097305 0
1570356133200 0.10270099341869354 0
1570356135196 0.06427118927240372 0
1570356137095 0.06716000288724899 0
1570356139032 0.151047945022583 0
1570356140958 0.08650019019842148 0
1570356142861 0.07993285357952118 0
1570356144809 0.11236448585987091 0
1570356146747 0.062422022223472595 0
1570356148657 0.0846123993396759 0
1570356150602 0.058614082634449005 0
1570356152585 0.13253270089626312 0
1570356154541 0.1382903903722763 0
1570356156467 0.0929703414440155 0
1570356158485 0.08857234567403793 0
1570356160503 0.03813688084483147 0
1570356162437 0.06526411324739456 0
1570356164399 0.09356337785720825 0
1570356166386 0.09147220849990845 0
1570356168316 0.08992122113704681 0
1570356170314 0.06403887271881104 0
1570356172279 0.1238873302936554 0
1570356174223 0.07400432974100113 0
1570356176147 0.12807701528072357 0
1570356178155 0.0753670483827591 0
1570356180082 0.10407613962888718 0
1570356182080 0.08234119415283203 0
1570356184069 0.09673046320676804 0
1570356185940 0.05249178782105446 0
1570356187819 0.06509958952665329 0
1570356189762 0.12141379714012146 0
1570356191697 0.08292216807603836 0
1570356193701 0.12479009479284286 0
1570356195693 0.10154201090335846 0
1570356197656 0.08513215184211731 0
1570356199612 0.10448357462882996 0
1570356201561 0.10925011336803436 0
1570356203511 0.10401690006256104 0
1570356205439 0.07228579372167587 0
1570356207472 0.06609981507062912 0
1570356209398 0.0658431276679039 0
1570356211342 0.07977200299501419 0
1570356213269 0.09075286984443665 0
1570356215286 0.11099429428577423 0
1570356217409 0.07427231222391129 0
1570356219367 0.08026231080293655 0
1570356221302 0.09934474527835846 0
1570356223308 0.07319808751344681 0
1570356225264 0.09998472779989243 0
1570356227212 0.06319267302751541 0
1570356229149 0.06278730928897858 0
1570356231126 0.10491100698709488 0
1570356233118 0.05508854240179062 0
1570356235069 0.06955090910196304 0
1570356237087 0.06535165756940842 0
1570356238988 0.08036956191062927 0
1570356240973 0.10253974795341492 0
1570356242985 0.0644342452287674 0
1570356244905 0.09124933928251266 0
1570356246970 0.042665883898735046 0
1570356248943 0.08102278411388397 0
1570356250910 0.08652683347463608 0
1570356252717 0.054700735956430435 0
1570356254622 0.09256358444690704 0
1570356256559 0.11670337617397308 0
1570356258557 0.0820423886179924 0
1570356260554 0.11444799602031708 0
1570356262467 0.08460626006126404 0
1570356264427 0.0695972740650177 0
1570356266396 0.1468493938446045 0
1570356268398 0.1043441891670227 0
1570356270475 0.11984080076217651 0
1570356272413 0.09396866708993912 0
1570356274352 0.06472021341323853 0
1570356276318 0.11194717139005661 0
1570356278369 0.18042796850204468 0
1570356280407 0.13650435209274292 0
1570356282366 0.16100157797336578 0
1570356284330 0.09984934329986572 0
1570356286344 0.07579202204942703 0
1570356288320 0.11744360625743866 0
1570356290268 0.0418257899582386 0
1570356292303 0.11493702232837677 0
1570356294287 0.11514674127101898 0
1570356296269 0.1073007881641388 0
1570356298238 0.10893410444259644 0
1570356300123 0.054056815803050995 0
1570356302015 0.1397026777267456 0
1570356303937 0.06675844639539719 0
1570356305862 0.08155661821365356 0
1570356307795 0.10231094062328339 0
1570356309716 0.06407028436660767 0
1570356311718 0.0787581205368042 0
1570356313710 0.13334599137306213 0
1570356315672 0.1052568107843399 0
1570356317666 0.09971685707569122 0
1570356319668 0.07362937927246094 0
1570356321683 0.098446324467659 0
1570356323636 0.057909995317459106 0
1570356325582 0.08749741315841675 0
1570356327519 0.06912125647068024 0
1570356329424 0.06485207378864288 0
1570356331327 0.06371644884347916 0
1570356333245 0.10388083755970001 0
1570356335220 0.05971801280975342 0
1570356337150 0.07809116691350937 0
1570356339085 0.1082567572593689 0
1570356341102 0.14541921019554138 0
1570356343053 0.14254462718963623 0
1570356344964 0.07022423297166824 0
1570356346906 0.09359410405158997 0
1570356348861 0.10115038603544235 0
1570356350914 0.1414480209350586 0
1570356352841 0.09069020301103592 0
1570356354834 0.07448288798332214 0
1570356356767 0.11784245073795319 0
1570356358723 0.08487693965435028 0
1570356360627 0.06883692741394043 0
1570356362556 0.11273007094860077 0
1570356364515 0.08155593276023865 0
1570356366427 0.09617028385400772 0
1570356368338 0.08350048959255219 0
1570356370249 0.04748539626598358 0
1570356372232 0.10700320452451706 0
1570356374152 0.08872021734714508 0
1570356376098 0.04526539891958237 0
1570356378005 0.07993319630622864 0
1570356379939 0.10036628693342209 0
1570356381964 0.08985428512096405 0
1570356383907 0.08551616221666336 0
1570356385838 0.1217593401670456 0
1570356387856 0.10815419256687164 0
1570356389837 0.05646234005689621 0
1570356391759 0.06918516010046005 0
1570356393695 0.08628816902637482 0
1570356395644 0.10687755793333054 0
1570356397636 0.08663562685251236 0
1570356399618 0.13745081424713135 0
1570356401540 0.05195235088467598 0
1570356403545 0.0808810442686081 0
1570356405469 0.10190723836421967 0
1570356407385 0.07987204939126968 0
1570356409320 0.05249110609292984 0
1570356411421 0.08765636384487152 0
1570356413338 0.11798660457134247 0
1570356415358 0.05922283977270126 0
1570356417436 0.08579736202955246 0
1570356419417 0.10732623934745789 0
1570356421407 0.0765349492430687 0
1570356423457 0.09997601807117462 0
1570356425506 0.11140847206115723 0
1570356427419 0.051495663821697235 0
1570356429261 0.09980836510658264 0
1570356431100 0.09644994139671326 0
1570356433069 0.09460069984197617 0
1570356435104 0.058911219239234924 0
1570356437026 0.06161490082740784 0
1570356438860 0.06481911987066269 0
1570356440738 0.06925264745950699 0
1570356442695 0.11715295910835266 0
1570356444520 0.05593828111886978 0
1570356446443 0.07243288308382034 0
1570356448345 0.08722944557666779 0
1570356450329 0.08272844552993774 0
1570356452334 0.10981107503175735 0
1570356454329 0.09368658810853958 0
1570356456302 0.0532340407371521 0
1570356458298 0.04179692268371582 0
1570356460286 0.06178290396928787 0
1570356462277 0.07814951241016388 0
1570356464228 0.08479312807321548 0
1570356466201 0.11696390807628632 0
1570356468119 0.0931907445192337 0
1570356470112 0.05719812959432602 0
1570356472142 0.10632003098726273 0
1570356474120 0.0908130630850792 0
1570356476103 0.1048651859164238 0
1570356478091 0.06685002148151398 0
1570356480077 0.12322142720222473 0
1570356482035 0.09532494097948074 0
1570356484073 0.06063351035118103 0
1570356486097 0.10934104025363922 0
1570356488166 0.14110715687274933 0
1570356490192 0.10985714942216873 0
1570356492186 0.07894717156887054 0
1570356494229 0.08566329628229141 0
1570356496259 0.07471619546413422 0
1570356498252 0.085442915558815 0
1570356500239 0.06624039262533188 0
1570356502176 0.0460011288523674 0
1570356504195 0.0871640220284462 0
1570356506163 0.0748148113489151 0
1570356508168 0.1271904557943344 0
1570356510259 0.13534703850746155 0
1570356512334 0.07674263417720795 0
1570356514255 0.039226070046424866 0
1570356516152 0.07848161458969116 0
1570356518017 0.044039927423000336 0
1570356520057 0.054351307451725006 0
1570356522025 0.07207642495632172 0
1570356523982 0.15669956803321838 0
1570356525964 0.10152842104434967 0
1570356527913 0.045697420835494995 0
1570356529891 0.09362638741731644 0
1570356531860 0.10537786781787872 0
1570356533908 0.06976509094238281 0
1570356535868 0.109063059091568 0
1570356537852 0.0740322694182396 0
1570356539839 0.08402067422866821 0
1570356541838 0.09521280229091644 0
1570356543833 0.09383685886859894 0
1570356545806 0.07886587083339691 0
1570356547770 0.10185569524765015 0
