1570352979522 3.6415717601776123 0
1570352985590 3.3530592918395996 0
1570352989195 2.8626132011413574 0
1570352990571 3.1046292781829834 0
1570352996685 2.626361131668091 0
1570352998066 2.6131885051727295 0
1570353001487 3.531930446624756 0
1570353002876 3.1326935291290283 0
1570353006167 3.3667171001434326 0
1570353009029 2.967162609100342 0
1570353010358 2.8769819736480713 0
1570353011904 2.885047435760498 0
1570353014248 2.699946165084839 0
1570353016553 2.18466854095459 0
1570353018555 2.379136323928833 0
1570353020558 2.3046486377716064 0
1570353022483 3.1222949028015137 0
1570353024511 2.860313892364502 0
1570353026722 2.4200079441070557 0
1570353029096 2.8320934772491455 0
1570353033108 2.5658693313598633 0
1570353034986 2.5837390422821045 0
1570353037134 2.5301520824432373 0
1570353038610 2.579465627670288 0
1570353040909 2.3548858165740967 0
1570353042209 2.5040507316589355 0
1570353043843 2.6336474418640137 0
1570353045859 2.362924814224243 0
1570353047825 2.4941630363464355 0
1570353049511 2.688556432723999 0
1570353051153 2.470109224319458 0
1570353053597 2.375269889831543 0
1570353055232 2.334181308746338 0
1570353057052 2.390845775604248 0
1570353058693 2.551691770553589 0
1570353061053 2.6612391471862793 0
1570353062419 2.601511240005493 0
1570353064400 2.0008625984191895 0
1570353067085 2.619515895843506 0
1570353068818 2.121828556060791 0
1570353070355 2.4723503589630127 0
1570353072570 2.5615570545196533 0
1570353074201 2.671778917312622 0
1570353075654 2.384615421295166 0
1570353077153 2.3103156089782715 0
1570353078961 2.083019971847534 0
1570353080543 2.28570294380188 0
1570353082112 2.2902719974517822 0
1570353083719 2.643976926803589 0
1570353085553 2.4392952919006348 0
1570353086764 2.4638466835021973 0
1570353088558 1.9796149730682373 0
1570353090066 2.394162178039551 0
1570353092107 2.1722991466522217 0
1570353093378 2.293714761734009 0
1570353094678 2.6447737216949463 0
1570353095870 2.276416540145874 0
1570353097696 2.1574149131774902 0
1570353099433 2.2354378700256348 0
1570353100829 2.052798271179199 0
1570353102357 2.4350340366363525 0
1570353104682 2.2661266326904297 0
1570353106741 2.412321090698242 0
1570353108382 2.1927504539489746 0
1570353109917 2.3338310718536377 0
1570353111174 1.9292469024658203 0
1570353112425 2.317945957183838 0
1570353114060 2.2346739768981934 0
1570353115328 2.3599140644073486 0
1570353116654 2.387957811355591 0
1570353118590 1.9787020683288574 0
1570353119813 2.371307134628296 0
1570353121093 2.399766683578491 0
1570353122509 2.557889223098755 0
1570353124187 2.4858641624450684 0
1570353125483 2.0816497802734375 0
1570353126744 2.182513952255249 0
1570353128118 2.1813223361968994 0
1570353129671 1.8963552713394165 0
1570353131222 1.9518824815750122 0
1570353132579 2.1596226692199707 0
1570353133838 2.2774853706359863 0
1570353135241 2.255725860595703 0
1570353136622 2.3951568603515625 0
1570353138479 2.172748327255249 0
1570353139705 1.9498389959335327 0
1570353141049 2.0356969833374023 0
1570353142275 2.191749095916748 0
1570353144236 1.9214727878570557 0
1570353145742 2.1764960289001465 0
1570353147218 1.8674110174179077 0
1570353148953 1.8676068782806396 0
1570353150364 2.235891819000244 0
1570353151593 2.014039993286133 0
1570353153100 1.9460335969924927 0
1570353154380 1.9989256858825684 0
1570353155645 2.088120698928833 0
1570353156910 1.8938488960266113 0
1570353158187 2.363473415374756 0
1570353159862 2.052215814590454 0
1570353161192 1.9407206773757935 0
1570353162498 2.12668776512146 0
1570353163719 1.6777623891830444 0
1570353164941 1.903233289718628 0
1570353166196 1.674221396446228 0
1570353167555 1.9487736225128174 0
1570353168863 2.2137200832366943 0
1570353170166 1.9534285068511963 0
1570353171491 2.1755428314208984 0
1570353172800 1.7731351852416992 0
1570353174058 2.0288970470428467 0
1570353175313 1.6934207677841187 0
1570353176579 1.92997145652771 0
1570353177821 1.8069837093353271 0
1570353179132 1.7896455526351929 0
1570353180526 1.568798303604126 0
1570353181847 1.9055370092391968 0
1570353183178 2.025231122970581 0
1570353184432 2.0171146392822266 0
1570353185706 1.994006633758545 0
1570353186954 1.658286213874817 0
1570353188152 2.14064884185791 0
1570353189400 2.0626697540283203 0
1570353190576 1.8514827489852905 0
1570353191844 2.097041130065918 0
1570353193112 1.888047218322754 0
1570353194393 1.7730485200881958 0
1570353195756 1.6433122158050537 0
1570353197027 1.6938236951828003 0
1570353198305 1.6942541599273682 0
1570353199621 1.6193076372146606 0
1570353201003 1.9269750118255615 0
1570353202279 1.7404080629348755 0
1570353203544 1.768957257270813 0
1570353204952 1.5828665494918823 0
1570353206243 2.1132285594940186 0
1570353207468 1.7445613145828247 0
1570353208685 1.634364128112793 0
1570353209985 1.7118626832962036 0
1570353211345 1.9900667667388916 0
1570353212620 1.7670159339904785 0
1570353214034 1.9203064441680908 0
1570353215328 1.4544204473495483 0
1570353216595 1.6672199964523315 0
1570353217888 1.9186031818389893 0
1570353219226 1.709545373916626 0
1570353220641 1.6842480897903442 0
1570353221942 1.5424349308013916 0
1570353223263 1.8146063089370728 0
1570353224590 1.7044174671173096 0
1570353225865 1.7809444665908813 0
1570353227161 1.862135887145996 0
1570353228398 1.7360286712646484 0
1570353229682 2.180814027786255 0
1570353230942 2.0178325176239014 0
1570353232252 1.8420361280441284 0
1570353233604 1.8619818687438965 0
1570353234868 1.944963812828064 0
1570353236328 1.5137369632720947 0
1570353237745 1.8101623058319092 0
1570353239115 2.1311535835266113 0
1570353240503 1.7541316747665405 0
1570353241776 1.6607561111450195 0
1570353243011 1.4835410118103027 0
1570353244281 1.7214628458023071 0
1570353245571 1.4695494174957275 0
1570353246844 1.4675294160842896 0
1570353248188 1.6523021459579468 0
1570353249469 1.7287472486495972 0
1570353250729 1.787781834602356 0
1570353252153 1.6416490077972412 0
1570353253497 1.652082085609436 0
1570353254766 1.591529369354248 0
1570353256013 1.5840216875076294 0
1570353257301 1.5172746181488037 0
1570353258576 1.6192697286605835 0
1570353260006 1.5900667905807495 0
1570353261307 1.5471616983413696 0
1570353262689 1.8893574476242065 0
1570353263962 1.5174317359924316 0
1570353265357 1.4975101947784424 0
1570353266750 1.7105892896652222 0
1570353268178 1.4993754625320435 0
1570353269501 1.814771294593811 0
1570353270773 1.5278186798095703 0
1570353272168 2.2420568466186523 0
1570353273586 1.5439255237579346 0
1570353274898 1.4343771934509277 0
1570353276140 2.039433002471924 0
1570353277523 1.4180649518966675 0
1570353278884 1.8460164070129395 0
1570353280253 1.3272861242294312 0
1570353281699 1.517643690109253 0
1570353283025 1.6522018909454346 0
1570353284346 1.5639044046401978 0
1570353285631 1.4861953258514404 0
1570353287000 1.604945182800293 0
1570353288313 1.594199776649475 0
1570353289690 1.7206979990005493 0
1570353291016 1.766620397567749 0
1570353292294 1.3636550903320312 0
1570353293613 1.6086469888687134 0
1570353294944 1.6200145483016968 0
1570353296173 1.4054977893829346 0
1570353297449 1.4840805530548096 0
1570353298736 1.4873309135437012 0
1570353300032 1.397162675857544 0
1570353301434 1.5499061346054077 0
1570353302846 1.5665420293807983 0
1570353304196 1.7293661832809448 0
1570353305496 1.5341848134994507 0
1570353306792 1.3466583490371704 0
1570353308070 1.6622339487075806 0
1570353309462 1.4356986284255981 0
1570353310803 1.4952733516693115 0
1570353312113 1.8408386707305908 0
1570353313397 1.3399956226348877 0
1570353314770 1.7796127796173096 0
1570353316172 1.761767864227295 0
1570353317605 1.3327534198760986 0
1570353319024 1.6424331665039062 0
1570353320511 1.5339910984039307 0
1570353321873 1.2517508268356323 0
1570353323278 1.2937116622924805 0
1570353324671 1.5548447370529175 0
1570353326061 1.8002493381500244 0
1570353327459 1.5227546691894531 0
1570353328749 1.5918728113174438 0
1570353330095 1.8010096549987793 0
1570353331356 1.7651695013046265 0
1570353332763 1.8024975061416626 0
1570353334099 1.4370845556259155 0
1570353335434 1.3811657428741455 0
1570353336714 1.4929940700531006 0
1570353338002 1.73429536819458 0
1570353339391 1.685048222541809 0
1570353340757 1.4478718042373657 0
1570353342057 1.283024787902832 0
1570353343333 1.1753597259521484 0
1570353344633 1.3404461145401 0
1570353345981 1.4567797183990479 0
1570353347464 1.577372670173645 0
1570353348930 1.498430609703064 0
1570353350361 1.438339352607727 0
1570353351628 1.7908623218536377 0
1570353352915 1.418875813484192 0
1570353354232 1.6556109189987183 0
1570353355617 1.4680942296981812 0
1570353357065 1.2264928817749023 0
1570353358391 1.4482601881027222 0
1570353359752 1.406123399734497 0
1570353361166 1.451170563697815 0
1570353362587 1.3355132341384888 0
1570353364008 1.0920730829238892 0
1570353365436 1.788632869720459 0
1570353366778 1.3789860010147095 0
1570353368142 1.7814679145812988 0
1570353369604 1.1901768445968628 0
1570353370961 1.2323832511901855 0
1570353372296 1.8136518001556396 0
1570353373759 1.5330634117126465 0
1570353375167 1.4961366653442383 0
1570353376494 1.3623061180114746 0
1570353377849 1.3416850566864014 0
1570353379146 1.4447522163391113 0
1570353380449 1.4320061206817627 0
1570353381771 1.4100252389907837 0
1570353383283 1.5315203666687012 0
1570353384706 1.1946126222610474 0
1570353386043 1.3291374444961548 0
1570353387391 1.4442164897918701 0
1570353388820 1.247159719467163 0
1570353390127 1.6017587184906006 0
1570353391479 1.4599672555923462 0
1570353392802 1.321547508239746 0
1570353394210 1.337101936340332 0
1570353395633 1.2074110507965088 0
1570353396924 1.561851143836975 0
1570353398293 1.3940246105194092 0
1570353399610 1.449769377708435 0
1570353400904 1.0751179456710815 0
1570353402304 1.3251246213912964 0
1570353403562 1.4535330533981323 0
1570353404922 1.5609490871429443 0
1570353406344 1.5974098443984985 0
1570353407714 1.634382963180542 0
1570353409029 1.2063701152801514 0
1570353410346 1.4076876640319824 0
1570353411650 1.5552858114242554 0
1570353413010 1.316152811050415 0
1570353414359 1.4698220491409302 0
1570353415714 1.4710867404937744 0
1570353417105 1.1365865468978882 0
1570353418407 0.9748122096061707 0
1570353419820 1.682523250579834 0
1570353421133 1.5014317035675049 0
1570353422433 1.1630884408950806 0
1570353423833 1.5654559135437012 0
1570353425229 1.4433461427688599 0
1570353426580 1.3306950330734253 0
1570353427873 1.4476293325424194 0
1570353429145 1.3584223985671997 0
1570353430543 1.3810254335403442 0
1570353431890 1.286033272743225 0
1570353433204 1.5450854301452637 0
1570353434469 1.268209457397461 0
1570353435670 1.4075146913528442 0
1570353436943 1.6178417205810547 0
1570353438261 1.1807408332824707 0
1570353439537 1.1072129011154175 0
1570353440886 1.579517126083374 0
1570353442208 1.3331547975540161 0
1570353443495 1.3584749698638916 0
1570353444863 1.522594690322876 0
1570353446315 1.1674199104309082 0
1570353447765 1.3724172115325928 0
1570353449201 1.3225867748260498 0
1570353450571 1.609631061553955 0
1570353451864 1.4106534719467163 0
1570353453147 1.1773544549942017 0
1570353454418 1.3490965366363525 0
1570353455685 1.3138329982757568 0
1570353456948 1.5405312776565552 0
1570353458299 1.8634493350982666 0
1570353459766 1.2355815172195435 0
1570353461169 1.5167710781097412 0
1570353462466 1.0333454608917236 0
1570353463830 1.5104913711547852 0
1570353465268 1.5332770347595215 0
1570353466715 1.328830599784851 0
1570353468159 1.371061086654663 0
1570353469617 1.279223084449768 0
1570353471091 1.2748897075653076 0
1570353472547 1.2587709426879883 0
1570353474006 1.5966053009033203 0
1570353475451 1.2269986867904663 0
1570353476914 1.7764286994934082 0
1570353478391 1.7611119747161865 0
1570353479836 1.495290756225586 0
1570353481272 1.4450838565826416 0
1570353482737 1.3943959474563599 0
1570353484239 1.1960924863815308 0
1570353485635 1.208889126777649 0
1570353487118 1.2060356140136719 0
1570353488595 1.2048778533935547 0
1570353490115 1.3761283159255981 0
1570353491668 1.0916178226470947 0
1570353493211 1.2483121156692505 0
1570353494646 1.3234976530075073 0
1570353496000 1.1333519220352173 0
1570353497452 1.567973017692566 0
1570353498795 1.1909140348434448 0
1570353500104 1.4599124193191528 0
1570353501459 1.2614071369171143 0
1570353502940 1.2144707441329956 0
1570353504482 1.407576560974121 0
1570353505854 1.5243000984191895 0
1570353507232 1.2988017797470093 0
1570353508539 1.2443337440490723 0
1570353509870 1.4497007131576538 0
1570353511200 1.2180167436599731 0
1570353512548 1.2250723838806152 0
1570353513889 1.5265084505081177 0
1570353515286 1.1339033842086792 0
1570353516636 1.0855985879898071 0
1570353517931 1.2716010808944702 0
1570353519379 1.1371550559997559 0
1570353520821 1.0573136806488037 0
1570353522153 1.699491024017334 0
1570353523545 1.1414132118225098 0
1570353524991 1.6134494543075562 0
1570353526376 1.4449955224990845 0
1570353527792 1.261560320854187 0
1570353529101 1.4751207828521729 0
1570353530596 1.391013503074646 0
1570353532126 0.9515331983566284 0
1570353533584 1.1412780284881592 0
1570353535021 1.488308310508728 0
1570353536452 1.4403696060180664 0
1570353537915 1.3703969717025757 0
1570353539362 1.2767080068588257 0
1570353540832 1.1067726612091064 0
1570353542349 1.315903902053833 0
1570353543701 1.310757040977478 0
1570353545047 1.232874870300293 0
1570353546429 1.1420683860778809 0
1570353547857 1.2048215866088867 0
1570353549159 1.307860016822815 0
1570353550527 1.4496078491210938 0
1570353551979 1.3742200136184692 0
1570353567039 1.1352386474609375 0
1570353568530 1.426540493965149 0
1570353581046 1.518755316734314 0
1570353582485 0.9271183013916016 0
1570353583888 1.1957486867904663 0
1570353585303 1.5010566711425781 0
1570353586762 1.3248151540756226 0
1570353618541 1.1715623140335083 0
1570353619966 1.739693284034729 0
1570353621439 1.4775662422180176 0
1570353622871 1.2931978702545166 0
1570353624333 1.1625012159347534 0
1570353625768 1.3037688732147217 0
1570353627224 1.514201283454895 0
1570353628632 1.0499324798583984 0
1570353630061 1.2948594093322754 0
1570353631426 1.6858164072036743 0
1570353651643 1.4661647081375122 0
1570353653045 0.9782589673995972 0
1570353654471 1.4745373725891113 0
1570353655883 1.1911287307739258 0
1570353657300 1.236969232559204 0
1570353658597 1.1240118741989136 0
1570353659838 1.0731483697891235 0
1570353661113 1.4211069345474243 0
1570353662432 1.1868879795074463 0
1570353663774 1.2001389265060425 0
1570353665109 1.135697603225708 0
1570353666569 1.1555438041687012 0
1570353667957 1.1171119213104248 0
1570353669400 1.4764727354049683 0
1570353670792 1.5840288400650024 0
1570353672208 1.1032078266143799 0
1570353673558 1.1850247383117676 0
1570353674885 1.1792014837265015 0
1570353676248 1.320678949356079 0
1570353677593 1.5366630554199219 0
1570353678916 1.3117724657058716 0
1570353680324 1.196400761604309 0
1570353681698 1.0714213848114014 0
1570353683103 1.5088112354278564 0
1570353684611 0.9271095991134644 0
1570353685887 1.280259132385254 0
1570353687166 1.4257019758224487 0
1570353688501 1.1443307399749756 0
1570353689898 1.433210015296936 0
1570353691309 1.4147100448608398 0
1570353692745 1.3803532123565674 0
1570353694191 1.3921074867248535 0
1570353695636 1.0668861865997314 0
1570353697118 1.2653765678405762 0
1570353698540 1.440489649772644 0
1570353699976 1.2229057550430298 0
1570353701458 1.1958969831466675 0
1570353702885 1.2113933563232422 0
1570353704332 1.3129198551177979 0
1570353705777 1.3834902048110962 0
1570353707263 1.4557222127914429 0
1570353708774 1.219744324684143 0
1570353710235 0.726118266582489 0
1570353711668 1.1492786407470703 0
1570353713021 1.1362196207046509 0
1570353714481 1.3236390352249146 0
1570353715922 0.9910914301872253 0
1570353717324 1.1426796913146973 0
1570353718681 0.9941884279251099 0
1570353720091 1.390333652496338 0
1570353721484 1.4349122047424316 0
1570353722882 1.4290343523025513 0
1570353724233 1.1450637578964233 0
1570353725663 1.2318686246871948 0
1570353726997 1.280319094657898 0
1570353728362 1.03355073928833 0
1570353729746 1.6502591371536255 0
1570353731323 1.1521906852722168 0
1570353732755 1.4039058685302734 0
1570353734188 1.7485599517822266 0
1570353735572 1.1506338119506836 0
1570353737002 1.3232229948043823 0
1570353738475 0.8505038619041443 0
1570353739951 1.2639167308807373 0
1570353741393 1.3518867492675781 0
1570353742866 1.17143714427948 0
1570353744311 1.2739691734313965 0
1570353745757 1.4538408517837524 0
1570353747219 1.2010091543197632 0
1570353748667 1.202275276184082 0
1570353750165 1.010159969329834 0
1570353751676 1.3308813571929932 0
1570353753198 1.1022536754608154 0
1570353754723 1.5304069519042969 0
1570353756249 0.9903241395950317 0
1570353757733 1.4334170818328857 0
1570353759101 1.1814947128295898 0
1570353760572 1.3665752410888672 0
1570353761959 0.9506592750549316 0
1570353763425 1.1442629098892212 0
1570353764923 1.4590553045272827 0
1570353766349 1.227698564529419 0
1570353767705 1.1039273738861084 0
1570353769042 1.2880167961120605 0
1570353770378 1.3381990194320679 0
1570353771773 1.061580777168274 0
1570353773143 1.1570895910263062 0
1570353774546 1.1010842323303223 0
1570353775997 1.1161733865737915 0
1570353777490 1.2688769102096558 0
1570353822945 1.1117726564407349 0
1570353824493 1.1911441087722778 0
1570353825992 1.673061728477478 0
1570353827577 1.5274770259857178 0
1570353828973 1.0127832889556885 0
1570353830373 0.9935678839683533 0
1570353831715 1.0355530977249146 0
1570353833111 1.0695582628250122 0
1570353834508 1.451249122619629 0
1570353835951 1.3789700269699097 0
1570353837352 1.2501435279846191 0
1570353838811 1.1439684629440308 0
1570353840285 1.1370986700057983 0
1570353841715 1.6055399179458618 0
1570353843099 1.5665556192398071 0
1570353844461 1.3637797832489014 0
1570353845811 1.1076844930648804 0
1570353847266 1.2886676788330078 0
1570353848624 1.1235462427139282 0
1570353850188 1.1434556245803833 0
1570353851728 1.1311293840408325 0
1570353853234 1.2719253301620483 0
1570353854724 1.7194092273712158 0
1570353856278 1.3779082298278809 0
1570353857737 1.2856699228286743 0
1570353859288 1.4406205415725708 0
1570353860786 1.3522543907165527 0
1570353862214 1.2901679277420044 0
1570353863668 1.264823079109192 0
1570353865132 1.156777262687683 0
1570353866618 1.1844598054885864 0
1570353868081 1.0245519876480103 0
1570353869569 0.98268723487854 0
1570353871122 1.2727375030517578 0
1570353872508 1.153324842453003 0
1570353874060 1.561774730682373 0
1570353875492 1.08383047580719 0
1570353876938 1.2019259929656982 0
1570353878324 0.9754241704940796 0
1570353879693 1.279529333114624 0
1570353881120 0.9641337394714355 0
1570353882583 1.1239606142044067 0
1570353883930 0.8628780841827393 0
1570353885279 1.2602405548095703 0
1570353886654 1.2053276300430298 0
1570353888061 1.077130913734436 0
1570353889485 1.0570008754730225 0
1570353891080 1.5614964962005615 0
1570353892641 0.7810853123664856 0
1570353894206 1.1488200426101685 0
1570353895736 1.067498803138733 0
1570353897251 1.4287564754486084 0
1570353898831 1.2691975831985474 0
1570353900309 0.8783265948295593 0
1570353901786 0.9064788818359375 0
1570353903282 0.9724655747413635 0
1570353904811 0.9141104817390442 0
1570353906261 1.067705512046814 0
1570353907656 1.2751669883728027 0
1570353909028 1.0187935829162598 0
1570353910510 1.402335524559021 0
1570353912054 1.1528706550598145 0
1570353913591 1.77610182762146 0
1570353915049 1.1486916542053223 0
1570353916597 1.3156015872955322 0
1570353918125 1.4071952104568481 0
1570353919518 1.1554909944534302 0
1570353921070 1.2556707859039307 0
1570353922638 1.4445714950561523 0
1570353924025 1.1392889022827148 0
1570353925401 1.3340022563934326 0
1570353926848 0.8103300333023071 0
1570353928266 0.9723191857337952 0
1570353929940 1.330936074256897 0
1570353931498 0.9521676301956177 0
1570353932976 1.0615345239639282 0
1570353934595 1.0005913972854614 0
1570353936068 0.8715882897377014 0
1570353937551 1.339945673942566 0
1570353938958 1.0116809606552124 0
1570353940346 1.3687458038330078 0
1570353941760 0.9100942611694336 0
1570353943138 1.102034330368042 0
1570353944594 1.0340399742126465 0
1570353945999 1.0395333766937256 0
1570353947383 1.0729954242706299 0
1570353948806 1.0787241458892822 0
1570353950266 1.1084667444229126 0
1570353951727 1.1738919019699097 0
1570353953175 1.3974835872650146 0
1570353954621 1.0138704776763916 0
1570353956063 1.2157689332962036 0
1570353957600 1.338265299797058 0
1570353959128 1.0101661682128906 0
1570353960587 1.2632026672363281 0
1570353962088 1.4084945917129517 0
1570353963649 1.056174397468567 0
1570353965039 1.029683232307434 0
1570353966447 1.11431086063385 0
1570353967859 0.9227156043052673 0
1570353969278 1.5940487384796143 0
1570353970754 1.074805498123169 0
1570353972194 1.1049879789352417 0
1570353973727 1.5787211656570435 0
1570353975258 1.1862835884094238 0
1570353976795 1.6534817218780518 0
1570353978197 1.3905880451202393 0
1570353979597 1.0838767290115356 0
1570353981077 0.9713938236236572 0
1570353982524 1.2517045736312866 0
1570353984077 1.024943470954895 0
1570353985609 0.9401230812072754 0
1570353987139 0.7662703394889832 0
1570353988621 1.2056742906570435 0
1570353990091 0.9201393127441406 0
1570353991611 1.0780301094055176 0
1570353993137 0.8530007004737854 0
1570353994664 1.212466835975647 0
1570353996089 1.3916809558868408 0
1570353997480 1.4053068161010742 0
1570353999022 1.1279181241989136 0
1570354000616 1.1159604787826538 0
1570354002097 1.2318483591079712 0
1570354003585 1.1473218202590942 0
1570354005102 1.1099236011505127 0
1570354006625 1.3291648626327515 0
1570354008161 1.1733543872833252 0
1570354009714 1.1530871391296387 0
1570354011138 1.3687011003494263 0
1570354012637 0.8903402090072632 0
1570354014133 1.28127121925354 0
1570354015633 1.0546643733978271 0
1570354017147 1.0575491189956665 0
1570354018520 1.2742085456848145 0
1570354020005 1.2475298643112183 0
1570354021381 1.1915481090545654 0
1570354022812 1.403166651725769 0
1570354024328 0.9504985213279724 0
1570354025740 1.1130174398422241 0
1570354027188 0.9237956404685974 0
1570354028789 1.0946602821350098 0
1570354030241 1.0025830268859863 0
1570354031636 1.1611496210098267 0
1570354033189 1.2347642183303833 0
1570354034757 1.1731716394424438 0
1570354036121 1.1054469347000122 0
1570354037533 1.1818692684173584 0
1570354038996 1.145336389541626 0
1570354040372 0.9502673745155334 0
1570354041781 0.9425274729728699 0
1570354043218 1.1351969242095947 0
1570354044678 1.0845279693603516 0
1570354046215 1.3223170042037964 0
1570354047801 0.9914711713790894 0
1570354049366 1.1573103666305542 0
1570354050942 1.0644543170928955 0
1570354052486 0.9520663022994995 0
1570354054069 0.9470597505569458 0
1570354055482 0.9446635842323303 0
1570354057039 0.9314649701118469 0
1570354058577 0.8338416218757629 0
1570354060153 1.2401171922683716 0
1570354061694 1.3043667078018188 0
1570354063218 1.2681604623794556 0
1570354064772 1.230873465538025 0
1570354066361 1.057446837425232 0
1570354067927 1.2673311233520508 0
1570354069495 1.206722378730774 0
1570354071118 0.9923580288887024 0
1570354072677 1.3184128999710083 0
1570354074229 1.09354829788208 0
1570354075841 1.2701987028121948 0
1570354077409 1.2739496231079102 0
1570354078901 1.3715306520462036 0
1570354080458 0.9678679704666138 0
1570354081997 0.9941487312316895 0
1570354083486 1.0011060237884521 0
1570354084892 1.017055630683899 0
1570354086451 1.4012447595596313 0
1570354087894 1.2010271549224854 0
1570354089349 1.1316933631896973 0
1570354090795 1.050054907798767 0
1570354092255 1.0926647186279297 0
1570354093752 0.9836622476577759 0
1570354095327 1.051824927330017 0
1570354096895 1.3887525796890259 0
1570354098453 1.1152427196502686 0
1570354100034 0.89688640832901 0
1570354101679 1.3425571918487549 0
1570354103266 1.1063565015792847 0
1570354104851 1.2992773056030273 0
1570354106459 1.707781195640564 0
1570354108094 1.0706130266189575 0
1570354109669 0.9331119060516357 0
1570354111241 1.183555245399475 0
1570354112841 1.4046486616134644 0
1570354114455 1.016738772392273 0
1570354115895 0.9270576238632202 0
1570354117458 1.2591298818588257 0
1570354119060 1.391364336013794 0
1570354120582 1.094264268875122 0
1570354122141 0.912487804889679 0
1570354123720 0.9037695527076721 0
1570354125176 1.0707077980041504 0
1570354126592 1.0721136331558228 0
1570354128124 0.9697197079658508 0
1570354129573 0.9407328367233276 0
1570354131028 1.1831562519073486 0
1570354132742 1.1374181509017944 0
1570354134413 1.1475054025650024 0
1570354136088 1.252202033996582 0
1570354137706 1.168031930923462 0
1570354139261 1.2321943044662476 0
1570354140860 1.0379077196121216 0
1570354142379 0.9610834121704102 0
1570354143894 1.2097523212432861 0
1570354145519 1.0163954496383667 0
1570354147141 1.027586817741394 0
1570354148845 1.0395214557647705 0
1570354150422 1.374250054359436 0
1570354151998 1.121450662612915 0
1570354153584 0.7634450197219849 0
1570354155174 0.7572328448295593 0
1570354156740 1.1528352499008179 0
1570354158417 1.2361775636672974 0
1570354160115 0.988587498664856 0
1570354161718 0.9520155787467957 0
1570354163414 1.0576441287994385 0
1570354164858 0.9416290521621704 0
1570354166345 1.2601261138916016 0
1570354167927 0.9564952254295349 0
1570354169444 1.329010009765625 0
1570354171058 0.7022674083709717 0
1570354172614 1.0239622592926025 0
1570354174191 0.9336497187614441 0
1570354175801 0.9419391751289368 0
1570354177299 1.093881368637085 0
1570354178737 1.0427688360214233 0
1570354180247 1.105510950088501 0
1570354181806 1.2776235342025757 0
1570354183309 1.036539077758789 0
1570354184873 0.8837820887565613 0
1570354186450 1.2601933479309082 0
1570354188145 0.914325475692749 0
1570354189805 1.2127224206924438 0
1570354191453 0.891132652759552 0
1570354192886 0.9548190236091614 0
1570354194354 1.0109992027282715 0
1570354195822 0.8201425075531006 0
1570354197270 1.0005768537521362 0
1570354198688 1.2201765775680542 0
1570354200306 1.3420436382293701 0
1570354201930 0.9957863092422485 0
1570354203360 1.0999778509140015 0
1570354204951 1.0770795345306396 0
1570354206576 0.8615766763687134 0
1570354208066 0.9778457880020142 0
1570354209587 0.8103896379470825 0
1570354211023 1.1331167221069336 0
1570354212517 1.0430710315704346 0
1570354214092 0.9044657349586487 0
1570354215536 1.0823229551315308 0
1570354217119 0.9359650611877441 0
1570354218729 1.3808263540267944 0
1570354220377 1.0956083536148071 0
1570354221977 1.0274875164031982 0
1570354223590 1.0509583950042725 0
1570354225145 0.9647057056427002 0
1570354226791 1.2089821100234985 0
1570354228422 1.0813959836959839 0
1570354229998 0.8449118733406067 0
1570354231606 0.9614559412002563 0
1570354233234 1.2136540412902832 0
1570354234871 0.9839228987693787 0
1570354236452 1.3978902101516724 0
1570354238112 0.98956298828125 0
1570354239768 1.0240564346313477 0
1570354241376 1.3218201398849487 0
1570354243033 1.4022918939590454 0
1570354244621 1.2329504489898682 0
1570354246254 1.0203570127487183 0
1570354247874 1.2545926570892334 0
1570354249483 1.033107876777649 0
1570354251096 1.2615141868591309 0
1570354252679 0.9230303764343262 0
1570354254267 1.0093295574188232 0
1570354255873 1.0112218856811523 0
1570354257508 1.1369905471801758 0
1570354259108 0.9924235939979553 0
1570354260742 0.9544726610183716 0
1570354262352 1.3640906810760498 0
1570354263983 0.9389870166778564 0
1570354265537 0.8636583089828491 0
1570354267092 1.0153071880340576 0
1570354268594 1.0743464231491089 0
1570354270101 0.9802131652832031 0
1570354271604 1.385207176208496 0
1570354273247 0.7570952773094177 0
1570354274677 1.1187357902526855 0
1570354276164 0.9132398366928101 0
1570354277800 1.4130803346633911 0
1570354279470 1.4118170738220215 0
1570354281039 1.2218595743179321 0
1570354282663 0.8477405309677124 0
1570354284305 1.10052490234375 0
1570354285879 1.065245270729065 0
1570354287463 0.9076824188232422 0
1570354289062 1.1304731369018555 0
1570354290659 0.7610748410224915 0
1570354292351 1.1263666152954102 0
1570354293938 0.9565451145172119 0
1570354295558 1.1131950616836548 0
1570354297225 1.0618810653686523 0
1570354298830 1.0685557126998901 0
1570354300421 1.2897108793258667 0
1570354302111 0.9008504748344421 0
1570354303819 0.9074372053146362 0
1570354305465 1.053953766822815 0
1570354307035 1.2236849069595337 0
1570354308635 1.0660531520843506 0
1570354310261 0.829596996307373 0
1570354311837 1.117379903793335 0
1570354313295 1.084452748298645 0
1570354314779 1.0109297037124634 0
1570354316267 1.1154282093048096 0
1570354317746 0.9868835806846619 0
1570354319199 1.0469229221343994 0
1570354320681 1.0182762145996094 0
1570354322184 1.0787702798843384 0
1570354323794 0.9070389270782471 0
1570354325467 1.1265422105789185 0
1570354327082 1.2623202800750732 0
1570354328711 1.3218165636062622 0
1570354330296 1.2880326509475708 0
1570354331806 1.1165319681167603 0
1570354333336 1.301958441734314 0
1570354334935 1.2277631759643555 0
1570354336396 1.0893285274505615 0
1570354337883 0.8567377328872681 0
1570354339406 1.0811583995819092 0
1570354340893 0.945918083190918 0
1570354342355 1.0965514183044434 0
1570354343845 0.9645552039146423 0
1570354345317 1.1219184398651123 0
1570354346781 0.9668506979942322 0
1570354348376 1.0543148517608643 0
1570354349988 0.906213641166687 0
1570354351630 1.1744751930236816 0
1570354353169 1.0308231115341187 0
1570354354834 1.254146933555603 0
1570354356458 1.001330018043518 0
1570354358199 0.918624222278595 0
1570354359861 0.8370850682258606 0
1570354361467 1.0088175535202026 0
1570354363045 1.0310230255126953 0
1570354364642 0.9512574076652527 0
1570354366220 1.0992792844772339 0
1570354367731 0.8293430805206299 0
1570354369192 1.0666199922561646 0
1570354370667 1.0384275913238525 0
1570354372235 1.3108144998550415 0
1570354373841 1.0938254594802856 0
1570354375454 1.1085301637649536 0
1570354377114 0.6968857645988464 0
1570354378775 1.1990926265716553 0
1570354380415 0.8982024788856506 0
1570354382072 0.8292255997657776 0
1570354383639 1.1490662097930908 0
1570354385243 0.9436758756637573 0
1570354386881 1.118512749671936 0
1570354388487 1.622931718826294 0
1570354390128 1.0577030181884766 0
1570354391778 0.7522788643836975 0
1570354393496 0.7868459224700928 0
1570354395058 0.9879728555679321 0
1570354396678 1.1379129886627197 0
1570354398303 1.1188403367996216 0
1570354399912 1.1059390306472778 0
1570354401516 0.8753240704536438 0
1570354403014 0.9434847235679626 0
1570354404553 1.0403118133544922 0
1570354406180 1.5297009944915771 0
1570354407782 0.8897846341133118 0
1570354409429 1.1304728984832764 0
1570354411058 0.9842410683631897 0
1570354412656 0.9762465357780457 0
1570354414244 0.9614220857620239 0
1570354415861 1.171852946281433 0
1570354417552 0.8169732093811035 0
1570354419187 0.7675740718841553 0
1570354420792 0.75249844789505 0
1570354422396 1.0411465167999268 0
1570354424033 0.9115058779716492 0
1570354425657 0.8954581618309021 0
1570354427278 0.8710196614265442 0
1570354428897 1.1431602239608765 0
1570354430615 1.224379539489746 0
1570354432224 0.9244451522827148 0
1570354433822 1.0658228397369385 0
1570354435476 1.104299545288086 0
1570354437076 1.1055748462677002 0
1570354438701 1.3662681579589844 0
1570354440367 1.1604490280151367 0
1570354442088 0.8246691226959229 0
1570354443764 0.8198188543319702 0
1570354445498 1.018330454826355 0
1570354447114 1.0327435731887817 0
1570354448738 1.1873546838760376 0
1570354450388 0.9702759981155396 0
1570354451967 1.0051977634429932 0
1570354453393 0.9841058254241943 0
1570354454904 0.9599247574806213 0
1570354456411 1.0578540563583374 0
1570354457978 1.0204055309295654 0
1570354459503 1.0329102277755737 0
1570354460963 1.0157808065414429 0
1570354462399 1.1022611856460571 0
1570354464024 1.136277675628662 0
1570354465654 1.327100396156311 0
1570354467194 0.6231623291969299 0
1570354468755 1.134680151939392 0
1570354470334 0.9496006965637207 0
1570354471932 0.8538194298744202 0
1570354473519 0.8843615651130676 0
1570354475152 1.0984331369400024 0
1570354476759 1.04491126537323 0
1570354478361 1.153737187385559 0
1570354479950 1.0872937440872192 0
1570354481588 1.0812857151031494 0
1570354483226 0.9082587957382202 0
1570354484806 0.9641609191894531 0
1570354486405 1.2116258144378662 0
1570354488075 1.2014877796173096 0
1570354489698 0.9514769911766052 0
1570354491275 1.0454224348068237 0
1570354492879 0.9970164895057678 0
1570354494551 1.0232137441635132 0
1570354496188 0.9186028242111206 0
1570354497798 1.096403956413269 0
1570354499387 0.9541382193565369 0
1570354501016 0.8410835266113281 0
1570354502590 0.8211760520935059 0
1570354504163 0.7851415276527405 0
1570354505766 1.001013994216919 0
1570354507469 1.1145122051239014 0
1570354508988 1.0247828960418701 0
1570354510516 1.2805343866348267 0
1570354512213 1.1093119382858276 0
1570354513936 0.8706398606300354 0
1570354515635 0.8925248384475708 0
1570354517279 1.030626654624939 0
1570354518912 0.7979523539543152 0
1570354520592 1.1557667255401611 0
1570354522216 1.209093451499939 0
1570354523845 0.9366100430488586 0
1570354525452 1.2851041555404663 0
1570354527090 1.071323275566101 0
1570354528735 1.1019504070281982 0
1570354530368 1.070666790008545 0
1570354532006 1.270771861076355 0
1570354533684 0.7236749529838562 0
1570354535371 1.3565384149551392 0
1570354537028 1.1111654043197632 0
1570354538684 1.0151259899139404 0
1570354540255 1.0420700311660767 0
1570354541811 0.608234703540802 0
1570354543351 0.974471390247345 0
1570354545024 0.9942466616630554 0
1570354546660 1.153257966041565 0
1570354548186 0.9526805877685547 0
1570354549724 0.9033451676368713 0
1570354551342 1.1407115459442139 0
1570354553021 0.897507905960083 0
1570354554673 1.0682752132415771 0
1570354556322 1.2057130336761475 0
1570354557918 1.062253475189209 0
1570354559632 1.0591325759887695 0
1570354561318 0.9870034456253052 0
1570354562965 0.9573360085487366 0
1570354564653 1.016252875328064 0
1570354566203 1.021828532218933 0
1570354567739 0.9515145421028137 0
1570354569346 0.945667564868927 0
1570354570997 0.8995988965034485 0
1570354572740 1.0421340465545654 0
1570354574446 1.0178165435791016 0
1570354576059 0.6667314171791077 0
1570354577604 1.1466124057769775 0
1570354579214 0.9008863568305969 0
1570354580755 1.3467130661010742 0
1570354582297 0.888882577419281 0
1570354583835 1.1947680711746216 0
1570354585377 0.8998011946678162 0
1570354586948 0.994010865688324 0
1570354588417 0.8297036290168762 0
1570354589886 0.9980912208557129 0
1570354591345 0.9462802410125732 0
1570354592831 1.2050731182098389 0
1570354594382 1.021528959274292 0
1570354595872 1.2217336893081665 0
1570354597550 0.9423835873603821 0
1570354599178 1.148573398590088 0
1570354600763 1.0453139543533325 0
1570354602353 0.8962855339050293 0
1570354603948 0.6733516454696655 0
1570354605615 0.8929606676101685 0
1570354607218 1.2860617637634277 0
1570354608862 0.8658369779586792 0
1570354610536 0.8351490497589111 0
1570354612168 1.0505598783493042 0
1570354613742 1.0992997884750366 0
1570354615398 1.4181091785430908 0
1570354616940 1.0072295665740967 0
1570354618498 0.8962258696556091 0
1570354620167 0.9560069441795349 0
1570354621779 0.967216432094574 0
1570354623437 0.8879265785217285 0
1570354625137 0.8956201672554016 0
1570354626713 1.1000535488128662 0
1570354628332 1.042943000793457 0
1570354629954 0.9519777297973633 0
1570354631559 1.0716043710708618 0
1570354633213 1.1488367319107056 0
1570354634830 1.061521053314209 0
1570354636436 0.8424360156059265 0
1570354638073 0.8550980687141418 0
1570354639734 0.8684835433959961 0
1570354641384 0.8774213194847107 0
1570354643033 1.1253550052642822 0
1570354644666 1.136659026145935 0
1570354646254 1.2391273975372314 0
1570354647889 0.9771326184272766 0
1570354649548 1.1797772645950317 0
1570354651245 1.0635666847229004 0
1570354652928 0.8247566223144531 0
1570354654695 1.3513836860656738 0
1570354656349 0.9704139232635498 0
1570354658009 0.8818482160568237 0
1570354659690 0.9273474216461182 0
1570354661351 1.1306265592575073 0
1570354662993 0.8663561344146729 0
1570354664613 1.0542126893997192 0
1570354666272 1.1023015975952148 0
1570354667871 0.8963655233383179 0
1570354669487 0.831993043422699 0
1570354671091 0.8257754445075989 0
1570354672672 0.8178159594535828 0
1570354674211 1.267684817314148 0
1570354675776 0.9539957642555237 0
1570354677386 0.9814375638961792 0
1570354679042 1.1710379123687744 0
1570354680705 0.8670061826705933 0
1570354682360 0.9010392427444458 0
1570354683980 1.0397143363952637 0
1570354685644 0.9788321256637573 0
1570354687319 0.874050498008728 0
1570354688979 0.9293043613433838 0
1570354690580 1.3389708995819092 0
1570354692260 1.0139988660812378 0
1570354693904 1.142370581626892 0
1570354695522 0.9682807326316833 0
1570354697137 1.1074960231781006 0
1570354698807 0.9584108591079712 0
1570354700475 0.8528255224227905 0
1570354702087 1.2052782773971558 0
1570354703635 0.7112761735916138 0
1570354705305 0.9134953618049622 0
1570354707003 0.9325146079063416 0
1570354708576 0.8185257911682129 0
1570354710153 1.099302887916565 0
1570354711748 1.159949779510498 0
1570354713254 1.066482663154602 0
1570354714907 1.0438425540924072 0
1570354716550 0.7904353737831116 0
1570354718201 0.9055625200271606 0
1570354719809 0.830389142036438 0
1570354721473 1.1857380867004395 0
1570354723172 0.7617088556289673 0
1570354724792 0.874719500541687 0
1570354726357 0.9839198589324951 0
1570354727960 0.9982811212539673 0
1570354729610 0.7250758409500122 0
1570354731253 1.1595239639282227 0
1570354732948 0.9306216239929199 0
1570354734587 0.9088508486747742 0
1570354736288 1.2060610055923462 0
1570354737987 0.9934066534042358 0
1570354739731 0.7891457676887512 0
1570354741425 0.5186002850532532 0
1570354743182 0.6829233169555664 0
1570354744916 1.0705221891403198 0
1570354746552 0.967992901802063 0
1570354748099 0.8540778756141663 0
1570354749672 0.9133185148239136 0
1570354751226 0.9402970671653748 0
1570354752871 0.8391545414924622 0
1570354754479 0.7857535481452942 0
1570354756040 1.015625 0
1570354757656 1.1179728507995605 0
1570354759169 0.8869532346725464 0
1570354760877 0.9266747832298279 0
1570354762599 0.9554012417793274 0
1570354764185 0.8649701476097107 0
1570354765924 1.0759025812149048 0
1570354767619 1.2232502698898315 0
1570354769342 0.8112481832504272 0
1570354771083 0.8754964470863342 0
1570354772891 0.8859260082244873 0
1570354774592 0.7656965255737305 0
1570354776304 0.7507224678993225 0
1570354778043 1.2166132926940918 0
1570354779870 1.0984398126602173 0
1570354781586 0.8894622921943665 0
1570354783363 1.0990688800811768 0
1570354785073 1.1216745376586914 0
1570354786808 1.0483142137527466 0
1570354788505 1.1533104181289673 0
1570354790299 1.1288567781448364 0
1570354792046 0.8673802614212036 0
1570354793750 0.9433261752128601 0
1570354795449 1.108778715133667 0
1570354797142 0.8160892724990845 0
1570354798904 1.152513027191162 0
1570354800672 0.9973279237747192 0
1570354802382 1.025550365447998 0
1570354804143 0.9032946825027466 0
1570354805902 0.9182012677192688 0
1570354807597 0.8597654700279236 0
1570354809285 1.1571179628372192 0
1570354810977 0.9750584959983826 0
1570354812676 0.9165779948234558 0
1570354814426 1.1104170083999634 0
1570354816152 1.1169555187225342 0
1570354817827 1.1483309268951416 0
1570354819450 1.186436653137207 0
1570354821080 0.7776007056236267 0
1570354822684 0.7733968496322632 0
1570354824257 0.6945093274116516 0
1570354825834 1.1307432651519775 0
1570354827397 1.1336781978607178 0
1570354829189 0.988430380821228 0
1570354830877 0.9308347702026367 0
1570354832605 1.0280821323394775 0
1570354834306 0.663833737373352 0
1570354835970 1.121815800666809 0
1570354837675 0.7886472940444946 0
1570354839418 1.007095456123352 0
1570354841092 1.0519887208938599 0
1570354842749 1.0204524993896484 0
1570354844428 0.7937279343605042 0
1570354846027 0.820022463798523 0
1570354847720 1.1488388776779175 0
1570354849317 0.964583158493042 0
1570354850929 0.978898823261261 0
1570354852571 1.1066092252731323 0
1570354854273 0.8081895709037781 0
1570354855894 0.9685261249542236 0
1570354857501 0.8799017071723938 0
1570354859218 1.0628987550735474 0
1570354860906 0.9065491557121277 0
1570354862597 1.1794408559799194 0
1570354864246 0.9537081122398376 0
1570354865923 1.058508276939392 0
1570354867653 1.0990519523620605 0
1570354869334 0.9192179441452026 0
1570354870995 1.2986716032028198 0
1570354872588 0.8690176606178284 0
1570354874290 0.8503395318984985 0
1570354875981 1.0349256992340088 0
1570354877653 1.017980694770813 0
1570354879340 0.8604065179824829 0
1570354881080 1.1921441555023193 0
1570354882778 0.8919394612312317 0
1570354884485 1.0225508213043213 0
1570354886196 0.8739466667175293 0
1570354887973 0.8593825697898865 0
1570354889673 1.1513456106185913 0
1570354891408 0.8462465405464172 0
1570354893103 0.9940606951713562 0
1570354894774 0.8056246638298035 0
1570354896447 1.0253970623016357 0
1570354898220 0.7450573444366455 0
1570354900003 0.8661764860153198 0
1570354901684 1.0247998237609863 0
1570354903321 0.6612119674682617 0
1570354905002 0.961732804775238 0
1570354906753 1.0668081045150757 0
1570354908442 0.8502729535102844 0
1570354910083 1.1196001768112183 0
1570354911673 1.057633876800537 0
1570354913387 0.9690380096435547 0
1570354915076 0.9871618747711182 0
1570354916823 0.7418280243873596 0
1570354918545 0.8076326251029968 0
1570354920289 0.97201007604599 0
1570354922123 1.0489704608917236 0
1570354923727 0.9492365717887878 0
1570354925307 0.946372389793396 0
1570354927006 1.105800986289978 0
1570354928743 0.7200011014938354 0
1570354930481 1.0824133157730103 0
1570354932203 1.1533102989196777 0
1570354933965 1.072024941444397 0
1570354935655 0.8870313763618469 0
1570354937383 0.9366578459739685 0
1570354939099 0.6899012327194214 0
1570354940859 0.9938051700592041 0
1570354942600 0.7621933817863464 0
1570354944232 1.0449609756469727 0
1570354945941 0.9528070688247681 0
1570354947652 1.2695374488830566 0
1570354949462 1.197404384613037 0
1570354951203 0.9695668816566467 0
1570354952847 1.1848827600479126 0
1570354954573 0.8908557295799255 0
1570354956366 1.1139287948608398 0
1570354958062 0.8626348376274109 0
1570354959660 1.092955231666565 0
1570354961275 0.81650310754776 0
1570354962994 0.8123635053634644 0
1570354964747 1.021615743637085 0
1570354966474 1.0064070224761963 0
1570354968187 0.9323410987854004 0
1570354969964 1.003147840499878 0
1570354971741 0.7396292090415955 0
1570354973341 1.108972430229187 0
1570354975092 1.0678691864013672 0
1570354976819 0.8000491261482239 0
1570354978541 0.9481788277626038 0
1570354980257 0.8164286613464355 0
1570354982018 1.381476640701294 0
1570354983772 1.237990140914917 0
1570354985499 0.8844746947288513 0
1570354987104 1.0560129880905151 0
1570354988697 0.9307007789611816 0
1570354990451 1.1148056983947754 0
1570354992191 0.8518569469451904 0
1570354993893 0.7343735694885254 0
1570354995643 0.9722394943237305 0
1570354997375 0.72879558801651 0
1570354999107 1.0635377168655396 0
1570355000824 0.7174747586250305 0
1570355002589 0.670245885848999 0
1570355004367 0.9506505727767944 0
1570355006111 1.4304630756378174 0
1570355007840 0.9641603827476501 0
1570355009584 0.8738259077072144 0
1570355011345 1.0695327520370483 0
1570355013035 1.1782066822052002 0
1570355014732 1.0017951726913452 0
1570355016414 0.7383158802986145 0
1570355018210 0.9129785895347595 0
1570355019965 0.868594229221344 0
1570355021580 0.7789099812507629 0
1570355023245 0.9835798144340515 0
1570355024881 0.9860934019088745 0
1570355026580 1.075107455253601 0
1570355028324 1.1418437957763672 0
1570355030105 1.0341157913208008 0
1570355031896 1.0812402963638306 0
1570355033649 1.0729953050613403 0
1570355035363 1.0462799072265625 0
1570355037076 1.2216516733169556 0
1570355038840 1.0051435232162476 0
1570355040559 0.8584423661231995 0
1570355042268 0.7997986674308777 0
1570355044025 1.172682523727417 0
1570355045732 1.178748607635498 0
1570355047391 1.0698045492172241 0
1570355049071 1.1161003112792969 0
1570355050911 1.0368403196334839 0
1570355052714 0.9444540143013 0
1570355054461 0.877251148223877 0
1570355056167 0.9185775518417358 0
1570355057915 1.1024569272994995 0
1570355059678 0.9687680602073669 0
1570355061479 0.8534451127052307 0
1570355063237 1.2986118793487549 0
1570355064964 0.8160921335220337 0
1570355066770 1.2028310298919678 0
1570355068625 0.9128173589706421 0
1570355070336 0.9857900142669678 0
1570355072070 1.0643876791000366 0
1570355073823 0.7850836515426636 0
1570355075650 0.8240628242492676 0
1570355077342 0.8821821808815002 0
1570355078982 0.9264658093452454 0
1570355080792 0.8474653363227844 0
1570355082521 0.9759294986724854 0
1570355084193 1.1708648204803467 0
1570355085953 0.7013599872589111 0
1570355087712 0.9804449677467346 0
1570355089513 1.0929313898086548 0
1570355091272 0.9484279155731201 0
1570355092989 0.7400029301643372 0
1570355094642 1.0004452466964722 0
1570355096409 0.9473844766616821 0
1570355098174 1.105940580368042 0
1570355099933 1.003971815109253 0
1570355101727 0.7373237609863281 0
1570355103480 0.961136519908905 0
1570355105203 1.4579201936721802 0
1570355106944 0.938571035861969 0
1570355108696 1.0047459602355957 0
1570355110421 1.1360881328582764 0
1570355112153 1.1670793294906616 0
1570355113750 0.8035654425621033 0
1570355115454 0.762764573097229 0
1570355117277 1.1092203855514526 0
1570355119055 0.8066927790641785 0
1570355120851 1.130460500717163 0
1570355122643 0.8651033043861389 0
1570355124402 0.9058017134666443 0
1570355126147 0.8840468525886536 0
1570355127990 0.884634792804718 0
1570355129725 0.8951112627983093 0
1570355131542 1.154292106628418 0
1570355133284 0.7721705436706543 0
1570355135037 1.0112589597702026 0
1570355136832 0.8860965967178345 0
1570355138586 0.9125494360923767 0
1570355140295 0.9007390737533569 0
1570355142053 0.8831812739372253 0
1570355143820 0.9630702137947083 0
1570355145540 1.5992896556854248 0
1570355147248 0.676058292388916 0
1570355149028 0.8990868330001831 0
1570355150789 1.0468647480010986 0
1570355152539 0.8572776913642883 0
1570355154265 1.0068531036376953 0
1570355156055 0.7607403993606567 0
1570355157850 1.0548158884048462 0
1570355159516 1.3138675689697266 0
1570355161299 0.6174803972244263 0
1570355162996 1.0128636360168457 0
1570355164787 0.9881772398948669 0
1570355166521 1.2733838558197021 0
1570355168269 1.0635679960250854 0
1570355170040 0.9024533629417419 0
1570355171847 1.0565094947814941 0
1570355173600 0.8902791142463684 0
1570355175319 1.148447871208191 0
1570355177114 1.034163236618042 0
1570355178895 0.8878211975097656 0
1570355180714 0.8625174164772034 0
1570355182466 1.0166633129119873 0
1570355184262 0.7259972095489502 0
1570355186037 0.7569829821586609 0
1570355187806 0.9175065159797668 0
1570355189557 0.9558725357055664 0
1570355191329 0.7663211822509766 0
1570355193109 1.0210763216018677 0
1570355194844 0.9195786118507385 0
1570355196604 0.8865628838539124 0
1570355198410 0.7580867409706116 0
1570355200205 0.8098505139350891 0
1570355202003 0.5871046781539917 0
1570355203693 1.2634625434875488 0
1570355205350 1.0876035690307617 0
1570355207156 0.8831866979598999 0
1570355208960 0.7169605493545532 0
1570355210706 1.2166016101837158 0
1570355212441 1.0899665355682373 0
1570355214303 0.8897108435630798 0
1570355216133 0.8195374608039856 0
1570355217894 0.9725107550621033 0
1570355219675 1.03780198097229 0
1570355221418 0.911650538444519 0
1570355223149 1.148610234260559 0
1570355224895 0.9717333316802979 0
1570355226589 0.8612455725669861 0
1570355228382 0.9167678356170654 0
1570355230060 0.9927626848220825 0
1570355231775 0.7550866007804871 0
1570355233529 0.8322345018386841 0
1570355235438 0.975725531578064 0
1570355237271 0.7620218396186829 0
1570355239024 1.266981840133667 0
1570355240815 1.2258230447769165 0
1570355242618 1.1676173210144043 0
1570355244392 0.8289953470230103 0
1570355246201 0.9755731225013733 0
1570355248003 0.8203940987586975 0
1570355249814 1.144765853881836 0
1570355251627 0.7068721055984497 0
1570355253380 0.8408004641532898 0
1570355255167 0.6807214021682739 0
1570355257043 1.092698574066162 0
1570355258864 0.95453280210495 0
1570355260566 1.3184577226638794 0
1570355262323 0.7456904649734497 0
1570355264200 1.0265361070632935 0
1570355265965 1.096573829650879 0
1570355267732 0.8072160482406616 0
1570355269517 0.9226564764976501 0
1570355271265 0.9923855066299438 0
1570355272945 1.021742582321167 0
1570355274672 0.7874964475631714 0
1570355276465 1.0030821561813354 0
1570355278251 1.1462063789367676 0
1570355280053 0.9460572600364685 0
1570355281869 0.792797863483429 0
1570355283714 0.844251811504364 0
1570355285575 0.7687657475471497 0
1570355287381 0.8731222152709961 0
1570355289168 1.079488754272461 0
1570355290980 1.0750592947006226 0
1570355292768 1.001170039176941 0
1570355294604 1.2171173095703125 0
1570355296432 0.8180462121963501 0
1570355298259 1.1861333847045898 0
1570355299947 0.9242533445358276 0
1570355301732 0.830787718296051 0
1570355303431 0.8061982989311218 0
1570355305237 1.0363268852233887 0
1570355307030 1.2670801877975464 0
1570355308708 0.9498494267463684 0
1570355310401 0.7573303580284119 0
1570355312099 1.281935214996338 0
1570355313996 0.6834396719932556 0
1570355315819 1.1613703966140747 0
1570355317586 0.82028728723526 0
1570355319354 1.0316606760025024 0
1570355321045 0.9356287717819214 0
1570355322752 0.7358607649803162 0
1570355324469 0.7307528853416443 0
1570355326185 0.8469053506851196 0
1570355327906 1.1007169485092163 0
1570355329654 0.8707625865936279 0
1570355331457 0.8545226454734802 0
1570355333224 1.1483176946640015 0
1570355335014 0.7662389278411865 0
1570355336824 1.1601250171661377 0
1570355338610 1.0826480388641357 0
1570355340395 0.926487922668457 0
1570355342175 1.1382436752319336 0
1570355344015 0.606810986995697 0
1570355345785 1.164648413658142 0
1570355347551 0.887744128704071 0
1570355349373 0.7092110514640808 0
1570355351207 0.7707961201667786 0
1570355353003 0.8339094519615173 0
1570355354780 0.6908825039863586 0
1570355356617 0.8059466481208801 0
1570355358470 0.8294228315353394 0
1570355360158 0.9203640818595886 0
1570355361991 0.8854108452796936 0
1570355363732 0.7051295638084412 0
1570355365518 1.0847641229629517 0
1570355367343 0.8240386247634888 0
1570355369104 1.1752660274505615 0
1570355370935 1.3220018148422241 0
1570355372733 0.870944619178772 0
1570355374506 0.9434541463851929 0
1570355376289 0.9280359745025635 0
1570355378146 0.9236729741096497 0
1570355379989 0.919305145740509 0
1570355381799 0.8674293756484985 0
1570355383555 1.7290114164352417 0
1570355385395 1.007116436958313 0
1570355387205 0.9179703593254089 0
1570355388974 0.6537270545959473 0
1570355390772 0.8759791851043701 0
1570355392623 0.765141487121582 0
1570355394392 0.7987259030342102 0
1570355396194 0.8524923324584961 0
1570355397947 0.8718720078468323 0
1570355399784 0.6443917155265808 0
1570355401612 0.7105597257614136 0
1570355403404 0.9943253397941589 0
1570355405213 0.9616454243659973 0
1570355407010 1.0553655624389648 0
1570355408826 0.834811806678772 0
1570355410614 0.7656236886978149 0
1570355412378 1.0291097164154053 0
1570355414156 1.0087172985076904 0
1570355415986 1.0172042846679688 0
1570355417844 0.8674386143684387 0
1570355419659 1.0612784624099731 0
1570355421467 0.854702353477478 0
1570355423268 0.9083156585693359 0
1570355425037 0.956886887550354 0
1570355426852 0.8697512149810791 0
1570355428642 0.8432900309562683 0
1570355430423 1.0955976247787476 0
1570355432213 0.7928443551063538 0
1570355434079 0.9439417719841003 0
1570355435842 0.9263288378715515 0
1570355437660 0.8313882946968079 0
1570355439450 1.0335988998413086 0
1570355441291 0.8921971321105957 0
1570355443158 0.9443230032920837 0
1570355444926 1.1164473295211792 0
1570355446713 0.8832950592041016 0
1570355448506 0.9822649955749512 0
1570355450308 0.8336274027824402 0
1570355452002 0.897362470626831 0
1570355453834 0.7886663675308228 0
1570355455604 0.7369078397750854 0
1570355457449 0.6674589514732361 0
1570355459299 1.1287111043930054 0
1570355461117 1.034153699874878 0
1570355462966 0.8265436887741089 0
1570355464779 0.9173861145973206 0
1570355466608 0.6690606474876404 0
1570355468429 0.8528571128845215 0
1570355470278 0.7022756338119507 0
1570355472131 0.7426488995552063 0
1570355473935 0.9403577446937561 0
1570355475731 1.1068108081817627 0
1570355477567 1.0970796346664429 0
1570355479400 0.7877040505409241 0
1570355481096 0.8518710136413574 0
1570355482748 0.8341754674911499 0
1570355484626 1.147386908531189 0
1570355486402 1.1400905847549438 0
1570355488218 0.8288426995277405 0
1570355490035 1.2072235345840454 0
1570355491760 0.8623315691947937 0
1570355493494 0.9333826899528503 0
1570355495275 1.0609339475631714 0
1570355497063 0.8734069466590881 0
1570355498791 0.6539390683174133 0
1570355500552 0.9615565538406372 0
1570355502323 0.8872759342193604 0
1570355504098 1.0530847311019897 0
1570355505964 0.7080097198486328 0
1570355507837 1.0575114488601685 0
1570355509546 0.7361675500869751 0
1570355511397 0.7633482217788696 0
1570355513300 0.8465580344200134 0
1570355515127 0.8290647268295288 0
1570355517048 1.0730570554733276 0
1570355518899 1.1704590320587158 0
1570355520761 0.9115924835205078 0
1570355522628 0.967997670173645 0
1570355524473 1.2515127658843994 0
1570355526283 0.9682958722114563 0
1570355528134 0.7606748938560486 0
1570355530009 0.9363932609558105 0
1570355531890 0.8626276850700378 0
1570355533709 0.9572135806083679 0
1570355535537 0.8455345630645752 0
1570355537438 0.657824695110321 0
1570355539315 0.906169593334198 0
1570355541103 0.6997542381286621 0
1570355542816 0.7756001949310303 0
1570355544691 0.8572179079055786 0
1570355546534 0.6379907727241516 0
1570355548403 0.9655526876449585 0
1570355550210 1.0495694875717163 0
1570355551986 0.9119760990142822 0
1570355553846 0.7260347008705139 0
1570355555682 0.9280757308006287 0
1570355557535 0.8599985241889954 0
1570355559337 0.8344665765762329 0
1570355561194 1.2133705615997314 0
1570355563079 0.8516567349433899 0
1570355564958 0.9698021411895752 0
1570355566828 0.7157617807388306 0
1570355568646 1.2025799751281738 0
1570355570477 0.60270756483078 0
1570355572387 1.2066059112548828 0
1570355574294 0.8935984969139099 0
1570355576128 0.83099764585495 0
1570355577955 0.9972316026687622 0
1570355579813 0.9338705539703369 0
1570355581651 0.7995794415473938 0
1570355583502 0.9372857809066772 0
1570355585310 0.9170037508010864 0
1570355587179 0.6752873659133911 0
1570355589049 0.9001864194869995 0
1570355590908 0.8634095191955566 0
1570355592763 0.89696204662323 0
1570355594624 1.1899833679199219 0
1570355596525 0.7695971727371216 0
1570355598398 0.689458966255188 0
1570355600234 0.9865245223045349 0
1570355602120 0.7828985452651978 0
1570355603937 1.2116483449935913 0
1570355605797 1.1694327592849731 0
1570355607644 0.8288182020187378 0
1570355609467 0.8497114181518555 0
1570355611332 0.9641150236129761 0
1570355613211 0.7644249200820923 0
1570355615020 0.6349051594734192 0
1570355616856 0.7262656688690186 0
1570355618723 0.7847909331321716 0
1570355620660 1.0931978225708008 0
1570355622567 0.8279415965080261 0
1570355624377 0.9739368557929993 0
1570355626223 0.6465603709220886 0
1570355628052 0.9295825958251953 0
1570355629860 0.9037050008773804 0
1570355631725 0.8584634065628052 0
1570355633592 0.6642666459083557 0
1570355635406 1.2655068635940552 0
1570355637304 0.8442757725715637 0
1570355639201 0.5835282206535339 0
1570355641035 1.0549722909927368 0
1570355642938 0.7668220400810242 0
1570355644804 0.9003503918647766 0
1570355646629 0.7779633402824402 0
1570355648403 1.4441378116607666 0
1570355650263 1.2652236223220825 0
1570355651957 0.884472131729126 0
1570355653792 0.8576899170875549 0
1570355655641 0.9652649760246277 0
1570355657510 1.2721930742263794 0
1570355659380 0.7548263669013977 0
1570355661314 0.7331982254981995 0
1570355663195 0.8292019963264465 0
1570355664978 0.9787554740905762 0
1570355666837 0.9226175546646118 0
1570355668687 1.0560182332992554 0
1570355670547 0.9047033786773682 0
1570355672381 1.2521202564239502 0
1570355674194 0.9284229874610901 0
1570355675964 0.9577702283859253 0
1570355677879 0.8189851641654968 0
1570355679831 1.1189204454421997 0
1570355681693 0.9809521436691284 0
1570355683529 1.1109178066253662 0
1570355685375 0.8681303262710571 0
1570355687218 0.871575117111206 0
1570355689025 1.0606591701507568 0
1570355690848 1.0648161172866821 0
1570355692686 0.6265961527824402 0
1570355694449 0.8435941934585571 0
1570355696229 0.7896465063095093 0
1570355697967 0.9863964319229126 0
1570355699753 0.6706530451774597 0
1570355701687 0.8786147236824036 0
1570355703463 1.0320792198181152 0
1570355705214 0.7363630533218384 0
1570355707111 0.9416372776031494 0
1570355709032 1.024963617324829 0
1570355710893 0.7903810739517212 0
1570355712770 0.8563355207443237 0
1570355714508 1.038779616355896 0
1570355716362 0.8043740391731262 0
1570355718180 0.8307098150253296 0
1570355720012 1.0506312847137451 0
1570355721890 0.6777442097663879 0
1570355723710 0.8135307431221008 0
1570355725563 0.8816155195236206 0
1570355727361 0.6039592027664185 0
1570355729363 1.0636258125305176 0
1570355731204 1.124780535697937 0
1570355732973 1.0240222215652466 0
1570355734770 0.8098312020301819 0
1570355736532 0.877041220664978 0
1570355738382 0.9284216165542603 0
1570355740219 1.273308277130127 0
1570355742021 0.7949680685997009 0
1570355743895 0.8385639190673828 0
1570355745769 0.9950774908065796 0
1570355747618 0.8890925049781799 0
1570355749409 1.0605616569519043 0
1570355751202 0.8340266942977905 0
1570355753160 0.9885573983192444 0
1570355755025 0.6855976581573486 0
1570355756892 0.9646314978599548 0
1570355758743 0.8309148550033569 0
1570355760606 1.0527336597442627 0
1570355762522 1.0026661157608032 0
1570355764369 0.9007813334465027 0
1570355766245 0.9835834503173828 0
1570355768101 0.7276617288589478 0
1570355769993 0.9406229257583618 0
1570355771876 0.6731003522872925 0
1570355773777 0.7237653732299805 0
1570355775523 1.1199734210968018 0
1570355777249 0.9157257676124573 0
1570355779072 1.0299978256225586 0
1570355780894 0.7854092717170715 0
1570355782733 0.9693120121955872 0
1570355784571 1.2046983242034912 0
1570355786251 0.981968104839325 0
1570355787950 0.982714056968689 0
1570355789649 1.1229816675186157 0
1570355791457 0.695749044418335 0
1570355793281 0.899652898311615 0
1570355795142 0.6223713159561157 0
1570355797004 0.8592029213905334 0
1570355798880 0.7413081526756287 0
1570355800729 0.7080577611923218 0
1570355802637 0.7026948928833008 0
1570355804504 1.096014380455017 0
1570355806341 0.8646823167800903 0
1570355808112 0.8093425035476685 0
1570355809947 0.7706778645515442 0
1570355811914 0.6758901476860046 0
1570355813802 0.9254282116889954 0
1570355815687 0.7162143588066101 0
1570355817572 0.8686912655830383 0
1570355819450 0.8213061690330505 0
1570355821292 0.8725690841674805 0
1570355823144 0.6038307547569275 0
1570355825001 0.8108228445053101 0
1570355826950 0.9283544421195984 0
1570355828776 0.6943684816360474 0
1570355830630 0.8018505573272705 0
1570355832465 0.7874502539634705 0
1570355834294 0.6743872761726379 0
1570355836179 1.0030124187469482 0
1570355838025 1.0212701559066772 0
1570355839937 1.1708091497421265 0
1570355841823 0.844368040561676 0
1570355843715 1.2162567377090454 0
1570355845582 1.1119742393493652 0
1570355847483 0.8527100086212158 0
1570355849396 0.7772446274757385 0
1570355851297 0.9847347140312195 0
1570355853138 1.1661708354949951 0
1570355855008 0.8651124238967896 0
1570355856996 0.9579240679740906 0
1570355858825 0.948543131351471 0
1570355860683 0.9398504495620728 0
1570355862576 0.7166464924812317 0
1570355864430 0.7779440879821777 0
1570355866277 0.6862605810165405 0
1570355868146 0.8695117831230164 0
1570355869945 0.7312691807746887 0
1570355871794 0.9096922278404236 0
1570355873700 0.7121214866638184 0
1570355875545 0.9975306391716003 0
1570355877395 0.8037400245666504 0
1570355879251 1.1057642698287964 0
1570355881099 0.7659732103347778 0
1570355882961 0.7842485904693604 0
1570355884826 0.8495518565177917 0
1570355886693 0.7823156118392944 0
1570355888542 1.1543710231781006 0
1570355890406 0.8562619090080261 0
1570355892200 0.8234657645225525 0
1570355894096 0.8781245350837708 0
1570355895903 0.8278619647026062 0
1570355897706 0.6344744563102722 0
1570355899597 0.976375937461853 0
1570355901497 0.9200728535652161 0
1570355903423 0.8492287397384644 0
1570355905278 0.9531241655349731 0
1570355907255 0.887812077999115 0
1570355909170 0.9091182351112366 0
1570355911030 1.1305326223373413 0
1570355912909 0.9954615831375122 0
1570355914805 0.6915673613548279 0
1570355916525 1.0790379047393799 0
1570355918403 0.7051575779914856 0
1570355920287 0.7316659688949585 0
1570355922043 0.739312469959259 0
1570355923883 1.0905157327651978 0
1570355925749 0.8951502442359924 0
1570355927591 0.9125925302505493 0
1570355929426 0.7647547721862793 0
1570355931273 1.4247615337371826 0
1570355933139 1.0650914907455444 0
1570355935025 1.0182552337646484 0
1570355936897 1.0650330781936646 0
1570355938729 0.7643484473228455 0
1570355940578 0.8771499395370483 0
1570355942432 1.0382349491119385 0
1570355944260 0.8527581691741943 0
1570355946116 0.934063196182251 0
1570355948010 0.8891306519508362 0
1570355949887 0.6405802369117737 0
1570355951861 0.90854811668396 0
1570355953828 0.6615188717842102 0
1570355955682 0.6634251475334167 0
1570355957597 0.6970849633216858 0
1570355959533 0.841901421546936 0
1570355961506 0.8169205784797668 0
1570355963395 0.8856272101402283 0
1570355965293 0.7941029667854309 0
1570355967265 0.7032116651535034 0
1570355969224 1.0838350057601929 0
1570355971182 0.7961730360984802 0
1570355973140 1.0496025085449219 0
1570355975116 0.8558104038238525 0
1570355977024 0.9342589378356934 0
1570355978966 0.6615701913833618 0
1570355980877 0.7899757623672485 0
1570355982824 0.9207813739776611 0
1570355984679 0.9373742341995239 0
1570355986595 0.7411444187164307 0
1570355988503 0.7986897826194763 0
1570355990425 1.1269316673278809 0
1570355992342 0.8315241932868958 0
1570355994227 0.9861419796943665 0
1570355996113 1.0019112825393677 0
1570355998036 0.8363319635391235 0
1570355999963 0.7591505646705627 0
1570356001889 0.856989860534668 0
1570356003782 1.0410619974136353 0
1570356005732 1.0731226205825806 0
1570356007656 0.721157968044281 0
1570356009566 1.0591113567352295 0
1570356011470 1.0637365579605103 0
1570356013417 0.9667737483978271 0
1570356015352 0.7442265748977661 0
1570356017269 0.7583686113357544 0
1570356019151 0.92295241355896 0
1570356021141 1.0027786493301392 0
1570356023096 0.8911094665527344 0
1570356025020 0.9261360764503479 0
1570356026921 0.9285086989402771 0
1570356028861 0.7416290640830994 0
1570356030832 1.0639442205429077 0
1570356032739 0.724745512008667 0
1570356034633 0.8752415776252747 0
1570356036577 0.8730264902114868 0
1570356038513 1.1274988651275635 0
1570356040442 0.8716930150985718 0
1570356042323 1.116601586341858 0
1570356044156 0.7772258520126343 0
1570356046051 0.858197033405304 0
1570356048013 0.8620923757553101 0
1570356049930 0.6692642569541931 0
1570356051900 0.6158953905105591 0
1570356053874 0.8234562873840332 0
1570356055800 0.8626576066017151 0
1570356057726 0.9997429847717285 0
1570356059695 0.8585763573646545 0
1570356061646 0.6531074643135071 0
1570356063574 0.7252750992774963 0
1570356065521 0.7644732594490051 0
1570356067470 1.198861002922058 0
1570356069358 0.8981257081031799 0
1570356071228 0.8312239050865173 0
1570356073117 0.8670065999031067 0
1570356074991 0.9492669701576233 0
1570356076871 0.787773847579956 0
1570356078857 0.8006733655929565 0
1570356080794 0.9097265601158142 0
1570356082574 0.4177345335483551 0
1570356084467 0.9464462995529175 0
1570356086437 0.9611935615539551 0
1570356088377 0.8267574906349182 0
1570356090334 1.5363144874572754 0
1570356092277 0.868225634098053 0
1570356094172 1.018865942955017 0
1570356096077 0.8145112991333008 0
1570356098007 0.9670515060424805 0
1570356100026 0.85506272315979 0
1570356101951 0.990678608417511 0
1570356103873 0.9249294996261597 0
1570356105804 0.8079580068588257 0
1570356107810 1.0796804428100586 0
1570356109766 0.8130959272384644 0
1570356111710 0.7076348662376404 0
1570356113633 0.899254560470581 0
1570356115531 0.8617424368858337 0
1570356117335 0.7720780968666077 0
1570356119243 0.7528653740882874 0
1570356121148 0.8024296760559082 0
1570356123003 0.6761425137519836 0
1570356124835 1.0519200563430786 0
1570356126684 0.8319194912910461 0
1570356128570 0.8186495304107666 0
1570356130628 0.9020500779151917 0
1570356132595 0.8946677446365356 0
1570356134534 0.7339673042297363 0
1570356136470 0.540055513381958 0
1570356138406 1.2818598747253418 0
1570356140378 0.6230756044387817 0
1570356142284 0.8640930652618408 0
1570356144188 0.9958209991455078 0
1570356146142 0.6061992049217224 0
1570356148053 0.8505125045776367 0
1570356149985 0.727416455745697 0
1570356151924 0.9869159460067749 0
1570356153930 1.1853517293930054 0
1570356155860 0.8646194934844971 0
1570356157788 0.8833532929420471 0
1570356159844 0.6894583106040955 0
1570356161815 0.8903450965881348 0
1570356163787 0.8066571354866028 0
1570356165790 0.9826018214225769 0
1570356167710 0.7433860301971436 0
1570356169683 0.7054424285888672 0
1570356171657 1.001792073249817 0
1570356173602 0.7851727604866028 0
1570356175548 0.955923855304718 0
1570356177481 0.9301838874816895 0
1570356179465 0.9302846789360046 0
1570356181421 0.9641191959381104 0
1570356183408 1.0643285512924194 0
1570356185334 0.8341231942176819 0
1570356187203 0.7555415034294128 0
1570356189115 1.2239116430282593 0
1570356191111 0.9103725552558899 0
1570356193091 1.1134132146835327 0
1570356195012 0.9185556173324585 0
1570356197043 0.7907002568244934 0
1570356199009 0.9386310577392578 0
1570356200964 0.88465416431427 0
1570356202918 0.8958328366279602 0
1570356204855 0.698534369468689 0
1570356206830 0.6440619230270386 0
1570356208717 0.7317811846733093 0
1570356210727 0.8854060173034668 0
1570356212645 1.0542577505111694 0
1570356214619 0.9876661896705627 0
1570356216670 0.7500733733177185 0
1570356218774 0.8330838680267334 0
1570356220685 1.0151396989822388 0
1570356222690 0.8333225250244141 0
1570356224647 0.9649343490600586 0
1570356226600 0.8385501503944397 0
1570356228522 0.7551935315132141 0
1570356230511 1.1263689994812012 0
1570356232447 0.8263511061668396 0
1570356234449 0.7931207418441772 0
1570356236410 0.8456945419311523 0
1570356238367 0.8963848352432251 0
1570356240324 0.9294524788856506 0
1570356242273 0.6330960392951965 0
1570356244291 0.8940780758857727 0
1570356246315 0.6903508305549622 0
1570356248340 0.9685810208320618 0
1570356250295 0.8570851683616638 0
1570356252101 0.5995005965232849 0
1570356254025 0.8531598448753357 0
1570356255944 0.8649765849113464 0
1570356257906 0.8556151986122131 0
1570356259876 1.041885495185852 0
1570356261876 1.026443600654602 0
1570356263840 0.7190074920654297 0
1570356265771 1.1168330907821655 0
1570356267769 0.9227839708328247 0
1570356269785 1.0305613279342651 0
1570356271808 0.9088810086250305 0
1570356273754 0.9168443083763123 0
1570356275682 0.8204854130744934 0
1570356277701 1.2328264713287354 0
1570356279767 1.1944661140441895 0
1570356281739 1.2438441514968872 0
1570356283695 0.8746166229248047 0
1570356285708 0.7513624429702759 0
1570356287703 1.0203886032104492 0
1570356289650 0.6381697058677673 0
1570356291598 1.0388274192810059 0
1570356293642 0.8713973760604858 0
1570356295638 0.9816818833351135 0
1570356297617 0.9583819508552551 0
1570356299504 0.798759400844574 0
1570356301370 0.9649337530136108 0
1570356303311 0.7125686407089233 0
1570356305239 1.05584716796875 0
1570356307161 0.8024019002914429 0
1570356309087 0.5521668195724487 0
1570356311014 0.9656375646591187 0
1570356313080 1.1378650665283203 0
1570356315046 1.0240769386291504 0
1570356317044 0.8939368724822998 0
1570356319012 0.7737060189247131 0
1570356321032 0.7146453857421875 0
1570356322995 0.7279871106147766 0
1570356324963 0.9197805523872375 0
1570356326923 0.8068788647651672 0
1570356328795 0.6897127032279968 0
1570356330697 0.6504439115524292 0
1570356332602 0.9747281074523926 0
1570356334574 0.7779511213302612 0
1570356336506 0.7567371129989624 0
1570356338460 0.9409550428390503 0
1570356340431 1.1735587120056152 0
1570356342453 1.2027709484100342 0
1570356344368 0.7216686606407166 0
1570356346257 0.956300675868988 0
1570356348256 0.8885793685913086 0
1570356350229 1.0754201412200928 0
1570356352240 0.7313651442527771 0
1570356354226 0.748695433139801 0
1570356356173 0.8867509961128235 0
1570356358137 0.9001806974411011 0
1570356360015 0.7482128739356995 0
1570356361952 0.8611428141593933 0
1570356363897 0.7994486689567566 0
1570356365802 1.0025490522384644 0
1570356367711 0.9133488535881042 0
1570356369623 0.837651789188385 0
1570356371609 1.09367835521698 0
1570356373522 0.8601687550544739 0
1570356375456 0.8043078780174255 0
1570356377384 0.6987141966819763 0
1570356379338 0.9196968674659729 0
1570356381279 0.8966096639633179 0
1570356383301 0.9392427802085876 0
1570356385237 0.8907619118690491 0
1570356387219 0.89691561460495 0
1570356389201 0.818492591381073 0
1570356391118 0.8161616325378418 0
1570356393073 0.9599790573120117 0
1570356395027 0.7903344631195068 0
1570356397001 0.9941330552101135 0
1570356399029 0.9439057111740112 0
1570356400923 0.7204914689064026 0
1570356402904 0.772936999797821 0
1570356404858 1.032198429107666 0
1570356406782 0.8827973008155823 0
1570356408702 0.7094326019287109 0
1570356410820 0.9684315919876099 0
1570356412727 0.9178396463394165 0
1570356414720 0.6039916276931763 0
1570356416715 0.9792569875717163 0
1570356418794 0.7959741950035095 0
1570356420782 0.7461618781089783 0
1570356422750 0.669501781463623 0
1570356424801 0.7315614223480225 0
1570356426767 0.6308640241622925 0
1570356428664 1.0772576332092285 0
1570356430457 0.9758231043815613 0
1570356432455 0.9855638146400452 0
1570356434474 0.6674162149429321 0
1570356436407 0.8589419722557068 0
1570356438250 0.6918932795524597 0
1570356440114 0.831015408039093 0
1570356442068 0.918277382850647 0
1570356443886 0.7328272461891174 0
1570356445811 0.694338858127594 0
1570356447697 0.894827127456665 0
1570356449701 0.8825463652610779 0
1570356451687 1.0375863313674927 0
1570356453686 0.75184565782547 0
1570356455655 0.848300039768219 0
1570356457655 0.690238893032074 0
1570356459638 0.709740400314331 0
1570356461628 0.9597976207733154 0
1570356463576 0.9743218421936035 0
1570356465576 1.1509722471237183 0
1570356467465 1.0353087186813354 0
1570356469452 0.6019858121871948 0
1570356471497 0.8332135677337646 0
1570356473482 0.6510074734687805 0
1570356475454 0.9066867828369141 0
1570356477443 0.6656044721603394 0
1570356479419 0.9557941555976868 0
1570356481426 0.8884285092353821 0
1570356483414 0.6321502923965454 0
1570356485389 0.8853380680084229 0
1570356487468 1.0286189317703247 0
1570356489561 1.1303349733352661 0
1570356491521 0.9135275483131409 0
1570356493536 0.7933006286621094 0
1570356495596 0.9469088315963745 0
1570356497606 0.8301617503166199 0
1570356499586 0.6036537289619446 0
1570356501493 0.7257195711135864 0
1570356503543 0.8476359844207764 0
1570356505540 0.9368904232978821 0
1570356507513 1.0388253927230835 0
1570356509585 1.0104353427886963 0
1570356511647 0.8515809178352356 0
1570356513636 0.5656923055648804 0
1570356515517 0.8837904930114746 0
1570356517390 0.815971314907074 0
1570356519392 0.8234689831733704 0
1570356521370 0.7968831062316895 0
1570356523334 1.0154736042022705 0
1570356525302 0.9049087166786194 0
1570356527268 0.6842672228813171 0
1570356529236 0.9184682965278625 0
1570356531203 1.1166507005691528 0
1570356533245 0.7919132113456726 0
1570356535224 0.8981372714042664 0
1570356537210 0.8231865167617798 0
1570356539180 0.8784212470054626 0
1570356541169 0.7647327780723572 0
1570356543184 0.9946818947792053 0
1570356545167 0.9529750943183899 0
1570356547149 0.6723932027816772 0
