1570352979904 0.07868272066116333 0
1570352985702 0.06146564334630966 0
1570352989426 0.06444814801216125 0
1570352990688 0.07222078740596771 0
1570352996791 0.06717944145202637 0
1570352999155 0.06565257906913757 0
1570353001599 0.06610280275344849 0
1570353003914 0.07925154268741608 0
1570353007813 0.07208804786205292 0
1570353009116 0.0708218589425087 0
1570353010447 0.06716824322938919 0
1570353012012 0.07115601003170013 0
1570353014347 0.06291728466749191 0
1570353016644 0.05561090260744095 0
1570353018650 0.057052478194236755 0
1570353020649 0.06146885082125664 0
1570353022590 0.0762062817811966 0
1570353024625 0.06808685511350632 0
1570353026808 0.05830613151192665 0
1570353029823 0.07165422290563583 0
1570353033635 0.06606771051883698 0
1570353035085 0.05359102785587311 0
1570353037218 0.06245284155011177 0
1570353039771 0.05698823183774948 0
1570353041023 0.05146517604589462 0
1570353042314 0.07150433957576752 0
1570353043953 0.061503779143095016 0
1570353045949 0.06266134977340698 0
1570353047921 0.06197616830468178 0
1570353049595 0.07085710763931274 0
1570353051259 0.04824349284172058 0
1570353053710 0.06305043399333954 0
1570353055320 0.06616942584514618 0
1570353057166 0.05453062430024147 0
1570353058786 0.05732991173863411 0
1570353061146 0.06399655342102051 0
1570353062531 0.06608311831951141 0
1570353064493 0.041863180696964264 0
1570353067178 0.059397272765636444 0
1570353068908 0.05472114682197571 0
1570353070468 0.06513980031013489 0
1570353072683 0.05869683623313904 0
1570353074316 0.06881888955831528 0
1570353075748 0.06241339445114136 0
1570353077252 0.05784018710255623 0
1570353079060 0.04104063659906387 0
1570353080660 0.04489302635192871 0
1570353082203 0.0594213604927063 0
1570353083815 0.06843765079975128 0
1570353085645 0.06084097549319267 0
1570353086865 0.059423185884952545 0
1570353088655 0.04650454223155975 0
1570353090156 0.054305173456668854 0
1570353092202 0.05318190157413483 0
1570353093508 0.05235457420349121 0
1570353094776 0.06816092133522034 0
1570353095975 0.05631978437304497 0
1570353097809 0.05535668507218361 0
1570353099529 0.059394095093011856 0
1570353100925 0.05377306789159775 0
1570353102453 0.06410239636898041 0
1570353104796 0.05022457614541054 0
1570353106855 0.06265127658843994 0
1570353108512 0.051976241171360016 0
1570353110055 0.05441676825284958 0
1570353111267 0.04299940913915634 0
1570353112515 0.046764932572841644 0
1570353114179 0.05772639065980911 0
1570353115438 0.06063930690288544 0
1570353116755 0.0668930783867836 0
1570353118691 0.045471467077732086 0
1570353119914 0.06257720291614532 0
1570353121189 0.046442221850156784 0
1570353122607 0.0631965696811676 0
1570353124312 0.04539299011230469 0
1570353125586 0.055982474237680435 0
1570353126846 0.056344982236623764 0
1570353128217 0.04774574190378189 0
1570353129772 0.04567333310842514 0
1570353131327 0.06117207556962967 0
1570353132672 0.04653412103652954 0
1570353133963 0.05688565969467163 0
1570353135348 0.058697640895843506 0
1570353136718 0.05535304546356201 0
1570353138602 0.06190399453043938 0
1570353139835 0.052327755838632584 0
1570353141167 0.05505076050758362 0
1570353142435 0.050826601684093475 0
1570353144347 0.04954501986503601 0
1570353145850 0.05371765047311783 0
1570353147315 0.04428107291460037 0
1570353149088 0.04481024667620659 0
1570353150462 0.05280228704214096 0
1570353151691 0.054769039154052734 0
1570353153222 0.05531778186559677 0
1570353154476 0.054110947996377945 0
1570353155753 0.053709011524915695 0
1570353157039 0.0362832173705101 0
1570353158317 0.06073442101478577 0
1570353159959 0.04820884019136429 0
1570353161325 0.05226745456457138 0
1570353162599 0.05042054504156113 0
1570353163816 0.038822270929813385 0
1570353165043 0.05598744377493858 0
1570353166304 0.04039868712425232 0
1570353167683 0.04621865600347519 0
1570353168987 0.05705476924777031 0
1570353170319 0.047134652733802795 0
1570353171590 0.052197832614183426 0
1570353172923 0.05534191429615021 0
1570353174184 0.05238364264369011 0
1570353175417 0.041525810956954956 0
1570353176696 0.04880792647600174 0
1570353177964 0.048480045050382614 0
1570353179243 0.040705472230911255 0
1570353180642 0.039598532021045685 0
1570353181955 0.052149754017591476 0
1570353183284 0.041705742478370667 0
1570353184563 0.04753853753209114 0
1570353185833 0.05320814251899719 0
1570353187060 0.04243757575750351 0
1570353188260 0.06020564213395119 0
1570353189508 0.05410638451576233 0
1570353190680 0.044487759470939636 0
1570353191994 0.05024195834994316 0
1570353193257 0.040794000029563904 0
1570353194532 0.04347344487905502 0
1570353195859 0.03990361839532852 0
1570353197140 0.04035106673836708 0
1570353198454 0.04806553199887276 0
1570353199764 0.040569424629211426 0
1570353201139 0.05106024444103241 0
1570353202390 0.042091019451618195 0
1570353203690 0.043818697333335876 0
1570353205067 0.037674158811569214 0
1570353206359 0.05474025756120682 0
1570353207584 0.04459243267774582 0
1570353208806 0.03835373371839523 0
1570353210122 0.037154875695705414 0
1570353211460 0.052795860916376114 0
1570353212730 0.03861378878355026 0
1570353214139 0.04761236906051636 0
1570353215445 0.035798411816358566 0
1570353216723 0.032913628965616226 0
1570353218039 0.051174700260162354 0
1570353219371 0.04286479204893112 0
1570353220771 0.042665742337703705 0
1570353222079 0.03522791713476181 0
1570353223402 0.04461464285850525 0
1570353224700 0.04196425527334213 0
1570353226024 0.04237823188304901 0
1570353227275 0.054882459342479706 0
1570353228523 0.04429260641336441 0
1570353229789 0.05129213258624077 0
1570353231059 0.053863171488046646 0
1570353232363 0.04543396830558777 0
1570353233708 0.048469506204128265 0
1570353235010 0.051106326282024384 0
1570353236484 0.032948076725006104 0
1570353237893 0.042977530509233475 0
1570353239259 0.05251636356115341 0
1570353240638 0.03492946922779083 0
1570353241892 0.03827269375324249 0
1570353243126 0.04263899475336075 0
1570353244399 0.034133102744817734 0
1570353245696 0.04154346138238907 0
1570353246987 0.045421846210956573 0
1570353248308 0.04798852652311325 0
1570353249586 0.044300809502601624 0
1570353250886 0.04259147495031357 0
1570353252272 0.037222884595394135 0
1570353253611 0.03766120970249176 0
1570353254878 0.04144985228776932 0
1570353256125 0.036136727780103683 0
1570353257432 0.03675781190395355 0
1570353258737 0.0410030335187912 0
1570353260138 0.0380600169301033 0
1570353261418 0.0477706603705883 0
1570353262824 0.04468939080834389 0
1570353264104 0.035540275275707245 0
1570353265476 0.03937062248587608 0
1570353266875 0.044203318655490875 0
1570353268317 0.03487098217010498 0
1570353269641 0.03727810084819794 0
1570353270881 0.03947333246469498 0
1570353272292 0.04974720999598503 0
1570353273704 0.03474980965256691 0
1570353275019 0.04257691279053688 0
1570353276294 0.04495326057076454 0
1570353277661 0.03690531849861145 0
1570353279021 0.0468292310833931 0
1570353280375 0.02586369961500168 0
1570353281818 0.03986212611198425 0
1570353283169 0.04112963750958443 0
1570353284467 0.0371568463742733 0
1570353285758 0.04001687094569206 0
1570353287136 0.04387480765581131 0
1570353288487 0.03670952469110489 0
1570353289846 0.038159869611263275 0
1570353291136 0.04354846477508545 0
1570353292417 0.03998363018035889 0
1570353293782 0.03458278626203537 0
1570353295053 0.04319152981042862 0
1570353296289 0.03506963327527046 0
1570353297569 0.037150733172893524 0
1570353298858 0.038563311100006104 0
1570353300155 0.030355311930179596 0
1570353301588 0.036510296165943146 0
1570353302968 0.04047999531030655 0
1570353304341 0.047322288155555725 0
1570353305616 0.037314318120479584 0
1570353306915 0.027927059680223465 0
1570353308187 0.04428716003894806 0
1570353309601 0.03405839949846268 0
1570353310957 0.0340542197227478 0
1570353312268 0.047646574676036835 0
1570353313546 0.03518453240394592 0
1570353314923 0.0493391752243042 0
1570353316326 0.04141484946012497 0
1570353317729 0.03391279652714729 0
1570353319199 0.045414768159389496 0
1570353320640 0.03639501333236694 0
1570353322047 0.0326445996761322 0
1570353323410 0.029006436467170715 0
1570353324798 0.04200377315282822 0
1570353326214 0.04836118221282959 0
1570353327584 0.032980792224407196 0
1570353328904 0.03869326412677765 0
1570353330207 0.037286002188920975 0
1570353331470 0.04533705860376358 0
1570353332885 0.04839993268251419 0
1570353334260 0.036215879023075104 0
1570353335564 0.033413708209991455 0
1570353336835 0.02877531573176384 0
1570353338133 0.04239237308502197 0
1570353339516 0.03895891457796097 0
1570353340905 0.03683795779943466 0
1570353342176 0.03369572013616562 0
1570353343464 0.027917470782995224 0
1570353344789 0.03324504941701889 0
1570353346171 0.031922537833452225 0
1570353347615 0.031594567000865936 0
1570353349076 0.03984960541129112 0
1570353350486 0.02458970993757248 0
1570353351756 0.04306945949792862 0
1570353353080 0.03612639382481575 0
1570353354401 0.04249343276023865 0
1570353355763 0.03179718181490898 0
1570353357210 0.03358756750822067 0
1570353358522 0.040052056312561035 0
1570353359882 0.03601330518722534 0
1570353361298 0.03093019500374794 0
1570353362715 0.025031007826328278 0
1570353364135 0.02304724231362343 0
1570353365584 0.037321820855140686 0
1570353366937 0.03011053428053856 0
1570353368270 0.04248558729887009 0
1570353369766 0.029946954920887947 0
1570353371116 0.03145263344049454 0
1570353372448 0.04638455808162689 0
1570353373919 0.0371241420507431 0
1570353375297 0.026173356920480728 0
1570353376656 0.029359422624111176 0
1570353377975 0.034798141568899155 0
1570353379278 0.03727934509515762 0
1570353380579 0.028806738555431366 0
1570353381931 0.032422952353954315 0
1570353383442 0.037503451108932495 0
1570353384835 0.021445581689476967 0
1570353386208 0.02584933117032051 0
1570353387554 0.036682337522506714 0
1570353388942 0.028243467211723328 0
1570353390249 0.037582919001579285 0
1570353391601 0.03259709104895592 0
1570353392968 0.027645494788885117 0
1570353394379 0.03013726696372032 0
1570353395758 0.031184200197458267 0
1570353397051 0.03464212268590927 0
1570353398454 0.030696161091327667 0
1570353399743 0.028395570814609528 0
1570353401036 0.02846812829375267 0
1570353402430 0.03326243907213211 0
1570353403692 0.033912770450115204 0
1570353405071 0.03710152581334114 0
1570353406488 0.030861029401421547 0
1570353407842 0.03408181667327881 0
1570353409162 0.026091348379850388 0
1570353410492 0.030616289004683495 0
1570353411801 0.03571823984384537 0
1570353413135 0.03322471305727959 0
1570353414514 0.036669567227363586 0
1570353415847 0.031746722757816315 0
1570353417245 0.025843119248747826 0
1570353418550 0.02424500323832035 0
1570353419954 0.03106045350432396 0
1570353421271 0.035790979862213135 0
1570353422580 0.029817936941981316 0
1570353423968 0.03548063337802887 0
1570353425362 0.026141073554754257 0
1570353426739 0.03199221193790436 0
1570353428006 0.03405751660466194 0
1570353429302 0.030990097671747208 0
1570353430683 0.03213953226804733 0
1570353432050 0.022389037534594536 0
1570353433338 0.038372546434402466 0
1570353434602 0.030558502301573753 0
1570353435796 0.034564074128866196 0
1570353437084 0.03948318213224411 0
1570353438404 0.03606962412595749 0
1570353439674 0.022350698709487915 0
1570353441025 0.027897559106349945 0
1570353442342 0.03222135826945305 0
1570353443674 0.02742665261030197 0
1570353444996 0.029376452788710594 0
1570353446480 0.023162495344877243 0
1570353447903 0.03676144778728485 0
1570353449358 0.027797024697065353 0
1570353450709 0.031164711341261864 0
1570353452007 0.03533831983804703 0
1570353453290 0.025745639577507973 0
1570353454559 0.030271045863628387 0
1570353455819 0.027519769966602325 0
1570353457092 0.03748522698879242 0
1570353458448 0.03700823336839676 0
1570353459959 0.03440234065055847 0
1570353461305 0.03224910795688629 0
1570353462604 0.024777552112936974 0
1570353463971 0.03368242830038071 0
1570353465412 0.038648635149002075 0
1570353466855 0.02309614233672619 0
1570353468299 0.028830500319600105 0
1570353469766 0.02627301961183548 0
1570353471250 0.025069745257496834 0
1570353472686 0.025586329400539398 0
1570353474147 0.03896743059158325 0
1570353475593 0.020849473774433136 0
1570353477077 0.04187256097793579 0
1570353478533 0.03498385101556778 0
1570353479972 0.03361471742391586 0
1570353481419 0.029253076761960983 0
1570353482930 0.029117710888385773 0
1570353484383 0.027917779982089996 0
1570353485781 0.028473660349845886 0
1570353487253 0.024767016991972923 0
1570353488741 0.02532794699072838 0
1570353490296 0.02735244855284691 0
1570353491849 0.02836243435740471 0
1570353493352 0.02611488662660122 0
1570353494828 0.02918277680873871 0
1570353496172 0.02414153888821602 0
1570353497609 0.031013110652565956 0
1570353498937 0.027738191187381744 0
1570353500297 0.02909255400300026 0
1570353501603 0.0251702181994915 0
1570353503117 0.028512369841337204 0
1570353504664 0.032987453043460846 0
1570353506041 0.03342496603727341 0
1570353507377 0.02832876704633236 0
1570353508713 0.02552758902311325 0
1570353510019 0.030941316857933998 0
1570353511348 0.0294392928481102 0
1570353512734 0.02587824873626232 0
1570353514107 0.0334332250058651 0
1570353515463 0.021868854761123657 0
1570353516783 0.027481362223625183 0
1570353518123 0.03006952442228794 0
1570353519562 0.021649817004799843 0
1570353520968 0.02639074996113777 0
1570353522310 0.03354118764400482 0
1570353523707 0.02430402673780918 0
1570353525148 0.03165688365697861 0
1570353526552 0.035720713436603546 0
1570353527941 0.026368770748376846 0
1570353529240 0.03753403201699257 0
1570353530796 0.030427446588873863 0
1570353532273 0.020346596837043762 0
1570353533755 0.02942361868917942 0
1570353535189 0.024533601477742195 0
1570353536630 0.03132476285099983 0
1570353538107 0.03170797601342201 0
1570353539559 0.022540759295225143 0
1570353541032 0.02390468865633011 0
1570353542506 0.025366801768541336 0
1570353543855 0.029548991471529007 0
1570353545198 0.027417898178100586 0
1570353546607 0.02405770868062973 0
1570353548010 0.027796000242233276 0
1570353549296 0.03361089900135994 0
1570353550698 0.027274413034319878 0
1570353565672 0.030750494450330734 0
1570353567212 0.024347882717847824 0
1570353579740 0.02736259624361992 0
1570353581251 0.0277450792491436 0
1570353582660 0.018120070919394493 0
1570353584062 0.027968894690275192 0
1570353585447 0.030048629269003868 0
1570353617270 0.024024778977036476 0
1570353618720 0.02810828760266304 0
1570353620184 0.029280010610818863 0
1570353621589 0.031069103628396988 0
1570353623058 0.02549435757100582 0
1570353624485 0.01892852410674095 0
1570353625920 0.029368767514824867 0
1570353627387 0.03386985883116722 0
1570353628781 0.02249903418123722 0
1570353630261 0.028408389538526535 0
1570353631580 0.03011009842157364 0
1570353651795 0.030663883313536644 0
1570353653208 0.016352973878383636 0
1570353654646 0.024065395817160606 0
1570353656039 0.027276886627078056 0
1570353657477 0.021373528987169266 0
1570353658748 0.023570802062749863 0
1570353660001 0.025064535439014435 0
1570353661264 0.03404869884252548 0
1570353662629 0.022381825372576714 0
1570353663929 0.024817045778036118 0
1570353665263 0.02686496078968048 0
1570353666748 0.024876827374100685 0
1570353668139 0.022923924028873444 0
1570353669582 0.027527473866939545 0
1570353670978 0.030974000692367554 0
1570353672388 0.02157801389694214 0
1570353673735 0.023859232664108276 0
1570353675043 0.021919259801506996 0
1570353676405 0.027807656675577164 0
1570353677750 0.02832629159092903 0
1570353679067 0.021699806675314903 0
1570353680501 0.022060075774788857 0
1570353681899 0.023670151829719543 0
1570353683318 0.024066271260380745 0
1570353684795 0.020433373749256134 0
1570353686044 0.028072694316506386 0
1570353687337 0.026474660262465477 0
1570353688682 0.026281384751200676 0
1570353690060 0.02976503036916256 0
1570353691472 0.026800718158483505 0
1570353692912 0.02724115177989006 0
1570353694351 0.027574561536312103 0
1570353695834 0.02460928075015545 0
1570353697275 0.028676412999629974 0
1570353698697 0.02747197076678276 0
1570353700157 0.02002676948904991 0
1570353701613 0.0198128130286932 0
1570353703043 0.01932832971215248 0
1570353704492 0.023830845952033997 0
1570353705941 0.028001241385936737 0
1570353707470 0.024928689002990723 0
1570353708953 0.02243369072675705 0
1570353710398 0.015323618426918983 0
1570353711828 0.02481148950755596 0
1570353713212 0.02379935048520565 0
1570353714670 0.025008488446474075 0
1570353716126 0.019156621769070625 0
1570353717508 0.024280313402414322 0
1570353718888 0.022613976150751114 0
1570353720278 0.023630894720554352 0
1570353721669 0.028499729931354523 0
1570353723061 0.02813168242573738 0
1570353724416 0.02342107705771923 0
1570353725820 0.02966364100575447 0
1570353727184 0.02202770486474037 0
1570353728511 0.021369552239775658 0
1570353729954 0.035426001995801926 0
1570353731543 0.0182352177798748 0
1570353732963 0.028831059113144875 0
1570353734355 0.03482828289270401 0
1570353735730 0.02494734898209572 0
1570353737175 0.029737986624240875 0
1570353738660 0.01971615105867386 0
1570353740111 0.02018130198121071 0
1570353741549 0.023967865854501724 0
1570353743033 0.0224151648581028 0
1570353744474 0.021883618086576462 0
1570353745916 0.032746635377407074 0
1570353747379 0.021863821893930435 0
1570353748834 0.024680836126208305 0
1570353750331 0.01952453702688217 0
1570353751860 0.02403450384736061 0
1570353753383 0.017457257956266403 0
1570353754887 0.02970021963119507 0
1570353756426 0.026069320738315582 0
1570353757923 0.02576247602701187 0
1570353759304 0.023511454463005066 0
1570353760731 0.030243489891290665 0
1570353762158 0.017893876880407333 0
1570353763586 0.024761509150266647 0
1570353765089 0.026590069755911827 0
1570353766523 0.02026599645614624 0
1570353767861 0.022805796936154366 0
1570353769200 0.030444208532571793 0
1570353770541 0.02045091614127159 0
1570353771932 0.01849573478102684 0
1570353773337 0.026398681104183197 0
1570353774713 0.015895362943410873 0
1570353776157 0.022751182317733765 0
1570353777706 0.030808662995696068 0
1570353823132 0.024002686142921448 0
1570353824665 0.022834306582808495 0
1570353826204 0.03386370837688446 0
1570353827779 0.026085231453180313 0
1570353829134 0.026969313621520996 0
1570353830535 0.01984870806336403 0
1570353831882 0.016841962933540344 0
1570353833323 0.01849467307329178 0
1570353834727 0.02977915108203888 0
1570353836123 0.015186045318841934 0
1570353837518 0.022866511717438698 0
1570353839036 0.024957312270998955 0
1570353840500 0.025821994990110397 0
1570353841881 0.023774955421686172 0
1570353843293 0.027883831411600113 0
1570353844631 0.02082914113998413 0
1570353845980 0.021704789251089096 0
1570353847435 0.021664965897798538 0
1570353848857 0.02300068363547325 0
1570353850357 0.0197523795068264 0
1570353851939 0.0221230611205101 0
1570353853423 0.022606056183576584 0
1570353854923 0.031607188284397125 0
1570353856449 0.023174092173576355 0
1570353857996 0.022905997931957245 0
1570353859504 0.02974124252796173 0
1570353860958 0.030063778162002563 0
1570353862383 0.01825806125998497 0
1570353863841 0.02772201970219612 0
1570353865302 0.021378079429268837 0
1570353866784 0.018745167180895805 0
1570353868252 0.020183276385068893 0
1570353869773 0.019765406847000122 0
1570353871294 0.027591299265623093 0
1570353872685 0.02139168232679367 0
1570353874256 0.029092196375131607 0
1570353875719 0.020139547064900398 0
1570353877104 0.02525758370757103 0
1570353878490 0.019327759742736816 0
1570353879915 0.01897168904542923 0
1570353881383 0.01716235652565956 0
1570353882759 0.024161871522665024 0
1570353884106 0.017382849007844925 0
1570353885455 0.029630940407514572 0
1570353886822 0.01986362785100937 0
1570353888234 0.02284225821495056 0
1570353889661 0.01606276072561741 0
1570353891272 0.027600396424531937 0
1570353892839 0.014187417924404144 0
1570353894377 0.016553476452827454 0
1570353895911 0.017056243494153023 0
1570353897499 0.02764388918876648 0
1570353899003 0.029172547161579132 0
1570353900486 0.01994771882891655 0
1570353901961 0.018894467502832413 0
1570353903544 0.02179075963795185 0
1570353905037 0.01844797283411026 0
1570353906486 0.023761723190546036 0
1570353907836 0.027482066303491592 0
1570353909252 0.023960459977388382 0
1570353910726 0.02472999505698681 0
1570353912276 0.0186639241874218 0
1570353913769 0.031025027856230736 0
1570353915246 0.018019672483205795 0
1570353916804 0.018630947917699814 0
1570353918304 0.0260606799274683 0
1570353919744 0.018793661147356033 0
1570353921268 0.020040657371282578 0
1570353922814 0.020749107003211975 0
1570353924204 0.023623714223504066 0
1570353925644 0.020495980978012085 0
1570353927028 0.015409504994750023 0
1570353928505 0.020602377131581306 0
1570353930162 0.021511660888791084 0
1570353931675 0.019400641322135925 0
1570353933212 0.016773328185081482 0
1570353934804 0.02305976115167141 0
1570353936313 0.014411543495953083 0
1570353937761 0.02278536930680275 0
1570353939141 0.021728087216615677 0
1570353940526 0.015730571001768112 0
1570353941952 0.01706206239759922 0
1570353943369 0.017401056364178658 0
1570353944775 0.021834641695022583 0
1570353946200 0.015324575826525688 0
1570353947592 0.018013350665569305 0
1570353949012 0.01774544082581997 0
1570353950495 0.024643845856189728 0
1570353951954 0.021470895037055016 0
1570353953407 0.025069918483495712 0
1570353954850 0.02069653570652008 0
1570353956308 0.01942387782037258 0
1570353957828 0.02100871503353119 0
1570353959302 0.01395307295024395 0
1570353960766 0.021185822784900665 0
1570353962301 0.019751794636249542 0
1570353963825 0.022631246596574783 0
1570353965225 0.016784198582172394 0
1570353966632 0.01859809271991253 0
1570353968041 0.015306072309613228 0
1570353969522 0.024264194071292877 0
1570353970967 0.019032124429941177 0
1570353972377 0.026679130271077156 0
1570353973908 0.029528550803661346 0
1570353975442 0.020085129886865616 0
1570353976977 0.025340240448713303 0
1570353978375 0.020451733842492104 0
1570353979809 0.02164565585553646 0
1570353981283 0.016232004389166832 0
1570353982735 0.014964321628212929 0
1570353984263 0.015296047553420067 0
1570353985784 0.019071616232395172 0
1570353987319 0.016597561538219452 0
1570353988797 0.020527418702840805 0
1570353990270 0.01666380651295185 0
1570353991803 0.019453752785921097 0
1570353993363 0.017139263451099396 0
1570353994837 0.018758229911327362 0
1570353996263 0.02323918789625168 0
1570353997679 0.024624135345220566 0
1570353999276 0.018975455313920975 0
1570354000799 0.017584949731826782 0
1570354002273 0.022454405203461647 0
1570354003800 0.015567392110824585 0
1570354005293 0.02513151243329048 0
1570354006854 0.0223411712795496 0
1570354008401 0.021928327158093452 0
1570354009900 0.015205655246973038 0
1570354011308 0.018450355157256126 0
1570354012820 0.01373698003590107 0
1570354014372 0.01790505088865757 0
1570354015822 0.016179755330085754 0
1570354017328 0.014606751501560211 0
1570354018748 0.021941915154457092 0
1570354020185 0.020005136728286743 0
1570354021617 0.022185973823070526 0
1570354023001 0.02068023756146431 0
1570354024518 0.014263548888266087 0
1570354025951 0.019170425832271576 0
1570354027433 0.018214091658592224 0
1570354029030 0.0198772381991148 0
1570354030420 0.019488640129566193 0
1570354031822 0.02068004198372364 0
1570354033434 0.021534889936447144 0
1570354034945 0.020586088299751282 0
1570354036310 0.018518811091780663 0
1570354037808 0.01752592995762825 0
1570354039192 0.01903419941663742 0
1570354040565 0.017736045643687248 0
1570354041978 0.0207748394459486 0
1570354043435 0.01599757932126522 0
1570354044872 0.018374258652329445 0
1570354046457 0.024045992642641068 0
1570354048018 0.017935939133167267 0
1570354049585 0.01976574771106243 0
1570354051140 0.018455684185028076 0
1570354052729 0.01344048511236906 0
1570354054271 0.01621391624212265 0
1570354055680 0.015635471791028976 0
1570354057230 0.018496349453926086 0
1570354058770 0.014667162671685219 0
1570354060369 0.017589807510375977 0
1570354061893 0.020421288907527924 0
1570354063411 0.024356016889214516 0
1570354065012 0.020663905888795853 0
1570354066554 0.015798203647136688 0
1570354068118 0.02620958536863327 0
1570354069739 0.0161709263920784 0
1570354071305 0.020874014124274254 0
1570354072874 0.02526514045894146 0
1570354074445 0.018148764967918396 0
1570354076087 0.021983278915286064 0
1570354077626 0.020073924213647842 0
1570354079091 0.021075205877423286 0
1570354080647 0.01805330440402031 0
1570354082266 0.015045903623104095 0
1570354083686 0.017026085406541824 0
1570354085086 0.015195231884717941 0
1570354086700 0.023037448525428772 0
1570354088101 0.020283864811062813 0
1570354089543 0.02219937928020954 0
1570354090992 0.017605524510145187 0
1570354092451 0.01559644564986229 0
1570354093967 0.01366899162530899 0
1570354095540 0.019845910370349884 0
1570354097091 0.022108612582087517 0
1570354098644 0.01612141728401184 0
1570354100267 0.015929898247122765 0
1570354101904 0.02283284440636635 0
1570354103480 0.018550697714090347 0
1570354105047 0.02027852088212967 0
1570354106691 0.029668118804693222 0
1570354108295 0.016276203095912933 0
1570354109870 0.016661321744322777 0
1570354111432 0.021638428792357445 0
1570354113053 0.023295622318983078 0
1570354114663 0.01562756486237049 0
1570354116110 0.018869750201702118 0
1570354117730 0.023505114018917084 0
1570354119282 0.020497575402259827 0
1570354120779 0.019190046936273575 0
1570354122364 0.01827729120850563 0
1570354123925 0.012344107031822205 0
1570354125370 0.016825318336486816 0
1570354126792 0.015842042863368988 0
1570354128315 0.0151649359613657 0
1570354129780 0.01148751750588417 0
1570354131280 0.020185871049761772 0
1570354132987 0.016557764261960983 0
1570354134645 0.02250119112432003 0
1570354136292 0.020171429961919785 0
1570354137906 0.02174445241689682 0
1570354139517 0.015567274764180183 0
1570354141061 0.018862461671233177 0
1570354142575 0.016588175669312477 0
1570354144126 0.015605426393449306 0
1570354145742 0.016996506601572037 0
1570354147404 0.018126610666513443 0
1570354149048 0.01682784967124462 0
1570354150624 0.02135094627737999 0
1570354152202 0.015801940113306046 0
1570354153841 0.013449263758957386 0
1570354155371 0.014393549412488937 0
1570354157006 0.021739132702350616 0
1570354158690 0.02141840197145939 0
1570354160334 0.020462829619646072 0
1570354161980 0.01328439824283123 0
1570354163615 0.015954043716192245 0
1570354165115 0.015399925410747528 0
1570354166562 0.020962880924344063 0
1570354168126 0.01599545031785965 0
1570354169707 0.01999574527144432 0
1570354171252 0.01220213808119297 0
1570354172810 0.018796779215335846 0
1570354174451 0.012802842073142529 0
1570354176057 0.014656005427241325 0
1570354177507 0.016041681170463562 0
1570354178940 0.01622464507818222 0
1570354180538 0.013898808509111404 0
1570354182009 0.016521360725164413 0
1570354183512 0.02369578182697296 0
1570354185072 0.014641324058175087 0
1570354186692 0.01861358806490898 0
1570354188409 0.0222795307636261 0
1570354190096 0.021648189052939415 0
1570354191666 0.019286029040813446 0
1570354193093 0.012624583207070827 0
1570354194557 0.014772693626582623 0
1570354196025 0.010783100500702858 0
1570354197472 0.013542475178837776 0
1570354198898 0.02145073004066944 0
1570354200500 0.018789486959576607 0
1570354202135 0.013855681754648685 0
1570354203568 0.016868019476532936 0
1570354205219 0.016947196796536446 0
1570354206795 0.013564502820372581 0
1570354208313 0.012215051800012589 0
1570354209790 0.012567907571792603 0
1570354211227 0.015816092491149902 0
1570354212829 0.014466216787695885 0
1570354214299 0.01484721526503563 0
1570354215748 0.01924094930291176 0
1570354217326 0.01500854454934597 0
1570354218980 0.017553700134158134 0
1570354220578 0.017265064641833305 0
1570354222210 0.01648038811981678 0
1570354223824 0.01624930463731289 0
1570354225349 0.014650370925664902 0
1570354227039 0.01681848242878914 0
1570354228656 0.018126655369997025 0
1570354230202 0.014349190518260002 0
1570354231843 0.01380463968962431 0
1570354233483 0.0177975594997406 0
1570354235080 0.016018057242035866 0
1570354236689 0.023394986987113953 0
1570354238371 0.017566151916980743 0
1570354239976 0.01373734138906002 0
1570354241630 0.01981634460389614 0
1570354243244 0.020116712898015976 0
1570354244857 0.018448900431394577 0
1570354246494 0.013121522963047028 0
1570354248077 0.016794215887784958 0
1570354249698 0.01624958962202072 0
1570354251305 0.017008814960718155 0
1570354252891 0.01435733400285244 0
1570354254504 0.01762721687555313 0
1570354256081 0.015029885806143284 0
1570354257708 0.015107396058738232 0
1570354259343 0.017492342740297318 0
1570354260972 0.016204431653022766 0
1570354262592 0.017577532678842545 0
1570354264219 0.01760946214199066 0
1570354265779 0.015045621432363987 0
1570354267321 0.01440297532826662 0
1570354268836 0.017454609274864197 0
1570354270315 0.01623968407511711 0
1570354271902 0.02521546557545662 0
1570354273457 0.011408274993300438 0
1570354274896 0.015956886112689972 0
1570354276383 0.01325428020209074 0
1570354278107 0.015638992190361023 0
1570354279676 0.014867991209030151 0
1570354281266 0.01743515580892563 0
1570354282940 0.011844184249639511 0
1570354284513 0.012971615418791771 0
1570354286118 0.014238066039979458 0
1570354287688 0.014996636658906937 0
1570354289277 0.020324431359767914 0
1570354290899 0.0146804703399539 0
1570354292562 0.015980059280991554 0
1570354294150 0.013682829216122627 0
1570354295816 0.015668785199522972 0
1570354297451 0.0189829021692276 0
1570354299029 0.0147250322625041 0
1570354300700 0.01828145422041416 0
1570354302394 0.015143941156566143 0
1570354304099 0.017194189131259918 0
1570354305674 0.015048958361148834 0
1570354307250 0.017175663262605667 0
1570354308852 0.016247261315584183 0
1570354310552 0.013896498829126358 0
1570354312050 0.015503701753914356 0
1570354313513 0.016830336302518845 0
1570354315022 0.014557273127138615 0
1570354316476 0.012648433446884155 0
1570354317955 0.018655594438314438 0
1570354319405 0.01760518178343773 0
1570354320910 0.0163731686770916 0
1570354322399 0.01289346069097519 0
1570354324099 0.011762239970266819 0
1570354325687 0.019718404859304428 0
1570354327334 0.017215685918927193 0
1570354328929 0.019257793202996254 0
1570354330574 0.015652775764465332 0
1570354332040 0.013542060740292072 0
1570354333586 0.01712038554251194 0
1570354335156 0.015675097703933716 0
1570354336633 0.011174716055393219 0
1570354338175 0.01479211077094078 0
1570354339651 0.015242259949445724 0
1570354341113 0.014814989641308784 0
1570354342570 0.016305632889270782 0
1570354344072 0.014492585323750973 0
1570354345591 0.015340123325586319 0
1570354346997 0.015762563794851303 0
1570354348607 0.01617758348584175 0
1570354350225 0.011510346084833145 0
1570354351907 0.015075713396072388 0
1570354353469 0.012897283770143986 0
1570354355072 0.023258855566382408 0
1570354356700 0.014735727570950985 0
1570354358488 0.0192703939974308 0
1570354360123 0.01196273323148489 0
1570354361686 0.01182720996439457 0
1570354363261 0.012369642034173012 0
1570354364876 0.01516229473054409 0
1570354366466 0.016575004905462265 0
1570354367955 0.011693580076098442 0
1570354369436 0.01737319491803646 0
1570354370884 0.0170490313321352 0
1570354372493 0.017042992636561394 0
1570354374066 0.014591610059142113 0
1570354375673 0.012950407341122627 0
1570354377369 0.011784081347286701 0
1570354379019 0.01657547987997532 0
1570354380632 0.01098185870796442 0
1570354382294 0.012346449308097363 0
1570354383897 0.014971766620874405 0
1570354385498 0.012712335214018822 0
1570354387108 0.016421910375356674 0
1570354388711 0.024605585262179375 0
1570354390368 0.01052258349955082 0
1570354392076 0.01266569085419178 0
1570354393724 0.010161804035305977 0
1570354395280 0.012590988539159298 0
1570354396895 0.015001211315393448 0
1570354398560 0.014674989506602287 0
1570354400135 0.01798979565501213 0
1570354401738 0.013520825654268265 0
1570354403270 0.01364721730351448 0
1570354404800 0.014733940362930298 0
1570354406406 0.019257178530097008 0
1570354408039 0.016561882570385933 0
1570354409688 0.013370448723435402 0
1570354411297 0.019900035113096237 0
1570354412878 0.01644502580165863 0
1570354414465 0.012403583154082298 0
1570354416165 0.017030129209160805 0
1570354417818 0.01126148086041212 0
1570354419428 0.01463615894317627 0
1570354421007 0.012139515951275826 0
1570354422678 0.01617688313126564 0
1570354424250 0.014666211791336536 0
1570354425898 0.0109940767288208 0
1570354427503 0.00856038462370634 0
1570354429247 0.011951539665460587 0
1570354430875 0.015995390713214874 0
1570354432445 0.012518353760242462 0
1570354434047 0.015009380877017975 0
1570354435702 0.01820421777665615 0
1570354437298 0.014429126866161823 0
1570354438985 0.02035931870341301 0
1570354440650 0.0158308707177639 0
1570354442364 0.0102387685328722 0
1570354444057 0.017545580863952637 0
1570354445723 0.016861267387866974 0
1570354447335 0.013131115585565567 0
1570354449023 0.013896804302930832 0
1570354450655 0.014189092442393303 0
1570354452197 0.019477499648928642 0
1570354453651 0.015505358576774597 0
1570354455131 0.014390284195542336 0
1570354456642 0.01757391169667244 0
1570354458276 0.01033708080649376 0
1570354459727 0.020291918888688087 0
1570354461177 0.016330311074852943 0
1570354462618 0.015147549100220203 0
1570354464270 0.015942584723234177 0
1570354465880 0.012311549857258797 0
1570354467472 0.00906059518456459 0
1570354469016 0.01591886207461357 0
1570354470583 0.014124065637588501 0
1570354472169 0.010619806125760078 0
1570354473749 0.01055457629263401 0
1570354475420 0.014713404700160027 0
1570354477009 0.012657985091209412 0
1570354478600 0.015291917137801647 0
1570354480183 0.014088781550526619 0
1570354481891 0.012134794145822525 0
1570354483461 0.010891158133745193 0
1570354485042 0.013555120676755905 0
1570354486665 0.01308051310479641 0
1570354488329 0.01665712147951126 0
1570354489927 0.019837476313114166 0
1570354491501 0.011938274838030338 0
1570354493202 0.00891174003481865 0
1570354494802 0.013967951759696007 0
1570354496416 0.0108446991071105 0
1570354498082 0.012046009302139282 0
1570354499637 0.01533966138958931 0
1570354501247 0.010905218310654163 0
1570354502819 0.011638427153229713 0
1570354504391 0.009260406717658043 0
1570354506090 0.012375852093100548 0
1570354507761 0.01643626019358635 0
1570354509223 0.015509054064750671 0
1570354510805 0.01588841900229454 0
1570354512526 0.011759284883737564 0
1570354514255 0.010294729843735695 0
1570354515890 0.015379935503005981 0
1570354517511 0.012972351163625717 0
1570354519195 0.010028557851910591 0
1570354520828 0.01436889823526144 0
1570354522445 0.014659678563475609 0
1570354524074 0.012715447694063187 0
1570354525688 0.018269650638103485 0
1570354527332 0.01576257310807705 0
1570354528970 0.013420081697404385 0
1570354530628 0.014402419328689575 0
1570354532243 0.014902397058904171 0
1570354533998 0.011200586333870888 0
1570354535628 0.016184726729989052 0
1570354537282 0.01424267329275608 0
1570354538991 0.01740461029112339 0
1570354540499 0.009128757752478123 0
1570354542045 0.012292250990867615 0
1570354543612 0.014059007167816162 0
1570354545285 0.010965501889586449 0
1570354546895 0.012613194063305855 0
1570354548453 0.01437879353761673 0
1570354549966 0.012707672081887722 0
1570354551578 0.012272084131836891 0
1570354553278 0.016122573986649513 0
1570354554921 0.012608355842530727 0
1570354556566 0.01706555485725403 0
1570354558214 0.011155178770422935 0
1570354559873 0.015455886721611023 0
1570354561554 0.012532705441117287 0
1570354563208 0.014527508057653904 0
1570354564955 0.016418881714344025 0
1570354566442 0.012501193210482597 0
1570354567973 0.013068657368421555 0
1570354569587 0.012021008878946304 0
1570354571269 0.014161262661218643 0
1570354572995 0.015025956556200981 0
1570354574724 0.0074158720672130585 0
1570354576303 0.01427321694791317 0
1570354577865 0.011757908388972282 0
1570354579455 0.013319391757249832 0
1570354581013 0.01839032582938671 0
1570354582541 0.013314439915120602 0
1570354584073 0.017838818952441216 0
1570354585634 0.010924618691205978 0
1570354587193 0.012163377366960049 0
1570354588661 0.011031407862901688 0
1570354590125 0.011403463780879974 0
1570354591612 0.011626035906374454 0
1570354593078 0.016867075115442276 0
1570354594646 0.011558549478650093 0
1570354596147 0.018480321392416954 0
1570354597788 0.014144789427518845 0
1570354599418 0.009432941675186157 0
1570354601013 0.010666202753782272 0
1570354602619 0.01249620784074068 0
1570354604194 0.011188291013240814 0
1570354605881 0.014077533036470413 0
1570354607460 0.017252380028367043 0
1570354609144 0.014648065902292728 0
1570354610794 0.010423760861158371 0
1570354612404 0.01138099655508995 0
1570354613990 0.012318423017859459 0
1570354615639 0.014483406208455563 0
1570354617185 0.014043295755982399 0
1570354618788 0.012248986400663853 0
1570354620425 0.012639112770557404 0
1570354622023 0.01066311914473772 0
1570354623726 0.011790299788117409 0
1570354625381 0.008308378979563713 0
1570354626963 0.010167967528104782 0
1570354628580 0.014980018138885498 0
1570354630194 0.013724207878112793 0
1570354631810 0.009037615731358528 0
1570354633476 0.014235997572541237 0
1570354635076 0.016101699322462082 0
1570354636684 0.011769772507250309 0
1570354638338 0.01172427274286747 0
1570354639975 0.012139707803726196 0
1570354641657 0.010749753564596176 0
1570354643324 0.015752043575048447 0
1570354644936 0.013769486919045448 0
1570354646506 0.015347005799412727 0
1570354648131 0.010827084071934223 0
1570354649825 0.016725093126296997 0
1570354651491 0.011854199692606926 0
1570354653246 0.010239009745419025 0
1570354654951 0.01817864179611206 0
1570354656598 0.015045254491269588 0
1570354658261 0.0160229429602623 0
1570354659941 0.009702036157250404 0
1570354661632 0.016280781477689743 0
1570354663238 0.01343737542629242 0
1570354664904 0.009351263754069805 0
1570354666516 0.011548296548426151 0
1570354668113 0.011289197951555252 0
1570354669769 0.009616462513804436 0
1570354671351 0.011848240159451962 0
1570354672926 0.010940240696072578 0
1570354674465 0.013973938301205635 0
1570354676022 0.007642760872840881 0
1570354677649 0.014715606346726418 0
1570354679301 0.011974264867603779 0
1570354680985 0.009836841374635696 0
1570354682606 0.010575681924819946 0
1570354684228 0.011040517129004002 0
1570354685946 0.014573391526937485 0
1570354687571 0.009399852715432644 0
1570354689237 0.01329385582357645 0
1570354690830 0.013144408352673054 0
1570354692535 0.014312728308141232 0
1570354694155 0.01961461640894413 0
1570354695787 0.013088030740618706 0
1570354697413 0.012934211641550064 0
1570354699096 0.012694606557488441 0
1570354700724 0.008383288979530334 0
1570354702338 0.014238842763006687 0
1570354703909 0.00867258571088314 0
1570354705579 0.011124661192297935 0
1570354707261 0.016083240509033203 0
1570354708829 0.009756851941347122 0
1570354710446 0.013715642504394054 0
1570354712006 0.01202656514942646 0
1570354713509 0.014448994770646095 0
1570354715239 0.012774487026035786 0
1570354716796 0.014171336777508259 0
1570354718461 0.009242602623999119 0
1570354720060 0.013215084560215473 0
1570354721776 0.01206663716584444 0
1570354723425 0.009796293452382088 0
1570354725049 0.013255294412374496 0
1570354726658 0.01667706109583378 0
1570354728313 0.011048059910535812 0
1570354729858 0.007598665542900562 0
1570354731522 0.014724369160830975 0
1570354733192 0.01451535802334547 0
1570354734864 0.015630707144737244 0
1570354736530 0.01579243689775467 0
1570354738317 0.009793338365852833 0
1570354739983 0.00993989035487175 0
1570354741756 0.010871670208871365 0
1570354743456 0.011287660337984562 0
1570354745249 0.010897157713770866 0
1570354746806 0.011630935594439507 0
1570354748375 0.012590770609676838 0
1570354749933 0.012434910982847214 0
1570354751484 0.011151909828186035 0
1570354753160 0.011427700519561768 0
1570354754734 0.012863261625170708 0
1570354756292 0.012286782264709473 0
1570354757912 0.011784017086029053 0
1570354759431 0.010549873113632202 0
1570354761144 0.01562819629907608 0
1570354762854 0.009545893408358097 0
1570354764483 0.010732079856097698 0
1570354766177 0.01299063116312027 0
1570354767888 0.013255876488983631 0
1570354769605 0.013788735494017601 0
1570354771400 0.012652106583118439 0
1570354773173 0.010618950240314007 0
1570354774875 0.010499730706214905 0
1570354776587 0.010519730858504772 0
1570354778416 0.014482464641332626 0
1570354780174 0.010687457397580147 0
1570354781847 0.012329813092947006 0
1570354783620 0.010462486185133457 0
1570354785333 0.018663734197616577 0
1570354787091 0.011640910059213638 0
1570354788857 0.019187098369002342 0
1570354790586 0.013909089379012585 0
1570354792311 0.012810643762350082 0
1570354794015 0.010035552084445953 0
1570354795721 0.012432480230927467 0
1570354797424 0.012046120129525661 0
1570354799203 0.014529911801218987 0
1570354800950 0.011216273531317711 0
1570354802718 0.016602858901023865 0
1570354804409 0.013379247859120369 0
1570354806182 0.009893296286463737 0
1570354807853 0.009981852024793625 0
1570354809541 0.01503156777471304 0
1570354811238 0.016639744862914085 0
1570354812941 0.0148185845464468 0
1570354814704 0.01309003122150898 0
1570354816410 0.013616887852549553 0
1570354818088 0.01457780972123146 0
1570354819745 0.01620488613843918 0
1570354821416 0.0074868397787213326 0
1570354822952 0.01102953590452671 0
1570354824513 0.011051652953028679 0
1570354826093 0.01004260964691639 0
1570354827703 0.009994648396968842 0
1570354829450 0.014132311567664146 0
1570354831139 0.010705428197979927 0
1570354832868 0.011319240555167198 0
1570354834675 0.007729639764875174 0
1570354836250 0.015453195199370384 0
1570354837930 0.01050588022917509 0
1570354839682 0.012588702142238617 0
1570354841355 0.014600252732634544 0
1570354843108 0.012335439212620258 0
1570354844690 0.011937311850488186 0
1570354846311 0.014927967451512814 0
1570354847979 0.011715278960764408 0
1570354849579 0.010641427710652351 0
1570354851191 0.014714621007442474 0
1570354852860 0.011410604231059551 0
1570354854534 0.013178713619709015 0
1570354856174 0.01104778703302145 0
1570354857828 0.011637609452009201 0
1570354859528 0.010827763006091118 0
1570354861200 0.010097537189722061 0
1570354862862 0.018711499869823456 0
1570354864542 0.01148949470371008 0
1570354866193 0.012907874770462513 0
1570354867942 0.010990455746650696 0
1570354869601 0.007556367665529251 0
1570354871277 0.014445860870182514 0
1570354872895 0.01063108816742897 0
1570354874580 0.00984591618180275 0
1570354876246 0.014157934114336967 0
1570354877937 0.011319241486489773 0
1570354879602 0.009824235923588276 0
1570354881353 0.013347414322197437 0
1570354883066 0.00904933176934719 0
1570354884754 0.01341613382101059 0
1570354886482 0.010192597284913063 0
1570354888257 0.013742659240961075 0
1570354889953 0.015035683289170265 0
1570354891675 0.011571679264307022 0
1570354893362 0.011361461132764816 0
1570354895035 0.008821310475468636 0
1570354896742 0.010688476264476776 0
1570354898507 0.00836820900440216 0
1570354900328 0.013857394456863403 0
1570354901956 0.01478014886379242 0
1570354903611 0.010542957112193108 0
1570354905310 0.01087707094848156 0
1570354907118 0.01555482018738985 0
1570354908766 0.007060161791741848 0
1570354910412 0.013570571318268776 0
1570354911950 0.008270874619483948 0
1570354913655 0.011631318368017673 0
1570354915334 0.01352778635919094 0
1570354917084 0.0102127306163311 0
1570354918817 0.010784944519400597 0
1570354920658 0.014515969902276993 0
1570354922431 0.012689761817455292 0
1570354924021 0.012855278328061104 0
1570354925583 0.011183265596628189 0
1570354927301 0.015033669769763947 0
1570354929032 0.008955221623182297 0
1570354930772 0.013412297703325748 0
1570354932475 0.009504110552370548 0
1570354934240 0.01075681485235691 0
1570354935948 0.008536698296666145 0
1570354937687 0.008819042704999447 0
1570354939369 0.009474638849496841 0
1570354941147 0.011200696229934692 0
1570354942946 0.009105545468628407 0
1570354944540 0.011711224913597107 0
1570354946213 0.009037373587489128 0
1570354948009 0.016343487426638603 0
1570354949788 0.012089215219020844 0
1570354951524 0.010391928255558014 0
1570354953141 0.011843038722872734 0
1570354954939 0.008404649794101715 0
1570354956645 0.010386757552623749 0
1570354958354 0.010781895369291306 0
1570354960023 0.01337682455778122 0
1570354961604 0.00937112420797348 0
1570354963298 0.010579804889857769 0
1570354965049 0.010579393245279789 0
1570354966764 0.014781855046749115 0
1570354968494 0.009365222416818142 0
1570354970305 0.012384920381009579 0
1570354972043 0.011476833373308182 0
1570354973642 0.012527641840279102 0
1570354975392 0.014255530200898647 0
1570354977091 0.009510912001132965 0
1570354978819 0.010669447481632233 0
1570354980533 0.008971507661044598 0
1570354982291 0.017240844666957855 0
1570354984041 0.012424945831298828 0
1570354985772 0.011061261408030987 0
1570354987382 0.011978492140769958 0
1570354988995 0.00844382494688034 0
1570354990735 0.01307034119963646 0
1570354992487 0.009591231122612953 0
1570354994184 0.008900079876184464 0
1570354995960 0.010845260694622993 0
1570354997653 0.0070455498062074184 0
1570354999403 0.011956792324781418 0
1570355001118 0.007751752156764269 0
1570355002897 0.0066327620297670364 0
1570355004656 0.012821445241570473 0
1570355006408 0.01137595996260643 0
1570355008116 0.014363937079906464 0
1570355009905 0.0110110342502594 0
1570355011618 0.014311892911791801 0
1570355013310 0.0106472447514534 0
1570355015008 0.008613698184490204 0
1570355016714 0.010062496177852154 0
1570355018482 0.006351860240101814 0
1570355020241 0.009500687010586262 0
1570355021942 0.008507223799824715 0
1570355023520 0.009968738071620464 0
1570355025158 0.013780234381556511 0
1570355026862 0.012958684004843235 0
1570355028600 0.014615760184824467 0
1570355030402 0.011833897791802883 0
1570355032203 0.010511028580367565 0
1570355033921 0.011756807565689087 0
1570355035635 0.009922953322529793 0
1570355037361 0.01365472748875618 0
1570355039141 0.013997982256114483 0
1570355040838 0.008236240595579147 0
1570355042536 0.007953201420605183 0
1570355044364 0.012984822504222393 0
1570355046031 0.011927125975489616 0
1570355047686 0.009141732007265091 0
1570355049407 0.012423123233020306 0
1570355051209 0.01377272978425026 0
1570355052992 0.0122629189863801 0
1570355054740 0.00920400582253933 0
1570355056456 0.009545442648231983 0
1570355058192 0.014164811000227928 0
1570355060034 0.00968417339026928 0
1570355061761 0.008720992133021355 0
1570355063525 0.01047040056437254 0
1570355065265 0.008723539300262928 0
1570355067134 0.011952454224228859 0
1570355068900 0.0084578488022089 0
1570355070612 0.015198968350887299 0
1570355072355 0.012193828821182251 0
1570355074156 0.008407010696828365 0
1570355075997 0.008874781429767609 0
1570355077647 0.010570789687335491 0
1570355079267 0.008069362491369247 0
1570355081075 0.01297680102288723 0
1570355082807 0.011733055114746094 0
1570355084488 0.01182823907583952 0
1570355086261 0.006664850749075413 0
1570355088012 0.012534093111753464 0
1570355089815 0.010314736515283585 0
1570355091609 0.008193343877792358 0
1570355093312 0.008613385260105133 0
1570355094957 0.012644559144973755 0
1570355096719 0.009309988468885422 0
1570355098453 0.01034369133412838 0
1570355100224 0.012749996036291122 0
1570355102027 0.006832449696958065 0
1570355103784 0.01129012368619442 0
1570355105507 0.013522239401936531 0
1570355107220 0.010724618099629879 0
1570355108978 0.008749695494771004 0
1570355110709 0.011492354795336723 0
1570355112442 0.010064298287034035 0
1570355114037 0.0073676202446222305 0
1570355115770 0.007746730465441942 0
1570355117588 0.012523620389401913 0
1570355119342 0.010489489883184433 0
1570355121167 0.011807282455265522 0
1570355122978 0.011119527742266655 0
1570355124692 0.011572454124689102 0
1570355126464 0.009079119190573692 0
1570355128277 0.010520955547690392 0
1570355130016 0.011681709438562393 0
1570355131834 0.010656198486685753 0
1570355133583 0.009344706311821938 0
1570355135321 0.011547209694981575 0
1570355137163 0.0092353206127882 0
1570355138875 0.010445419698953629 0
1570355140610 0.010724320076406002 0
1570355142357 0.011059269309043884 0
1570355144125 0.009851229377090931 0
1570355145820 0.017222702503204346 0
1570355147600 0.010713428258895874 0
1570355149347 0.009421336464583874 0
1570355151094 0.010820167139172554 0
1570355152818 0.00951972883194685 0
1570355154541 0.0117284394800663 0
1570355156369 0.008348224684596062 0
1570355158158 0.006547580473124981 0
1570355159900 0.012613680213689804 0
1570355161616 0.0051148273050785065 0
1570355163314 0.012586800381541252 0
1570355165075 0.012359685264527798 0
1570355166834 0.01562907174229622 0
1570355168556 0.012288888916373253 0
1570355170354 0.008855694904923439 0
1570355172153 0.013820312917232513 0
1570355173884 0.008395273238420486 0
1570355175631 0.01117546483874321 0
1570355177398 0.01235596276819706 0
1570355179224 0.007754934951663017 0
1570355181018 0.011005589738488197 0
1570355182776 0.013048388063907623 0
1570355184596 0.009121274575591087 0
1570355186369 0.010443530976772308 0
1570355188096 0.008420342579483986 0
1570355189872 0.00809522531926632 0
1570355191618 0.01119537279009819 0
1570355193403 0.010156316682696342 0
1570355195137 0.008774532936513424 0
1570355196896 0.009946789592504501 0
1570355198697 0.010268189944326878 0
1570355200565 0.010633409023284912 0
1570355202296 0.006744572892785072 0
1570355203986 0.01290074735879898 0
1570355205693 0.00832071527838707 0
1570355207450 0.007529207970947027 0
1570355209245 0.013375106267631054 0
1570355211011 0.010813821107149124 0
1570355212827 0.008741249330341816 0
1570355214677 0.008315350860357285 0
1570355216452 0.0062722098082304 0
1570355218273 0.008770983666181564 0
1570355219973 0.011050992645323277 0
1570355221723 0.006673519965261221 0
1570355223501 0.011901671066880226 0
1570355225214 0.010911544784903526 0
1570355226889 0.008704504929482937 0
1570355228674 0.008714800700545311 0
1570355230354 0.008251868188381195 0
1570355232081 0.009620852768421173 0
1570355233914 0.008015582337975502 0
1570355235762 0.010663993656635284 0
1570355237563 0.009666458703577518 0
1570355239322 0.01447681337594986 0
1570355241109 0.01172966044396162 0
1570355242922 0.011348254978656769 0
1570355244735 0.01001296192407608 0
1570355246495 0.007838403806090355 0
1570355248322 0.007278406992554665 0
1570355250149 0.011846357956528664 0
1570355251911 0.00877077691257 0
1570355253671 0.009029071778059006 0
1570355255550 0.010082099586725235 0
1570355257373 0.011525936424732208 0
1570355259219 0.0100632943212986 0
1570355260867 0.013382881879806519 0
1570355262669 0.009787414222955704 0
1570355264499 0.009417280554771423 0
1570355266259 0.014009135775268078 0
1570355268025 0.007400203496217728 0
1570355269803 0.01474112831056118 0
1570355271553 0.010853700339794159 0
1570355273247 0.011118648573756218 0
1570355274968 0.008202238008379936 0
1570355276759 0.009001161903142929 0
1570355278554 0.01570964977145195 0
1570355280352 0.00942358560860157 0
1570355282190 0.009098743088543415 0
1570355284033 0.009098179638385773 0
1570355285903 0.011829288676381111 0
1570355287703 0.009348840452730656 0
1570355289456 0.01580638997256756 0
1570355291293 0.00882705394178629 0
1570355293088 0.00820066500455141 0
1570355294938 0.0115119107067585 0
1570355296730 0.014446509070694447 0
1570355298561 0.010740339756011963 0
1570355300254 0.00919889286160469 0
1570355302024 0.012011360377073288 0
1570355303752 0.006806155666708946 0
1570355305611 0.015262847766280174 0
1570355307331 0.013564452528953552 0
1570355309007 0.011594077572226524 0
1570355310724 0.007443642243742943 0
1570355312499 0.013508224859833717 0
1570355314390 0.008270904421806335 0
1570355316125 0.014636089093983173 0
1570355317943 0.00948525220155716 0
1570355319650 0.014472994953393936 0
1570355321362 0.01117683108896017 0
1570355323078 0.009456132538616657 0
1570355324788 0.007647774647921324 0
1570355326513 0.008315697312355042 0
1570355328200 0.01009996049106121 0
1570355329966 0.009864834137260914 0
1570355331756 0.008375267498195171 0
1570355333523 0.00891938991844654 0
1570355335320 0.008438123390078545 0
1570355337158 0.011470887809991837 0
1570355338945 0.008001662790775299 0
1570355340723 0.012240095995366573 0
1570355342490 0.012605337426066399 0
1570355344318 0.00809425674378872 0
1570355346076 0.011173555627465248 0
1570355347874 0.00744984345510602 0
1570355349687 0.008251607418060303 0
1570355351509 0.012373877689242363 0
1570355353310 0.006912130396813154 0
1570355355090 0.0065245246514678 0
1570355356991 0.006976637989282608 0
1570355358820 0.00805255863815546 0
1570355360467 0.012232087552547455 0
1570355362299 0.0077950539998710155 0
1570355364068 0.008648281916975975 0
1570355365854 0.00952516682446003 0
1570355367684 0.006810537073761225 0
1570355369435 0.0076757390052080154 0
1570355371244 0.011238702572882175 0
1570355373043 0.00896482914686203 0
1570355374834 0.010370615869760513 0
1570355376617 0.007636507507413626 0
1570355378521 0.011401670053601265 0
1570355380296 0.010812221094965935 0
1570355382092 0.010336870327591896 0
1570355383886 0.012293880805373192 0
1570355385732 0.010160218924283981 0
1570355387508 0.010934584774076939 0
1570355389305 0.008092001080513 0
1570355391100 0.008441869169473648 0
1570355392946 0.007737684063613415 0
1570355394724 0.008522292599081993 0
1570355396502 0.008867314085364342 0
1570355398277 0.008556418120861053 0
1570355400148 0.006272579543292522 0
1570355401925 0.007331963628530502 0
1570355403710 0.009492437355220318 0
1570355405545 0.011348776519298553 0
1570355407334 0.008355706930160522 0
1570355409152 0.00868942029774189 0
1570355410943 0.009380949661135674 0
1570355412706 0.009504729881882668 0
1570355414465 0.007048882078379393 0
1570355416374 0.01233374048024416 0
1570355418181 0.008049064315855503 0
1570355420003 0.007940558716654778 0
1570355421782 0.006026207935065031 0
1570355423577 0.006850076373666525 0
1570355425373 0.010349271818995476 0
1570355427160 0.008961930871009827 0
1570355428968 0.008796615526080132 0
1570355430759 0.01074086595326662 0
1570355432547 0.008193809539079666 0
1570355434383 0.010883486829698086 0
1570355436173 0.009658423252403736 0
1570355437990 0.008984162472188473 0
1570355439760 0.007548699155449867 0
1570355441644 0.007046226412057877 0
1570355443467 0.008052638731896877 0
1570355445244 0.009768789634108543 0
1570355447011 0.01033606007695198 0
1570355448891 0.01051642931997776 0
1570355450644 0.007828799076378345 0
1570355452369 0.00738141592592001 0
1570355454149 0.008265519514679909 0
1570355455941 0.007454646751284599 0
1570355457796 0.006048629991710186 0
1570355459627 0.012577786110341549 0
1570355461435 0.010202614590525627 0
1570355463311 0.007288062945008278 0
1570355465111 0.008223449811339378 0
1570355466936 0.008142531849443913 0
1570355468774 0.009671669453382492 0
1570355470610 0.006240334361791611 0
1570355472443 0.007540180813521147 0
1570355474284 0.01045789010822773 0
1570355476070 0.01042782049626112 0
1570355477896 0.009578211233019829 0
1570355479757 0.006478003226220608 0
1570355481411 0.009261500090360641 0
1570355483094 0.010672161355614662 0
1570355484949 0.011973802000284195 0
1570355486736 0.012055539526045322 0
1570355488553 0.006577936466783285 0
1570355490373 0.00830748025327921 0
1570355492093 0.008922656066715717 0
1570355493941 0.008270959369838238 0
1570355495610 0.010498862713575363 0
1570355497377 0.009313144721090794 0
1570355499131 0.006677006836980581 0
1570355500869 0.008936038240790367 0
1570355502654 0.007670689839869738 0
1570355504454 0.009859922342002392 0
1570355506329 0.006727457046508789 0
1570355508145 0.008129372261464596 0
1570355509925 0.01101808249950409 0
1570355511767 0.007304291240870953 0
1570355513607 0.008790425024926662 0
1570355515552 0.007516551297158003 0
1570355517400 0.007672415114939213 0
1570355519221 0.007761192042380571 0
1570355521066 0.010738462209701538 0
1570355522965 0.009443874470889568 0
1570355524789 0.009650488384068012 0
1570355526604 0.009148972108960152 0
1570355528464 0.005965815857052803 0
1570355530347 0.010006753727793694 0
1570355532212 0.010874507948756218 0
1570355534042 0.00807122141122818 0
1570355535885 0.0056501529179513454 0
1570355537778 0.006604384630918503 0
1570355539648 0.008609499782323837 0
1570355541427 0.008401784114539623 0
1570355543162 0.008841391652822495 0
1570355545033 0.009366262704133987 0
1570355546871 0.006372019648551941 0
1570355548718 0.008588477037847042 0
1570355550553 0.008479597046971321 0
1570355552349 0.007617754861712456 0
1570355554171 0.00970895029604435 0
1570355556022 0.007405124604701996 0
1570355557856 0.0070605045184493065 0
1570355559684 0.008639590814709663 0
1570355561529 0.009294480085372925 0
1570355563451 0.008027705363929272 0
1570355565320 0.008880319073796272 0
1570355567136 0.005490539595484734 0
1570355568967 0.01024132315069437 0
1570355570830 0.008224550634622574 0
1570355572798 0.009471156634390354 0
1570355574618 0.0067529333755373955 0
1570355576472 0.008293199352920055 0
1570355578312 0.007752303034067154 0
1570355580130 0.010481186211109161 0
1570355582027 0.012722594663500786 0
1570355583825 0.007953988388180733 0
1570355585658 0.01231914758682251 0
1570355587519 0.008574606850743294 0
1570355589398 0.0078738359734416 0
1570355591238 0.006256386637687683 0
1570355593125 0.009701782837510109 0
1570355594966 0.010224578902125359 0
1570355596879 0.007559462916105986 0
1570355598722 0.006803283002227545 0
1570355600591 0.012128300033509731 0
1570355602441 0.008153410628437996 0
1570355604287 0.01047434937208891 0
1570355606147 0.012998301535844803 0
1570355607991 0.010453209280967712 0
1570355609808 0.008316649124026299 0
1570355611671 0.00893697515130043 0
1570355613555 0.009601626545190811 0
1570355615346 0.006657013203948736 0
1570355617175 0.006734134163707495 0
1570355619108 0.008488578721880913 0
1570355621051 0.008812809363007545 0
1570355622893 0.009237329475581646 0
1570355624726 0.008069885894656181 0
1570355626566 0.007892373949289322 0
1570355628392 0.0090709887444973 0
1570355630219 0.008819308131933212 0
1570355632049 0.009720036759972572 0
1570355633915 0.006764511577785015 0
1570355635771 0.00968161504715681 0
1570355637662 0.007790748495608568 0
1570355639543 0.00927444826811552 0
1570355641414 0.01295568235218525 0
1570355643303 0.006883641704916954 0
1570355645131 0.008817637339234352 0
1570355646978 0.0077241649851202965 0
1570355648761 0.011342959478497505 0
1570355650591 0.013609237968921661 0
1570355652302 0.007938802242279053 0
1570355654129 0.007994621060788631 0
1570355656036 0.008001844398677349 0
1570355657871 0.007792242802679539 0
1570355659752 0.007251526229083538 0
1570355661659 0.006229924503713846 0
1570355663615 0.00950222834944725 0
1570355665332 0.00660176295787096 0
1570355667184 0.007788491435348988 0
1570355669016 0.009038635529577732 0
1570355670927 0.012215068563818932 0
1570355672756 0.010949344374239445 0
1570355674517 0.006699108052998781 0
1570355676331 0.011200159788131714 0
1570355678294 0.006344810128211975 0
1570355680205 0.00880410335958004 0
1570355682039 0.009845967404544353 0
1570355683885 0.007880586199462414 0
1570355685727 0.008379660546779633 0
1570355687535 0.01151338778436184 0
1570355689359 0.006229785270988941 0
1570355691197 0.009756316430866718 0
1570355693024 0.009065147489309311 0
1570355694786 0.008492190390825272 0
1570355696572 0.006234740372747183 0
1570355698318 0.01077613327652216 0
1570355700196 0.00618438795208931 0
1570355702022 0.00709359347820282 0
1570355703808 0.009961012750864029 0
1570355705549 0.00925867073237896 0
1570355707516 0.00849079992622137 0
1570355709363 0.010822718963027 0
1570355711250 0.007966432720422745 0
1570355713101 0.012008857913315296 0
1570355714859 0.011826379224658012 0
1570355716679 0.009697271510958672 0
1570355718534 0.008113590069115162 0
1570355720363 0.009834028780460358 0
1570355722233 0.008255844935774803 0
1570355724067 0.006525925826281309 0
1570355725893 0.010378610342741013 0
1570355727724 0.003878348506987095 0
1570355729728 0.008694691583514214 0
1570355731561 0.009072413668036461 0
1570355733311 0.008835878223180771 0
1570355735132 0.008656907826662064 0
1570355736865 0.008990151807665825 0
1570355738735 0.007087524980306625 0
1570355740561 0.015448879450559616 0
1570355742359 0.007399342022836208 0
1570355744288 0.010028108954429626 0
1570355746097 0.011824166402220726 0
1570355747957 0.007168129086494446 0
1570355749745 0.008988532237708569 0
1570355751645 0.006539702415466309 0
1570355753495 0.008418132551014423 0
1570355755380 0.0074248784221708775 0
1570355757243 0.009668763726949692 0
1570355759098 0.008095065131783485 0
1570355760978 0.007405313663184643 0
1570355762855 0.007627347484230995 0
1570355764706 0.01044881995767355 0
1570355766592 0.006424530874937773 0
1570355768454 0.010477649047970772 0
1570355770330 0.007029907777905464 0
1570355772232 0.009284373372793198 0
1570355774106 0.0075285895727574825 0
1570355775859 0.007313116919249296 0
1570355777584 0.007689529564231634 0
1570355779405 0.01136467233300209 0
1570355781253 0.008012454956769943 0
1570355783086 0.00854126363992691 0
1570355784928 0.01023898459970951 0
1570355786591 0.007401023060083389 0
1570355788288 0.010787238366901875 0
1570355789993 0.00750535074621439 0
1570355791792 0.007116586901247501 0
1570355793620 0.008112184703350067 0
1570355795514 0.007136484608054161 0
1570355797353 0.008354976773262024 0
1570355799243 0.006101489532738924 0
1570355801087 0.008115177974104881 0
1570355802993 0.007573702372610569 0
1570355804859 0.010840414091944695 0
1570355806694 0.008341459557414055 0
1570355808455 0.007338314782828093 0
1570355810417 0.006954657379537821 0
1570355812320 0.005849323235452175 0
1570355814150 0.00796743854880333 0
1570355816021 0.006142147816717625 0
1570355817979 0.008147189393639565 0
1570355819799 0.008304242976009846 0
1570355821653 0.00829278863966465 0
1570355823498 0.004902855027467012 0
1570355825374 0.007362726144492626 0
1570355827278 0.005775769241154194 0
1570355829117 0.007252022624015808 0
1570355830963 0.007887206971645355 0
1570355832822 0.009914003312587738 0
1570355834670 0.008769107982516289 0
1570355836530 0.010148994624614716 0
1570355838368 0.00862223468720913 0
1570355840300 0.011488866992294788 0
1570355842194 0.009913358837366104 0
1570355844043 0.008171181194484234 0
1570355845943 0.011613011360168457 0
1570355847875 0.007006809115409851 0
1570355849760 0.0072419787757098675 0
1570355851628 0.006929770112037659 0
1570355853503 0.01084724348038435 0
1570355855414 0.0068611158058047295 0
1570355857377 0.006870928220450878 0
1570355859160 0.009528005495667458 0
1570355861033 0.008602052927017212 0
1570355862935 0.007784551940858364 0
1570355864769 0.008316177874803543 0
1570355866619 0.00777442567050457 0
1570355868484 0.008983001112937927 0
1570355870289 0.008151856251060963 0
1570355872210 0.008774269372224808 0
1570355874034 0.007373585365712643 0
1570355875914 0.009257873520255089 0
1570355877763 0.007973525673151016 0
1570355879614 0.01155499555170536 0
1570355881455 0.008810389786958694 0
1570355883326 0.009000297635793686 0
1570355885183 0.008726175874471664 0
1570355887056 0.006195417605340481 0
1570355888887 0.006917268503457308 0
1570355890758 0.006549334153532982 0
1570355892566 0.007087482139468193 0
1570355894468 0.007499519735574722 0
1570355896243 0.008122647181153297 0
1570355898065 0.005219881888478994 0
1570355899943 0.0077610919252038 0
1570355901862 0.006536721717566252 0
1570355903783 0.009451310150325298 0
1570355905667 0.008260546252131462 0
1570355907624 0.008529789745807648 0
1570355909512 0.010285940952599049 0
1570355911400 0.011924639344215393 0
1570355913251 0.01022578589618206 0
1570355915159 0.006948298774659634 0
1570355916890 0.008398272097110748 0
1570355918746 0.005231563933193684 0
1570355920631 0.005469117313623428 0
1570355922384 0.010083607397973537 0
1570355924232 0.013602428138256073 0
1570355926112 0.007769453339278698 0
1570355927940 0.009693740867078304 0
1570355929791 0.005600862205028534 0
1570355931624 0.014756081625819206 0
1570355933507 0.006435933522880077 0
1570355935371 0.010284324176609516 0
1570355937240 0.008709417656064034 0
1570355939067 0.0077394284307956696 0
1570355940923 0.006305908318608999 0
1570355942779 0.007301982492208481 0
1570355944633 0.007427805103361607 0
1570355946495 0.00980142131447792 0
1570355948369 0.008641764521598816 0
1570355950268 0.007591884583234787 0
1570355952255 0.009024709463119507 0
1570355954172 0.009419979527592659 0
1570355956057 0.00545020354911685 0
1570355957952 0.00773274851962924 0
1570355959928 0.00792638584971428 0
1570355961877 0.006286471150815487 0
1570355963752 0.008202452212572098 0
1570355965657 0.009186473675072193 0
1570355967656 0.006863144226372242 0
1570355969616 0.010770927183330059 0
1570355971556 0.009210311807692051 0
1570355973527 0.007074709981679916 0
1570355975507 0.010167498141527176 0
1570355977399 0.0058342935517430305 0
1570355979341 0.0057000755332410336 0
1570355981247 0.008506625890731812 0
1570355983178 0.010264580138027668 0
1570355985065 0.008811574429273605 0
1570355986967 0.0055446624755859375 0
1570355988868 0.005525677464902401 0
1570355990767 0.008729202672839165 0
1570355992708 0.005853413604199886 0
1570355994594 0.008693255484104156 0
1570355996484 0.007801554165780544 0
1570355998401 0.005169624462723732 0
1570356000356 0.004856285639107227 0
1570356002256 0.00648876978084445 0
1570356004163 0.008491875603795052 0
1570356006112 0.0059449682012200356 0
1570356008037 0.006503683514893055 0
1570356009949 0.0057695284485816956 0
1570356011846 0.010295765474438667 0
1570356013821 0.007770801428705454 0
1570356015783 0.010102316737174988 0
1570356017643 0.007273232564330101 0
1570356019554 0.006865748204290867 0
1570356021534 0.005707784555852413 0
1570356023477 0.007160487584769726 0
1570356025398 0.010115468874573708 0
1570356027299 0.008615972474217415 0
1570356029259 0.006614346988499165 0
1570356031229 0.008581532165408134 0
1570356033116 0.00755600119009614 0
1570356035009 0.006072887219488621 0
1570356036975 0.00843327958136797 0
1570356038918 0.010212616994976997 0
1570356040868 0.00942976400256157 0
1570356042699 0.008846506476402283 0
1570356044531 0.005355443339794874 0
1570356046480 0.007021310273557901 0
1570356048391 0.006775148678570986 0
1570356050311 0.008145106956362724 0
1570356052292 0.0065296720713377 0
1570356054275 0.008642837405204773 0
1570356056180 0.006271038204431534 0
1570356058107 0.006910559721291065 0
1570356060076 0.007014107424765825 0
1570356062028 0.006273968145251274 0
1570356063947 0.004747680388391018 0
1570356065959 0.006305505521595478 0
1570356067849 0.008884059265255928 0
1570356069728 0.008098399266600609 0
1570356071608 0.008016900159418583 0
1570356073499 0.007464137859642506 0
1570356075367 0.008544020354747772 0
1570356077310 0.00648539699614048 0
1570356079231 0.012918967753648758 0
1570356081171 0.009783136658370495 0
1570356082958 0.00536721758544445 0
1570356084862 0.009189039468765259 0
1570356086818 0.010744566097855568 0
1570356088752 0.009233180433511734 0
1570356090698 0.008576035499572754 0
1570356092657 0.0076784659177064896 0
1570356094552 0.006577406544238329 0
1570356096467 0.0071234372444450855 0
1570356098441 0.007309066131711006 0
1570356100404 0.004861852154135704 0
1570356102320 0.010539337992668152 0
1570356104250 0.007841886952519417 0
1570356106233 0.007630570791661739 0
1570356108204 0.008703216910362244 0
1570356110148 0.006242730654776096 0
1570356112090 0.0059939660131931305 0
1570356114009 0.008089978247880936 0
1570356115910 0.0074262479320168495 0
1570356117719 0.006223415955901146 0
1570356119653 0.00669794250279665 0
1570356121533 0.006013060919940472 0
1570356123378 0.007487178780138493 0
1570356125223 0.006610685959458351 0
1570356127060 0.006900550797581673 0
1570356129069 0.008633678779006004 0
1570356131057 0.008306100964546204 0
1570356132980 0.00811372883617878 0
1570356134978 0.006320075131952763 0
1570356136892 0.005497824400663376 0
1570356138801 0.012233573012053967 0
1570356140754 0.007016672752797604 0
1570356142659 0.006633243523538113 0
1570356144584 0.007546222768723965 0
1570356146521 0.006554901599884033 0
1570356148436 0.006737096235156059 0
1570356150366 0.0056806448847055435 0
1570356152358 0.004743421450257301 0
1570356154316 0.010921076871454716 0
1570356156242 0.007427819538861513 0
1570356158246 0.006438066251575947 0
1570356160274 0.004759743344038725 0
1570356162213 0.009556914679706097 0
1570356164177 0.006715770810842514 0
1570356166181 0.009920679032802582 0
1570356168094 0.005294200032949448 0
1570356170087 0.006706814281642437 0
1570356172052 0.008733624592423439 0
1570356173996 0.006738821975886822 0
1570356175922 0.007350205909460783 0
1570356177912 0.007610172964632511 0
1570356179855 0.009787347167730331 0
1570356181854 0.007383403368294239 0
1570356183848 0.007855437695980072 0
1570356185716 0.0066878944635391235 0
1570356187595 0.0061528924852609634 0
1570356189550 0.008645504713058472 0
1570356191491 0.007479671388864517 0
1570356193476 0.01026118639856577 0
1570356195403 0.008891040459275246 0
1570356197429 0.006674722768366337 0
1570356199398 0.007333040237426758 0
1570356201341 0.006453126668930054 0
1570356203306 0.008217744529247284 0
1570356205232 0.007957895286381245 0
1570356207270 0.007845832034945488 0
1570356209190 0.00783564429730177 0
1570356211102 0.007347102742642164 0
1570356213040 0.007546580396592617 0
1570356215078 0.01245637983083725 0
1570356217190 0.005497679114341736 0
1570356219160 0.00798534695059061 0
1570356221077 0.007393654435873032 0
1570356223077 0.007865017279982567 0
1570356225036 0.008969170972704887 0
1570356226986 0.00849758367985487 0
1570356228918 0.007636992260813713 0
1570356230899 0.008875172585248947 0
1570356232887 0.006895680911839008 0
1570356234840 0.00891990214586258 0
1570356236863 0.006491127423942089 0
1570356238761 0.007928016595542431 0
1570356240762 0.00985303707420826 0
1570356242709 0.007280173245817423 0
1570356244690 0.0060556503012776375 0
1570356246763 0.0049754548817873 0
1570356248715 0.008468711748719215 0
1570356250682 0.007185162045061588 0
1570356252487 0.006364887580275536 0
1570356254415 0.007433411665260792 0
1570356256349 0.005825535394251347 0
1570356258336 0.006190022453665733 0
1570356260262 0.009087666869163513 0
1570356262261 0.006095253862440586 0
1570356264218 0.0077140191569924355 0
1570356266188 0.00647850101813674 0
1570356268161 0.007236269302666187 0
1570356270247 0.006334218196570873 0
1570356272205 0.007714245468378067 0
1570356274145 0.006974171847105026 0
1570356276079 0.006390056107193232 0
1570356278136 0.010384303517639637 0
1570356280180 0.012521294876933098 0
1570356282134 0.008546118624508381 0
1570356284102 0.005921190604567528 0
1570356286116 0.0068281833082437515 0
1570356288095 0.006782598327845335 0
1570356290037 0.006669493857771158 0
1570356292071 0.010191811248660088 0
1570356294057 0.008527100086212158 0
1570356296039 0.0075364611111581326 0
1570356298005 0.009061191231012344 0
1570356299896 0.005511806346476078 0
1570356301789 0.0085533382371068 0
1570356303708 0.007361497264355421 0
1570356305633 0.007423889823257923 0
1570356307564 0.007755378261208534 0
1570356309486 0.0061563788913190365 0
1570356311483 0.006835330743342638 0
1570356313477 0.006674144417047501 0
1570356315439 0.006086100824177265 0
1570356317432 0.0076546939089894295 0
1570356319438 0.008571108803153038 0
1570356321455 0.005827831570059061 0
1570356323402 0.006132649723440409 0
1570356325350 0.005621298681944609 0
1570356327311 0.008608760312199593 0
1570356329193 0.006723068188875914 0
1570356331095 0.00809137336909771 0
1570356333034 0.009802214801311493 0
1570356334990 0.007678830996155739 0
1570356336919 0.006531125865876675 0
1570356338856 0.006578217260539532 0
1570356340873 0.007740523666143417 0
1570356342843 0.008250165730714798 0
1570356344752 0.00635471660643816 0
1570356346691 0.00758690619841218 0
1570356348643 0.011841759085655212 0
1570356350686 0.00921703688800335 0
1570356352624 0.007297216914594173 0
1570356354606 0.007595594972372055 0
1570356356552 0.006132920738309622 0
1570356358514 0.006958174519240856 0
1570356360417 0.006485193036496639 0
1570356362343 0.007153297774493694 0
1570356364287 0.005182910244911909 0
1570356366191 0.010960611514747143 0
1570356368108 0.004921416752040386 0
1570356370016 0.007517518941313028 0
1570356372002 0.00896443985402584 0
1570356373921 0.007009559310972691 0
1570356375887 0.005359274335205555 0
1570356377774 0.005977120250463486 0
1570356379728 0.006863546557724476 0
1570356381752 0.007032153662294149 0
1570356383694 0.009024272672832012 0
1570356385624 0.007651600055396557 0
1570356387644 0.005874015390872955 0
1570356389626 0.0064528146758675575 0
1570356391525 0.006212401669472456 0
1570356393463 0.005763250403106213 0
1570356395413 0.0076446495950222015 0
1570356397414 0.0064178286120295525 0
1570356399403 0.008964331820607185 0
1570356401325 0.0063559566624462605 0
1570356403323 0.009556286036968231 0
1570356405253 0.01090629305690527 0
1570356407174 0.004843427799642086 0
1570356409103 0.006514976732432842 0
1570356411207 0.008306624367833138 0
1570356413123 0.007596169598400593 0
1570356415126 0.0070274993777275085 0
1570356417166 0.0053279707208275795 0
1570356419188 0.00686256680637598 0
1570356421171 0.005838387180119753 0
1570356423242 0.0072097573429346085 0
1570356425250 0.006701119244098663 0
1570356427201 0.005585150793194771 0
1570356429053 0.008842003531754017 0
1570356430867 0.007632456719875336 0
1570356432850 0.008306954056024551 0
1570356434868 0.005157299339771271 0
1570356436817 0.007671664468944073 0
1570356438650 0.0042429231107234955 0
1570356440526 0.005097508430480957 0
1570356442466 0.007090667728334665 0
1570356444301 0.0067806849256157875 0
1570356446203 0.005817043129354715 0
1570356448128 0.005674135871231556 0
1570356450095 0.005964393727481365 0
1570356452108 0.007817266508936882 0
1570356454089 0.005561575293540955 0
1570356456064 0.006192607805132866 0
1570356458060 0.006086992099881172 0
1570356460048 0.005343602504581213 0
1570356462039 0.006933863274753094 0
1570356463989 0.007859710603952408 0
1570356465979 0.010068311356008053 0
1570356467883 0.005469972267746925 0
1570356469868 0.005902278237044811 0
1570356471902 0.007092314772307873 0
1570356473884 0.0044828783720731735 0
1570356475864 0.005898268893361092 0
1570356477852 0.007363524287939072 0
1570356479861 0.00791914388537407 0
1570356481818 0.007889939472079277 0
1570356483856 0.007395607419312 0
1570356485860 0.008114962838590145 0
1570356487929 0.005293734837323427 0
1570356489959 0.008819952607154846 0
1570356491947 0.00790737196803093 0
1570356494001 0.008912559598684311 0
1570356496041 0.007825473323464394 0
1570356498013 0.006168704945594072 0
1570356500002 0.005677572451531887 0
1570356501933 0.007216226309537888 0
1570356503957 0.006991981528699398 0
1570356505941 0.004688124172389507 0
1570356507951 0.008126035332679749 0
1570356510040 0.010940547101199627 0
1570356512102 0.007504153996706009 0
1570356514037 0.003461875021457672 0
1570356515934 0.007896065711975098 0
1570356517799 0.005856448784470558 0
1570356519810 0.005257462151348591 0
1570356521784 0.006009078584611416 0
1570356523741 0.008147909305989742 0
1570356525720 0.007369013968855143 0
1570356527675 0.004953077062964439 0
1570356529648 0.005599542520940304 0
1570356531620 0.006195896305143833 0
1570356533668 0.005813919007778168 0
1570356535631 0.005680995061993599 0
1570356537615 0.005559631623327732 0
1570356539600 0.006067193113267422 0
1570356541595 0.00800029095262289 0
1570356543592 0.006397733930498362 0
1570356545567 0.006902498658746481 0
1570356547535 0.007597535382956266 0
