1570352979938 1.0885628461837769 0
1570352985745 0.9555719494819641 0
1570352989470 0.7325866222381592 0
1570352990721 0.8333189487457275 0
1570352996835 0.622380256652832 0
1570352999192 0.6151491403579712 0
1570353001716 0.9995854496955872 0
1570353003950 0.8248403668403625 0
1570353007847 0.927655816078186 0
1570353009150 0.7548867464065552 0
1570353010485 0.7149335741996765 0
1570353012049 0.722663402557373 0
1570353014383 0.6429196000099182 0
1570353016678 0.45324599742889404 0
1570353018690 0.5153541564941406 0
1570353020685 0.49194180965423584 0
1570353022626 0.7858823537826538 0
1570353024670 0.6906995177268982 0
1570353026846 0.5425529479980469 0
1570353029864 0.6841491460800171 0
1570353033675 0.5890687704086304 0
1570353035118 0.6138455867767334 0
1570353037251 0.5897942781448364 0
1570353039820 0.6001918315887451 0
1570353041073 0.5363758206367493 0
1570353042350 0.5828791856765747 0
1570353043999 0.628195583820343 0
1570353045985 0.5259028673171997 0
1570353047959 0.5793256759643555 0
1570353049629 0.6400116682052612 0
1570353051298 0.5756384134292603 0
1570353053754 0.537268877029419 0
1570353055357 0.5267728567123413 0
1570353057206 0.5472078323364258 0
1570353058823 0.6108013391494751 0
1570353061182 0.6456336379051208 0
1570353062565 0.6254391074180603 0
1570353064528 0.42502278089523315 0
1570353067216 0.64066481590271 0
1570353068946 0.45840802788734436 0
1570353070517 0.5610125064849854 0
1570353072725 0.6070932149887085 0
1570353074361 0.640112042427063 0
1570353075787 0.5364071726799011 0
1570353077298 0.5101883411407471 0
1570353079097 0.45557552576065063 0
1570353080694 0.5287967920303345 0
1570353082247 0.5139118432998657 0
1570353083852 0.6347877383232117 0
1570353085680 0.5678991079330444 0
1570353086914 0.5713473558425903 0
1570353088704 0.43836307525634766 0
1570353090193 0.5508303642272949 0
1570353092240 0.4911094605922699 0
1570353093562 0.5334571599960327 0
1570353094815 0.6394023895263672 0
1570353096012 0.5041240453720093 0
1570353097848 0.4895314574241638 0
1570353099567 0.5046700835227966 0
1570353100962 0.4380536377429962 0
1570353102492 0.5751625299453735 0
1570353104842 0.5498318076133728 0
1570353106901 0.5749372243881226 0
1570353108556 0.5003746747970581 0
1570353110092 0.5595183968544006 0
1570353111314 0.42254722118377686 0
1570353112552 0.5441935062408447 0
1570353114227 0.5122270584106445 0
1570353115475 0.5509957075119019 0
1570353116797 0.5527868270874023 0
1570353118731 0.45367616415023804 0
1570353119954 0.5465124249458313 0
1570353121230 0.5769040584564209 0
1570353122644 0.624524712562561 0
1570353124351 0.6068947315216064 0
1570353125628 0.4626109302043915 0
1570353126886 0.4803234934806824 0
1570353128255 0.4914247393608093 0
1570353129813 0.42912524938583374 0
1570353131371 0.42331090569496155 0
1570353132709 0.495266854763031 0
1570353134012 0.5334891676902771 0
1570353135390 0.5088548064231873 0
1570353137399 0.5625215768814087 0
1570353138642 0.49710726737976074 0
1570353139884 0.4258387088775635 0
1570353141209 0.4405410587787628 0
1570353142473 0.5047192573547363 0
1570353144386 0.43099337816238403 0
1570353145890 0.5032819509506226 0
1570353147352 0.42666465044021606 0
1570353149138 0.4102305471897125 0
1570353150500 0.5189896821975708 0
1570353151732 0.450701504945755 0
1570353153264 0.42542263865470886 0
1570353154523 0.4544885754585266 0
1570353155794 0.48345643281936646 0
1570353157083 0.4211117923259735 0
1570353158391 0.5528541207313538 0
1570353160010 0.48094579577445984 0
1570353161376 0.4345241189002991 0
1570353162641 0.484706848859787 0
1570353163854 0.36749503016471863 0
1570353165082 0.41555362939834595 0
1570353166348 0.3693980574607849 0
1570353167730 0.43208375573158264 0
1570353169032 0.5166624784469604 0
1570353170362 0.44960349798202515 0
1570353171629 0.5223138332366943 0
1570353172965 0.34920796751976013 0
1570353174228 0.4668586850166321 0
1570353175456 0.3636445999145508 0
1570353176748 0.4218892455101013 0
1570353178010 0.398076593875885 0
1570353179345 0.40345314145088196 0
1570353180693 0.3272702991962433 0
1570353182000 0.4228505492210388 0
1570353183327 0.45794597268104553 0
1570353184618 0.44223710894584656 0
1570353185874 0.4509789049625397 0
1570353187104 0.34274786710739136 0
1570353188300 0.4773281216621399 0
1570353189545 0.4752694368362427 0
1570353190720 0.42368340492248535 0
1570353192034 0.5157890915870667 0
1570353193297 0.41996434330940247 0
1570353194585 0.404397189617157 0
1570353195899 0.34412717819213867 0
1570353197183 0.37711089849472046 0
1570353198503 0.35779500007629395 0
1570353199812 0.33839237689971924 0
1570353201186 0.44057872891426086 0
1570353202431 0.376465380191803 0
1570353203731 0.40112555027008057 0
1570353205109 0.3494613766670227 0
1570353206404 0.5072687864303589 0
1570353207631 0.3811207413673401 0
1570353208870 0.34894680976867676 0
1570353210176 0.36893847584724426 0
1570353211505 0.46536529064178467 0
1570353212778 0.40116608142852783 0
1570353214180 0.42197754979133606 0
1570353215492 0.3006235361099243 0
1570353216780 0.37287580966949463 0
1570353218094 0.4466957449913025 0
1570353219438 0.3828640580177307 0
1570353220814 0.36247697472572327 0
1570353222129 0.3502533435821533 0
1570353223461 0.43590444326400757 0
1570353224759 0.3794793486595154 0
1570353226070 0.39092129468917847 0
1570353227319 0.4227968156337738 0
1570353228581 0.39557772874832153 0
1570353229834 0.5427360534667969 0
1570353231106 0.4824424088001251 0
1570353232407 0.4238797128200531 0
1570353233750 0.4486289620399475 0
1570353235062 0.4278240501880646 0
1570353236539 0.32205772399902344 0
1570353237954 0.4388353228569031 0
1570353239310 0.5259019732475281 0
1570353240691 0.3932594954967499 0
1570353241942 0.38030776381492615 0
1570353243172 0.32504627108573914 0
1570353244446 0.4014773666858673 0
1570353245740 0.30484068393707275 0
1570353247036 0.31977224349975586 0
1570353248356 0.3686981797218323 0
1570353249633 0.4039830267429352 0
1570353250943 0.4114518165588379 0
1570353252338 0.3638048768043518 0
1570353253686 0.37711861729621887 0
1570353254922 0.3479492664337158 0
1570353256172 0.3648145794868469 0
1570353257480 0.3247053325176239 0
1570353258814 0.3636034429073334 0
1570353260181 0.3586089015007019 0
1570353261467 0.3385874330997467 0
1570353262868 0.42556923627853394 0
1570353264152 0.34384292364120483 0
1570353265522 0.3300803303718567 0
1570353266932 0.3921052813529968 0
1570353268361 0.32302385568618774 0
1570353269686 0.4282433092594147 0
1570353270924 0.3398367166519165 0
1570353272357 0.558551549911499 0
1570353273749 0.3507651090621948 0
1570353275068 0.3159099519252777 0
1570353276340 0.5149847865104675 0
1570353277704 0.29424434900283813 0
1570353279065 0.4253584146499634 0
1570353280422 0.26693883538246155 0
1570353281864 0.34304553270339966 0
1570353283226 0.381258487701416 0
1570353284514 0.34565743803977966 0
1570353285833 0.3191937804222107 0
1570353287178 0.3703652620315552 0
1570353288544 0.35820239782333374 0
1570353289892 0.39329472184181213 0
1570353291186 0.4108549952507019 0
1570353292467 0.28989139199256897 0
1570353293840 0.35945653915405273 0
1570353295100 0.35820192098617554 0
1570353296335 0.31828176975250244 0
1570353297613 0.3219011425971985 0
1570353298906 0.31059354543685913 0
1570353300203 0.3255581259727478 0
1570353301647 0.3489195704460144 0
1570353303016 0.34327584505081177 0
1570353304391 0.38544708490371704 0
1570353305665 0.3444485068321228 0
1570353306961 0.2810510993003845 0
1570353308238 0.396220326423645 0
1570353309661 0.3073345422744751 0
1570353311018 0.35012438893318176 0
1570353312324 0.4404882788658142 0
1570353313597 0.3051282465457916 0
1570353314983 0.3999360203742981 0
1570353316389 0.41196128726005554 0
1570353317775 0.2870681881904602 0
1570353319257 0.3716243803501129 0
1570353320685 0.3687504529953003 0
1570353322097 0.2669825553894043 0
1570353323462 0.27787619829177856 0
1570353324845 0.3409622609615326 0
1570353326275 0.43143096566200256 0
1570353327631 0.34203892946243286 0
1570353328964 0.3498188853263855 0
1570353330251 0.45218801498413086 0
1570353331529 0.4350886940956116 0
1570353332948 0.4288195073604584 0
1570353334324 0.32412493228912354 0
1570353335614 0.29548126459121704 0
1570353336884 0.33188629150390625 0
1570353338184 0.3927900791168213 0
1570353339567 0.40634435415267944 0
1570353340954 0.33381593227386475 0
1570353342225 0.2865341305732727 0
1570353343514 0.23999157547950745 0
1570353344844 0.3108343482017517 0
1570353346220 0.3255012631416321 0
1570353347665 0.34957045316696167 0
1570353349125 0.335595965385437 0
1570353350534 0.32369744777679443 0
1570353351808 0.4417109489440918 0
1570353353146 0.329740047454834 0
1570353354451 0.37656980752944946 0
1570353355828 0.34022486209869385 0
1570353357257 0.26518747210502625 0
1570353358576 0.36145684123039246 0
1570353359931 0.3226951062679291 0
1570353361350 0.3290805220603943 0
1570353362766 0.31135833263397217 0
1570353364185 0.22168508172035217 0
1570353365635 0.44043606519699097 0
1570353367008 0.30154237151145935 0
1570353368340 0.4282974302768707 0
1570353369824 0.24996435642242432 0
1570353371166 0.25699400901794434 0
1570353372499 0.4649401307106018 0
1570353373965 0.3691314458847046 0
1570353375343 0.34342801570892334 0
1570353376721 0.30630502104759216 0
1570353378029 0.29958152770996094 0
1570353379329 0.32355326414108276 0
1570353380630 0.3266526460647583 0
1570353381982 0.3248444199562073 0
1570353383489 0.36798012256622314 0
1570353384885 0.2573137879371643 0
1570353386274 0.32129478454589844 0
1570353387607 0.33427557349205017 0
1570353388991 0.28480273485183716 0
1570353390298 0.3635997772216797 0
1570353391649 0.3286631107330322 0
1570353393033 0.2972163259983063 0
1570353394439 0.30530592799186707 0
1570353395814 0.2686222791671753 0
1570353397101 0.3751294016838074 0
1570353398507 0.3326669931411743 0
1570353399796 0.3177601099014282 0
1570353401088 0.21940268576145172 0
1570353402480 0.29556286334991455 0
1570353403741 0.3386809825897217 0
1570353405145 0.3780083954334259 0
1570353406537 0.3813784122467041 0
1570353407892 0.3819568455219269 0
1570353409212 0.2559911906719208 0
1570353410541 0.33369916677474976 0
1570353411853 0.3812694847583771 0
1570353413186 0.30096128582954407 0
1570353414566 0.3277641534805298 0
1570353415900 0.343106210231781 0
1570353417297 0.24119412899017334 0
1570353418601 0.19528105854988098 0
1570353420006 0.40511247515678406 0
1570353421326 0.35562843084335327 0
1570353422636 0.2421019971370697 0
1570353424021 0.37251466512680054 0
1570353425413 0.3292120695114136 0
1570353426792 0.31261497735977173 0
1570353428059 0.33328866958618164 0
1570353429357 0.3107624053955078 0
1570353430737 0.2954432964324951 0
1570353432104 0.30355000495910645 0
1570353433388 0.3617684841156006 0
1570353434654 0.2977139949798584 0
1570353435845 0.3347339928150177 0
1570353437139 0.375210165977478 0
1570353438459 0.25245144963264465 0
1570353439726 0.25147804617881775 0
1570353441079 0.3909018039703369 0
1570353442392 0.3023170232772827 0
1570353443724 0.32425153255462646 0
1570353445060 0.3557913899421692 0
1570353446536 0.2588915228843689 0
1570353447954 0.3324558734893799 0
1570353449410 0.3066878020763397 0
1570353450764 0.3944666385650635 0
1570353452063 0.3367423415184021 0
1570353453343 0.24328672885894775 0
1570353454613 0.32956400513648987 0
1570353455874 0.30087810754776 0
1570353457149 0.35036417841911316 0
1570353458509 0.4841923415660858 0
1570353460030 0.27147161960601807 0
1570353461361 0.3456638753414154 0
1570353462657 0.2344067245721817 0
1570353464026 0.35655298829078674 0
1570353465466 0.37798571586608887 0
1570353466909 0.2750905752182007 0
1570353468354 0.3151623010635376 0
1570353469820 0.29111146926879883 0
1570353471305 0.300031840801239 0
1570353472740 0.2682958245277405 0
1570353474204 0.36509838700294495 0
1570353475651 0.29426872730255127 0
1570353477131 0.4515482187271118 0
1570353478589 0.4379117488861084 0
1570353480026 0.35150575637817383 0
1570353481475 0.3513333201408386 0
1570353482991 0.31726136803627014 0
1570353484440 0.2860230803489685 0
1570353485840 0.26825597882270813 0
1570353487308 0.26863425970077515 0
1570353488815 0.2968791723251343 0
1570353490367 0.3239065110683441 0
1570353491920 0.22989806532859802 0
1570353493413 0.2936399281024933 0
1570353494879 0.2822301983833313 0
1570353496247 0.2410707026720047 0
1570353497662 0.3814951479434967 0
1570353498992 0.25142496824264526 0
1570353500352 0.34127476811408997 0
1570353501657 0.28088170289993286 0
1570353503187 0.2531648576259613 0
1570353504716 0.33248960971832275 0
1570353506113 0.3561895787715912 0
1570353507433 0.28895488381385803 0
1570353508770 0.279681921005249 0
1570353510076 0.3753141164779663 0
1570353511405 0.2734726667404175 0
1570353512791 0.26635074615478516 0
1570353514164 0.39333418011665344 0
1570353515519 0.2509722113609314 0
1570353516839 0.23262163996696472 0
1570353518182 0.269168496131897 0
1570353519634 0.2522880733013153 0
1570353521024 0.23750458657741547 0
1570353522386 0.41567695140838623 0
1570353523780 0.2459488958120346 0
1570353525207 0.3972086012363434 0
1570353526624 0.3488186001777649 0
1570353527996 0.2921360433101654 0
1570353529299 0.3698961138725281 0
1570353530868 0.32780027389526367 0
1570353532330 0.21089310944080353 0
1570353533813 0.24189236760139465 0
1570353535245 0.3751506209373474 0
1570353536687 0.3453579545021057 0
1570353538164 0.31859689950942993 0
1570353539616 0.29435694217681885 0
1570353541098 0.2498822808265686 0
1570353542561 0.31701815128326416 0
1570353543913 0.2660961151123047 0
1570353545256 0.27221688628196716 0
1570353546663 0.2671812176704407 0
1570353548070 0.2655789256095886 0
1570353549351 0.3175446391105652 0
1570353550755 0.34654945135116577 0
1570353565760 0.3222888708114624 0
1570353567268 0.27519625425338745 0
1570353579796 0.3634793162345886 0
1570353581309 0.387032151222229 0
1570353582719 0.19816747307777405 0
1570353584120 0.30431365966796875 0
1570353585504 0.37500470876693726 0
1570353617332 0.33514153957366943 0
1570353618781 0.26725971698760986 0
1570353620244 0.43571653962135315 0
1570353621649 0.36998504400253296 0
1570353623116 0.31660282611846924 0
1570353624543 0.24816226959228516 0
1570353625975 0.2904227375984192 0
1570353627443 0.3496738374233246 0
1570353628839 0.23358023166656494 0
1570353630316 0.3183087110519409 0
1570353631637 0.4258190393447876 0
1570353651856 0.35911834239959717 0
1570353653268 0.22595088183879852 0
1570353654702 0.3438722789287567 0
1570353656099 0.2658880949020386 0
1570353657533 0.2708454728126526 0
1570353658808 0.2576555907726288 0
1570353660065 0.2423272281885147 0
1570353661325 0.31951671838760376 0
1570353662685 0.283928245306015 0
1570353663987 0.2942417860031128 0
1570353665323 0.26788952946662903 0
1570353666804 0.26171451807022095 0
1570353668200 0.25819042325019836 0
1570353669638 0.3788432478904724 0
1570353671035 0.3831331729888916 0
1570353672488 0.23882177472114563 0
1570353673794 0.25870779156684875 0
1570353675103 0.24799658358097076 0
1570353676465 0.3050723075866699 0
1570353677810 0.3660483956336975 0
1570353679127 0.29797548055648804 0
1570353680559 0.26514288783073425 0
1570353681976 0.24736866354942322 0
1570353683383 0.36562860012054443 0
1570353684852 0.19789674878120422 0
1570353686106 0.3004791736602783 0
1570353687397 0.3453834354877472 0
1570353688743 0.2624453902244568 0
1570353690122 0.3268325924873352 0
1570353691533 0.36440521478652954 0
1570353692971 0.3433895409107208 0
1570353694413 0.3371369242668152 0
1570353695890 0.2298976182937622 0
1570353697332 0.2962683141231537 0
1570353698758 0.36658552289009094 0
1570353700220 0.2717050313949585 0
1570353701673 0.3001912832260132 0
1570353703105 0.28291600942611694 0
1570353704553 0.304694801568985 0
1570353706003 0.33891957998275757 0
1570353707532 0.38133811950683594 0
1570353709015 0.26865729689598083 0
1570353710457 0.13865157961845398 0
1570353711896 0.26705577969551086 0
1570353713276 0.2696525454521179 0
1570353714735 0.337359219789505 0
1570353716184 0.23792685568332672 0
1570353717572 0.2593293786048889 0
1570353718953 0.21927715837955475 0
1570353720340 0.33987197279930115 0
1570353721728 0.3923131227493286 0
1570353723124 0.3491831421852112 0
1570353724480 0.24071140587329865 0
1570353725891 0.27428486943244934 0
1570353727248 0.2952248454093933 0
1570353728569 0.24016009271144867 0
1570353730035 0.39639055728912354 0
1570353731605 0.2695389986038208 0
1570353733044 0.36480605602264404 0
1570353734417 0.47004371881484985 0
1570353735792 0.26735132932662964 0
1570353737238 0.32135438919067383 0
1570353738724 0.18183138966560364 0
1570353740175 0.31337857246398926 0
1570353741631 0.33539605140686035 0
1570353743096 0.2827874422073364 0
1570353744538 0.28688859939575195 0
1570353745976 0.3329641819000244 0
1570353747438 0.3160807192325592 0
1570353748896 0.28989413380622864 0
1570353750393 0.21605077385902405 0
1570353751921 0.32655224204063416 0
1570353753448 0.2578715682029724 0
1570353754949 0.3808667063713074 0
1570353756489 0.22524012625217438 0
1570353757986 0.3362566828727722 0
1570353759387 0.2615448832511902 0
1570353760791 0.33511096239089966 0
1570353762223 0.22164933383464813 0
1570353763651 0.2657470703125 0
1570353765152 0.366832971572876 0
1570353766584 0.2868460416793823 0
1570353767925 0.25071457028388977 0
1570353769258 0.319558709859848 0
1570353770603 0.3257371187210083 0
1570353771994 0.25741541385650635 0
1570353773400 0.2909688353538513 0
1570353774783 0.24768206477165222 0
1570353776221 0.2537759840488434 0
1570353777778 0.3044450283050537 0
1570353823192 0.23724935948848724 0
1570353824732 0.28421342372894287 0
1570353826289 0.4165773391723633 0
1570353827842 0.37431636452674866 0
1570353829196 0.22029192745685577 0
1570353830598 0.21499034762382507 0
1570353831947 0.23868471384048462 0
1570353833387 0.24368761479854584 0
1570353834802 0.3563392162322998 0
1570353836190 0.32850658893585205 0
1570353837581 0.2845231294631958 0
1570353839099 0.28644680976867676 0
1570353840573 0.2579023241996765 0
1570353841945 0.412060022354126 0
1570353843359 0.40141531825065613 0
1570353844696 0.3699606955051422 0
1570353846105 0.2621433138847351 0
1570353847496 0.3382222354412079 0
1570353848927 0.25551944971084595 0
1570353850422 0.2834002375602722 0
1570353852006 0.24608996510505676 0
1570353853488 0.30219489336013794 0
1570353855015 0.4546349346637726 0
1570353856516 0.3244892656803131 0
1570353858062 0.33272239565849304 0
1570353859590 0.3404991030693054 0
1570353861025 0.3276115655899048 0
1570353862445 0.3263458013534546 0
1570353863904 0.32482194900512695 0
1570353865368 0.2566118538379669 0
1570353866849 0.2936120927333832 0
1570353868320 0.23829683661460876 0
1570353869844 0.226120263338089 0
1570353871360 0.30657756328582764 0
1570353872752 0.2652372121810913 0
1570353874319 0.39718014001846313 0
1570353875783 0.23977185785770416 0
1570353877171 0.27752217650413513 0
1570353878557 0.22169774770736694 0
1570353879981 0.32021719217300415 0
1570353881472 0.24620041251182556 0
1570353882828 0.26609647274017334 0
1570353884175 0.1846132129430771 0
1570353885519 0.31451529264450073 0
1570353886893 0.29732242226600647 0
1570353888300 0.2397668957710266 0
1570353889754 0.24565604329109192 0
1570353891337 0.38565999269485474 0
1570353892906 0.1736665666103363 0
1570353894444 0.28535619378089905 0
1570353895977 0.2561074197292328 0
1570353897563 0.35630130767822266 0
1570353899067 0.33558934926986694 0
1570353900554 0.18387985229492188 0
1570353902028 0.20246323943138123 0
1570353903626 0.21925446391105652 0
1570353905126 0.19950686395168304 0
1570353906562 0.25346487760543823 0
1570353907904 0.31104934215545654 0
1570353909340 0.23325787484645844 0
1570353910799 0.3462585210800171 0
1570353912365 0.27025550603866577 0
1570353913837 0.44104331731796265 0
1570353915313 0.27469658851623535 0
1570353916869 0.30626779794692993 0
1570353918376 0.32596248388290405 0
1570353919818 0.27776432037353516 0
1570353921372 0.2995603680610657 0
1570353922880 0.3675277829170227 0
1570353924269 0.26730453968048096 0
1570353925710 0.31026124954223633 0
1570353927098 0.18663769960403442 0
1570353928619 0.21902918815612793 0
1570353930228 0.3321155905723572 0
1570353931744 0.2069096714258194 0
1570353933297 0.27568453550338745 0
1570353934876 0.2364877164363861 0
1570353936385 0.1905960738658905 0
1570353937829 0.32884910702705383 0
1570353939213 0.23337814211845398 0
1570353940600 0.3521040081977844 0
1570353942017 0.17862066626548767 0
1570353943461 0.2719523310661316 0
1570353944845 0.23196309804916382 0
1570353946266 0.2430390566587448 0
1570353947659 0.24830859899520874 0
1570353949087 0.2669512629508972 0
1570353950567 0.25064629316329956 0
1570353952036 0.2539348602294922 0
1570353953484 0.33258873224258423 0
1570353954916 0.2224421501159668 0
1570353956398 0.26662591099739075 0
1570353957894 0.32953768968582153 0
1570353959367 0.2243906855583191 0
1570353960837 0.30873221158981323 0
1570353962390 0.35168710350990295 0
1570353963895 0.21808187663555145 0
1570353965294 0.2599649131298065 0
1570353966703 0.2651989459991455 0
1570353968109 0.22346965968608856 0
1570353969587 0.42235007882118225 0
1570353971037 0.25934696197509766 0
1570353972447 0.2870148718357086 0
1570353973975 0.39430904388427734 0
1570353975512 0.2634766101837158 0
1570353977048 0.42758092284202576 0
1570353978446 0.3498482406139374 0
1570353979880 0.2677435278892517 0
1570353981349 0.2201734483242035 0
1570353982801 0.3125811815261841 0
1570353984338 0.27314093708992004 0
1570353985854 0.20918816328048706 0
1570353987388 0.14912641048431396 0
1570353988864 0.3019324243068695 0
1570353990342 0.1813250482082367 0
1570353991871 0.25456854701042175 0
1570353993430 0.186620831489563 0
1570353994906 0.3122706413269043 0
1570353996332 0.32690608501434326 0
1570353997764 0.3402644991874695 0
1570353999346 0.24675118923187256 0
1570354000867 0.25201523303985596 0
1570354002352 0.2714686393737793 0
1570354003870 0.3053808808326721 0
1570354005368 0.2659171223640442 0
1570354006947 0.3082723617553711 0
1570354008481 0.26700663566589355 0
1570354009973 0.2859666347503662 0
1570354011376 0.3479591906070709 0
1570354012889 0.19555863738059998 0
1570354014467 0.31112730503082275 0
1570354015894 0.24251964688301086 0
1570354017398 0.25150999426841736 0
1570354018816 0.2971091866493225 0
1570354020253 0.30326637625694275 0
1570354021687 0.2859804332256317 0
1570354023100 0.3721524477005005 0
1570354024590 0.2201065868139267 0
1570354026021 0.27432501316070557 0
1570354027503 0.21493741869926453 0
1570354029119 0.24898648262023926 0
1570354030494 0.233984112739563 0
1570354031895 0.2825677692890167 0
1570354033504 0.3023298978805542 0
1570354035020 0.28504645824432373 0
1570354036383 0.2873363792896271 0
1570354037891 0.27078813314437866 0
1570354039268 0.2916392982006073 0
1570354040686 0.21346892416477203 0
1570354042053 0.20869393646717072 0
1570354043509 0.280454158782959 0
1570354044946 0.2610178589820862 0
1570354046546 0.3198055624961853 0
1570354048095 0.23775389790534973 0
1570354049656 0.2534024715423584 0
1570354051216 0.24747401475906372 0
1570354052807 0.1973973512649536 0
1570354054342 0.19255948066711426 0
1570354055750 0.23692350089550018 0
1570354057306 0.21484382450580597 0
1570354058860 0.18225307762622833 0
1570354060441 0.30300599336624146 0
1570354061961 0.3273717164993286 0
1570354063482 0.3385305404663086 0
1570354065082 0.28233033418655396 0
1570354066624 0.2579752802848816 0
1570354068192 0.32996639609336853 0
1570354069829 0.3120118975639343 0
1570354071387 0.23939333856105804 0
1570354072949 0.309745192527771 0
1570354074518 0.2572205662727356 0
1570354076155 0.3273124098777771 0
1570354077699 0.34272652864456177 0
1570354079167 0.3276146650314331 0
1570354080723 0.21532228589057922 0
1570354082348 0.22401916980743408 0
1570354083761 0.2091710865497589 0
1570354085161 0.23301126062870026 0
1570354086791 0.3901791572570801 0
1570354088180 0.28192704916000366 0
1570354089615 0.27557313442230225 0
1570354091068 0.25030067563056946 0
1570354092526 0.2821292579174042 0
1570354094043 0.24543368816375732 0
1570354095613 0.21998783946037292 0
1570354097165 0.3383945822715759 0
1570354098717 0.28247731924057007 0
1570354100353 0.19061976671218872 0
1570354101979 0.34069812297821045 0
1570354103552 0.25477534532546997 0
1570354105121 0.2902522683143616 0
1570354106764 0.4210191071033478 0
1570354108373 0.25016728043556213 0
1570354109944 0.2228405922651291 0
1570354111507 0.3101992905139923 0
1570354113125 0.33846476674079895 0
1570354114734 0.24189035594463348 0
1570354116212 0.18376761674880981 0
1570354117848 0.30150124430656433 0
1570354119359 0.3565389811992645 0
1570354120851 0.25343966484069824 0
1570354122437 0.2072155773639679 0
1570354124001 0.21389515697956085 0
1570354125446 0.24804487824440002 0
1570354126870 0.2524924874305725 0
1570354128392 0.23015844821929932 0
1570354129855 0.21364538371562958 0
1570354131375 0.28948527574539185 0
1570354133062 0.2724595069885254 0
1570354134746 0.266535222530365 0
1570354136428 0.324466735124588 0
1570354137978 0.2857202887535095 0
1570354139611 0.28391021490097046 0
1570354141136 0.2506106495857239 0
1570354142649 0.2093975841999054 0
1570354144234 0.2744810879230499 0
1570354145817 0.2436041682958603 0
1570354147494 0.2647038698196411 0
1570354149120 0.25226208567619324 0
1570354150701 0.35312992334365845 0
1570354152279 0.29046630859375 0
1570354153938 0.17162638902664185 0
1570354155448 0.16351532936096191 0
1570354157094 0.2814571261405945 0
1570354158798 0.30641061067581177 0
1570354160410 0.24943161010742188 0
1570354162070 0.21231624484062195 0
1570354163699 0.24951429665088654 0
1570354165207 0.22342504560947418 0
1570354166637 0.2920684218406677 0
1570354168201 0.20890051126480103 0
1570354169786 0.3192540109157562 0
1570354171327 0.14930547773838043 0
1570354172889 0.2407194972038269 0
1570354174526 0.22507399320602417 0
1570354176135 0.230608731508255 0
1570354177581 0.27757006883621216 0
1570354179038 0.24929934740066528 0
1570354180619 0.26968634128570557 0
1570354182087 0.3156362473964691 0
1570354183590 0.23093628883361816 0
1570354185147 0.19576528668403625 0
1570354186798 0.28056296706199646 0
1570354188500 0.21567484736442566 0
1570354190185 0.28817519545555115 0
1570354191743 0.2104552984237671 0
1570354193195 0.21394869685173035 0
1570354194634 0.23823657631874084 0
1570354196103 0.19169636070728302 0
1570354197547 0.24638299643993378 0
1570354198979 0.28754347562789917 0
1570354200610 0.3413156569004059 0
1570354202211 0.24891145527362823 0
1570354203647 0.24692057073116302 0
1570354205335 0.2587857246398926 0
1570354206879 0.19688589870929718 0
1570354208389 0.2428826242685318 0
1570354209866 0.1832028180360794 0
1570354211326 0.2694198787212372 0
1570354212932 0.22345249354839325 0
1570354214380 0.21741968393325806 0
1570354215826 0.2546079456806183 0
1570354217404 0.234925776720047 0
1570354219078 0.38484835624694824 0
1570354220658 0.25055956840515137 0
1570354222287 0.24536564946174622 0
1570354223901 0.24840696156024933 0
1570354225428 0.21553447842597961 0
1570354227138 0.3019651770591736 0
1570354228735 0.2877599596977234 0
1570354230279 0.206034854054451 0
1570354231920 0.2475656121969223 0
1570354233559 0.31519249081611633 0
1570354235156 0.2484840750694275 0
1570354236765 0.37614548206329346 0
1570354238449 0.23804157972335815 0
1570354240053 0.24667572975158691 0
1570354241708 0.3346771001815796 0
1570354243325 0.3324092924594879 0
1570354244949 0.31246206164360046 0
1570354246572 0.26033902168273926 0
1570354248156 0.31150054931640625 0
1570354249785 0.24663540720939636 0
1570354251382 0.3441850244998932 0
1570354252969 0.1838814914226532 0
1570354254581 0.22293749451637268 0
1570354256160 0.28472864627838135 0
1570354257785 0.2803802490234375 0
1570354259421 0.2378850281238556 0
1570354261058 0.23853445053100586 0
1570354262669 0.33851706981658936 0
1570354264301 0.2098909318447113 0
1570354265856 0.18572914600372314 0
1570354267398 0.25675660371780396 0
1570354268914 0.2575352191925049 0
1570354270397 0.24171052873134613 0
1570354271994 0.3303079903125763 0
1570354273538 0.17324161529541016 0
1570354274980 0.2711609899997711 0
1570354276459 0.19841155409812927 0
1570354278184 0.3675171732902527 0
1570354279756 0.38294750452041626 0
1570354281361 0.3115047514438629 0
1570354283046 0.1898006796836853 0
1570354284593 0.26096463203430176 0
1570354286201 0.2532675564289093 0
1570354287768 0.22025540471076965 0
1570354289356 0.2835720479488373 0
1570354290984 0.15934953093528748 0
1570354292642 0.29437360167503357 0
1570354294228 0.2442096471786499 0
1570354295894 0.2854611277580261 0
1570354297539 0.25335249304771423 0
1570354299108 0.25621098279953003 0
1570354300803 0.35190433263778687 0
1570354302474 0.21839770674705505 0
1570354304186 0.20869365334510803 0
1570354305756 0.2713281512260437 0
1570354307330 0.3075433075428009 0
1570354308932 0.2662954330444336 0
1570354310637 0.202371284365654 0
1570354312133 0.24587216973304749 0
1570354313597 0.2639601230621338 0
1570354315105 0.24969065189361572 0
1570354316554 0.27804914116859436 0
1570354318034 0.2334507405757904 0
1570354319485 0.2665737569332123 0
1570354320989 0.24422284960746765 0
1570354322487 0.27295824885368347 0
1570354324183 0.25092190504074097 0
1570354325767 0.28323695063591003 0
1570354327420 0.32434606552124023 0
1570354329034 0.36112695932388306 0
1570354330657 0.3438563346862793 0
1570354332123 0.262668251991272 0
1570354333724 0.29816484451293945 0
1570354335244 0.3154844045639038 0
1570354336714 0.26190051436424255 0
1570354338287 0.20953573286533356 0
1570354339735 0.2615618109703064 0
1570354341195 0.21967504918575287 0
1570354342653 0.27620577812194824 0
1570354344154 0.24600112438201904 0
1570354345673 0.27477723360061646 0
1570354347078 0.25597986578941345 0
1570354348688 0.2356472909450531 0
1570354350305 0.23689472675323486 0
1570354352023 0.2757242023944855 0
1570354353550 0.2878910303115845 0
1570354355162 0.3140755593776703 0
1570354356838 0.24685506522655487 0
1570354358585 0.21096818149089813 0
1570354360205 0.20730406045913696 0
1570354361766 0.2737780213356018 0
1570354363343 0.24097315967082977 0
1570354364957 0.2266017198562622 0
1570354366551 0.2726244032382965 0
1570354368038 0.18888071179389954 0
1570354369517 0.24388590455055237 0
1570354370968 0.2411533147096634 0
1570354372582 0.2938624620437622 0
1570354374154 0.26324158906936646 0
1570354375758 0.2685219645500183 0
1570354377450 0.1632099449634552 0
1570354379101 0.3047187328338623 0
1570354380742 0.2097499966621399 0
1570354382375 0.19902938604354858 0
1570354383978 0.3043725788593292 0
1570354385583 0.20655852556228638 0
1570354387189 0.27153652906417847 0
1570354388795 0.43798714876174927 0
1570354390449 0.24299558997154236 0
1570354392192 0.1701396405696869 0
1570354393809 0.17280997335910797 0
1570354395363 0.2494460642337799 0
1570354396977 0.31829363107681274 0
1570354398644 0.28643858432769775 0
1570354400217 0.2697608470916748 0
1570354401819 0.20151804387569427 0
1570354403352 0.24402016401290894 0
1570354404905 0.2564365267753601 0
1570354406514 0.39955416321754456 0
1570354408120 0.21379414200782776 0
1570354409769 0.28978556394577026 0
1570354411381 0.2450850009918213 0
1570354412986 0.2323192059993744 0
1570354414548 0.21717694401741028 0
1570354416246 0.27440789341926575 0
1570354417909 0.20801052451133728 0
1570354419511 0.17233407497406006 0
1570354421091 0.16873851418495178 0
1570354422760 0.21606814861297607 0
1570354424370 0.19156228005886078 0
1570354425982 0.20466092228889465 0
1570354427588 0.2185887098312378 0
1570354429334 0.31140071153640747 0
1570354430964 0.31166040897369385 0
1570354432529 0.2439579963684082 0
1570354434157 0.2774616479873657 0
1570354435785 0.2767576575279236 0
1570354437382 0.2605711817741394 0
1570354439068 0.3490197956562042 0
1570354440762 0.30377665162086487 0
1570354442447 0.1885945200920105 0
1570354444164 0.18476198613643646 0
1570354445833 0.2716114819049835 0
1570354447420 0.22467103600502014 0
1570354449106 0.28897613286972046 0
1570354450738 0.23028551042079926 0
1570354452280 0.2262486070394516 0
1570354453738 0.24379411339759827 0
1570354455215 0.2325422763824463 0
1570354456727 0.2629125714302063 0
1570354458356 0.27748483419418335 0
1570354459810 0.24814844131469727 0
1570354461257 0.2510828375816345 0
1570354462703 0.28967803716659546 0
1570354464354 0.3005852699279785 0
1570354465965 0.34111809730529785 0
1570354467556 0.12622477114200592 0
1570354469104 0.2758323550224304 0
1570354470669 0.21675953269004822 0
1570354472258 0.21626248955726624 0
1570354473857 0.2110769897699356 0
1570354475505 0.27976152300834656 0
1570354477095 0.2546359598636627 0
1570354478687 0.28804105520248413 0
1570354480270 0.250946581363678 0
1570354481976 0.2762015461921692 0
1570354483547 0.24394024908542633 0
1570354485131 0.25683915615081787 0
1570354486751 0.2952861189842224 0
1570354488423 0.324556827545166 0
1570354490013 0.2290639877319336 0
1570354491585 0.27553045749664307 0
1570354493286 0.241239994764328 0
1570354494890 0.2634979486465454 0
1570354496502 0.22782982885837555 0
1570354498174 0.26692843437194824 0
1570354499723 0.23905548453330994 0
1570354501333 0.18545806407928467 0
1570354502908 0.18783417344093323 0
1570354504480 0.18722519278526306 0
1570354506174 0.2541465759277344 0
1570354507853 0.23197655379772186 0
1570354509313 0.2784939408302307 0
1570354510891 0.3189021944999695 0
1570354512611 0.3147924542427063 0
1570354514340 0.22145208716392517 0
1570354516000 0.21021375060081482 0
1570354517598 0.2671748995780945 0
1570354519281 0.20068517327308655 0
1570354520917 0.32824403047561646 0
1570354522532 0.31543147563934326 0
1570354524160 0.23912203311920166 0
1570354525775 0.32692158222198486 0
1570354527423 0.24742668867111206 0
1570354529059 0.25366222858428955 0
1570354530714 0.2634292244911194 0
1570354532338 0.3110866844654083 0
1570354534087 0.15453588962554932 0
1570354535714 0.34146302938461304 0
1570354537370 0.27214378118515015 0
1570354539078 0.25675690174102783 0
1570354540613 0.2947176992893219 0
1570354542132 0.10963849723339081 0
1570354543700 0.24001380801200867 0
1570354545371 0.23926590383052826 0
1570354546989 0.3000890016555786 0
1570354548541 0.24955697357654572 0
1570354550056 0.19719716906547546 0
1570354551691 0.27159905433654785 0
1570354553365 0.19820401072502136 0
1570354555011 0.2869493365287781 0
1570354556680 0.27775296568870544 0
1570354558302 0.24750018119812012 0
1570354559966 0.24797113239765167 0
1570354561643 0.23872163891792297 0
1570354563296 0.23454321920871735 0
1570354565059 0.24579063057899475 0
1570354566531 0.2702692747116089 0
1570354568064 0.2517701983451843 0
1570354569676 0.2147471159696579 0
1570354571382 0.2099451720714569 0
1570354573119 0.28180593252182007 0
1570354574812 0.24582497775554657 0
1570354576393 0.12170062214136124 0
1570354577958 0.30616915225982666 0
1570354579570 0.20553825795650482 0
1570354581108 0.36153626441955566 0
1570354582635 0.21470074355602264 0
1570354584161 0.3104024827480316 0
1570354585742 0.2227148562669754 0
1570354587282 0.21528398990631104 0
1570354588754 0.19482102990150452 0
1570354590213 0.2401103973388672 0
1570354591701 0.22499072551727295 0
1570354593179 0.3238520324230194 0
1570354594733 0.2256816327571869 0
1570354596241 0.31893354654312134 0
1570354597890 0.25744181871414185 0
1570354599530 0.2973586320877075 0
1570354601106 0.2769659459590912 0
1570354602708 0.25042152404785156 0
1570354604287 0.15035933256149292 0
1570354605969 0.22029027342796326 0
1570354607550 0.33183789253234863 0
1570354609234 0.21475911140441895 0
1570354610905 0.20709934830665588 0
1570354612494 0.2594875693321228 0
1570354614116 0.26439034938812256 0
1570354615729 0.3729259967803955 0
1570354617278 0.2435426115989685 0
1570354618887 0.18688750267028809 0
1570354620516 0.236091747879982 0
1570354622120 0.27150845527648926 0
1570354623823 0.18965306878089905 0
1570354625472 0.23601055145263672 0
1570354627064 0.2862885892391205 0
1570354628690 0.26534944772720337 0
1570354630284 0.22357717156410217 0
1570354631902 0.270475298166275 0
1570354633564 0.26534178853034973 0
1570354635167 0.27895963191986084 0
1570354636774 0.1795930713415146 0
1570354638430 0.21952903270721436 0
1570354640066 0.2287338376045227 0
1570354641746 0.20545141398906708 0
1570354643415 0.2661204934120178 0
1570354645026 0.2813648581504822 0
1570354646608 0.3135615885257721 0
1570354648222 0.24340033531188965 0
1570354649916 0.29517602920532227 0
1570354651583 0.28549474477767944 0
1570354653337 0.2001810073852539 0
1570354655042 0.33541250228881836 0
1570354656697 0.25824737548828125 0
1570354658353 0.1952405869960785 0
1570354660034 0.2329580932855606 0
1570354661722 0.2875942587852478 0
1570354663331 0.1937541365623474 0
1570354664996 0.248590886592865 0
1570354666608 0.27009695768356323 0
1570354668205 0.24408267438411713 0
1570354669858 0.20467253029346466 0
1570354671442 0.19716942310333252 0
1570354673019 0.1976129412651062 0
1570354674579 0.34144988656044006 0
1570354676136 0.2210198938846588 0
1570354677760 0.23118385672569275 0
1570354679393 0.3067634403705597 0
1570354681076 0.22047105431556702 0
1570354682699 0.23557093739509583 0
1570354684327 0.2999768853187561 0
1570354686038 0.23882147669792175 0
1570354687665 0.2373957335948944 0
1570354689332 0.22040808200836182 0
1570354690923 0.37702327966690063 0
1570354692626 0.25432685017585754 0
1570354694249 0.2815231382846832 0
1570354695886 0.2308681309223175 0
1570354697507 0.2520217001438141 0
1570354699188 0.24726271629333496 0
1570354700831 0.20821714401245117 0
1570354702431 0.32425904273986816 0
1570354704004 0.16249927878379822 0
1570354705716 0.23919276893138885 0
1570354707355 0.21529094874858856 0
1570354708924 0.19962605834007263 0
1570354710541 0.2696155607700348 0
1570354712101 0.31890082359313965 0
1570354713609 0.2534165680408478 0
1570354715336 0.2598583698272705 0
1570354716890 0.20297549664974213 0
1570354718562 0.2154410183429718 0
1570354720153 0.20338547229766846 0
1570354721875 0.31179824471473694 0
1570354723520 0.15958426892757416 0
1570354725142 0.20919999480247498 0
1570354726758 0.23711377382278442 0
1570354728405 0.2538191080093384 0
1570354729952 0.14898402988910675 0
1570354731615 0.29736584424972534 0
1570354733285 0.2188817858695984 0
1570354734958 0.2070406973361969 0
1570354736625 0.3320266008377075 0
1570354738411 0.23830416798591614 0
1570354740078 0.1697128415107727 0
1570354741851 0.10020196437835693 0
1570354743550 0.1592615246772766 0
1570354745348 0.2718716859817505 0
1570354746898 0.2533688545227051 0
1570354748470 0.19950330257415771 0
1570354750028 0.21335473656654358 0
1570354751606 0.21966496109962463 0
1570354753273 0.20625147223472595 0
1570354754832 0.21089696884155273 0
1570354756413 0.28419381380081177 0
1570354758006 0.2867612838745117 0
1570354759530 0.21468473970890045 0
1570354761245 0.22145092487335205 0
1570354762949 0.25122448801994324 0
1570354764581 0.2382974624633789 0
1570354766275 0.2831963896751404 0
1570354768010 0.326389342546463 0
1570354769709 0.18980486690998077 0
1570354771502 0.19057992100715637 0
1570354773268 0.20663410425186157 0
1570354774972 0.19285748898983002 0
1570354776683 0.1684049516916275 0
1570354778510 0.28136324882507324 0
1570354780268 0.28391146659851074 0
1570354781999 0.1958528459072113 0
1570354783725 0.2701263129711151 0
1570354785473 0.2981625199317932 0
1570354787185 0.28686589002609253 0
1570354788960 0.28236526250839233 0
1570354790689 0.28046825528144836 0
1570354792430 0.21611663699150085 0
1570354794111 0.24203383922576904 0
1570354795818 0.3003509044647217 0
1570354797520 0.20001965761184692 0
1570354799307 0.3195880055427551 0
1570354801046 0.24897132813930511 0
1570354802819 0.21943534910678864 0
1570354804507 0.2124454379081726 0
1570354806278 0.22489534318447113 0
1570354807970 0.22774097323417664 0
1570354809659 0.2978692948818207 0
1570354811335 0.23862454295158386 0
1570354813052 0.21877266466617584 0
1570354814800 0.29955101013183594 0
1570354816505 0.28335607051849365 0
1570354818205 0.27773866057395935 0
1570354819840 0.2901252806186676 0
1570354821515 0.16433502733707428 0
1570354823050 0.16714778542518616 0
1570354824632 0.1426464170217514 0
1570354826190 0.28514236211776733 0
1570354827806 0.2931979298591614 0
1570354829546 0.27212274074554443 0
1570354831265 0.2247845083475113 0
1570354832966 0.2851754128932953 0
1570354834771 0.16049383580684662 0
1570354836356 0.2527771592140198 0
1570354838028 0.17095844447612762 0
1570354839808 0.26205724477767944 0
1570354841452 0.26608800888061523 0
1570354843202 0.22259914875030518 0
1570354844788 0.1920377016067505 0
1570354846408 0.20879539847373962 0
1570354848075 0.28803521394729614 0
1570354849676 0.24176834523677826 0
1570354851289 0.258324533700943 0
1570354852964 0.27645811438560486 0
1570354854630 0.1871499866247177 0
1570354856271 0.2314704954624176 0
1570354857945 0.22521698474884033 0
1570354859625 0.26106685400009155 0
1570354861298 0.23050597310066223 0
1570354862960 0.28088754415512085 0
1570354864640 0.2643057107925415 0
1570354866326 0.2753770351409912 0
1570354868042 0.2686421871185303 0
1570354869700 0.22067345678806305 0
1570354871373 0.34678950905799866 0
1570354873025 0.18768206238746643 0
1570354874680 0.2024531066417694 0
1570354876350 0.2737938165664673 0
1570354878035 0.27246522903442383 0
1570354879701 0.2326430231332779 0
1570354881450 0.32193201780319214 0
1570354883164 0.24060708284378052 0
1570354884854 0.25951409339904785 0
1570354886588 0.22431117296218872 0
1570354888356 0.19723618030548096 0
1570354890083 0.2749815583229065 0
1570354891774 0.2198064625263214 0
1570354893462 0.2626689672470093 0
1570354895140 0.18198566138744354 0
1570354896851 0.24896839261054993 0
1570354898606 0.1698567271232605 0
1570354900435 0.20857788622379303 0
1570354902064 0.24842002987861633 0
1570354903708 0.13443312048912048 0
1570354905410 0.22758308053016663 0
1570354907217 0.29189279675483704 0
1570354908866 0.21721379458904266 0
1570354910510 0.29847028851509094 0
1570354912059 0.27830931544303894 0
1570354913756 0.2674107849597931 0
1570354915480 0.22326308488845825 0
1570354917206 0.15584631264209747 0
1570354918917 0.20940035581588745 0
1570354920764 0.25077277421951294 0
1570354922532 0.2825065851211548 0
1570354924121 0.2422250509262085 0
1570354925690 0.24019363522529602 0
1570354927400 0.29040953516960144 0
1570354929131 0.1806289553642273 0
1570354930899 0.29502636194229126 0
1570354932587 0.30811530351638794 0
1570354934340 0.2772468030452728 0
1570354936079 0.2200479507446289 0
1570354937787 0.22757625579833984 0
1570354939489 0.18243229389190674 0
1570354941254 0.2585320472717285 0
1570354943046 0.18073132634162903 0
1570354944653 0.27093610167503357 0
1570354946315 0.2535269558429718 0
1570354948110 0.32170453667640686 0
1570354949888 0.30103906989097595 0
1570354951625 0.26127517223358154 0
1570354953244 0.31765425205230713 0
1570354955046 0.21095791459083557 0
1570354956746 0.2771367132663727 0
1570354958454 0.19339360296726227 0
1570354960123 0.30400240421295166 0
1570354961708 0.20498496294021606 0
1570354963408 0.16444344818592072 0
1570354965151 0.2647331953048706 0
1570354966866 0.257791668176651 0
1570354968602 0.24602198600769043 0
1570354970406 0.22771519422531128 0
1570354972144 0.16157574951648712 0
1570354973743 0.27917271852493286 0
1570354975499 0.26786288619041443 0
1570354977195 0.19722364842891693 0
1570354978922 0.24477607011795044 0
1570354980636 0.19923363626003265 0
1570354982392 0.34853029251098633 0
1570354984141 0.33563151955604553 0
1570354985873 0.22230267524719238 0
1570354987485 0.2556435167789459 0
1570354989099 0.22562295198440552 0
1570354990837 0.2722874879837036 0
1570354992588 0.2256544828414917 0
1570354994286 0.18784663081169128 0
1570354996061 0.251682311296463 0
1570354997775 0.15426185727119446 0
1570354999504 0.257183313369751 0
1570355001221 0.1970108300447464 0
1570355003024 0.18345388770103455 0
1570355004758 0.2307269126176834 0
1570355006509 0.3730713725090027 0
1570355008218 0.22310630977153778 0
1570355010006 0.1940891146659851 0
1570355011718 0.2706865072250366 0
1570355013411 0.3190249800682068 0
1570355015110 0.25615981221199036 0
1570355016817 0.1671992540359497 0
1570355018590 0.2348298579454422 0
1570355020343 0.2332400381565094 0
1570355022044 0.1750498116016388 0
1570355023624 0.23996329307556152 0
1570355025263 0.22043171525001526 0
1570355026973 0.2852797508239746 0
1570355028703 0.3012866973876953 0
1570355030510 0.22698114812374115 0
1570355032306 0.30235278606414795 0
1570355034043 0.2914131283760071 0
1570355035738 0.27951404452323914 0
1570355037493 0.3395024538040161 0
1570355039244 0.250602126121521 0
1570355040942 0.21546697616577148 0
1570355042660 0.18568703532218933 0
1570355044478 0.32482627034187317 0
1570355046135 0.34399569034576416 0
1570355047788 0.2558537721633911 0
1570355049518 0.2929799556732178 0
1570355051337 0.2643858790397644 0
1570355053118 0.24130366742610931 0
1570355054843 0.19294291734695435 0
1570355056580 0.22835944592952728 0
1570355058297 0.2755173444747925 0
1570355060136 0.24877585470676422 0
1570355061867 0.20433387160301208 0
1570355063628 0.3412753939628601 0
1570355065369 0.20066724717617035 0
1570355067237 0.3015742003917694 0
1570355069003 0.23763562738895416 0
1570355070717 0.2470395267009735 0
1570355072459 0.28000408411026 0
1570355074280 0.18014422059059143 0
1570355076120 0.2087160348892212 0
1570355077751 0.20499910414218903 0
1570355079372 0.21462994813919067 0
1570355081180 0.2264116108417511 0
1570355082921 0.2548602521419525 0
1570355084593 0.3227400779724121 0
1570355086364 0.1567646563053131 0
1570355088118 0.25300246477127075 0
1570355089922 0.26518285274505615 0
1570355091743 0.2596120238304138 0
1570355093416 0.1977856457233429 0
1570355095072 0.2802273631095886 0
1570355096824 0.23269084095954895 0
1570355098557 0.2812374234199524 0
1570355100351 0.24643555283546448 0
1570355102133 0.19131261110305786 0
1570355103888 0.2504376173019409 0
1570355105612 0.3878409266471863 0
1570355107326 0.22087521851062775 0
1570355109083 0.23128609359264374 0
1570355110836 0.3012517988681793 0
1570355112549 0.30016738176345825 0
1570355114142 0.20952627062797546 0
1570355115882 0.16070044040679932 0
1570355117712 0.28232577443122864 0
1570355119446 0.2024492621421814 0
1570355121272 0.2929108142852783 0
1570355123083 0.20333212614059448 0
1570355124820 0.2184467613697052 0
1570355126595 0.20495390892028809 0
1570355128389 0.21631231904029846 0
1570355130150 0.22345580160617828 0
1570355131940 0.27221840620040894 0
1570355133698 0.1871037483215332 0
1570355135434 0.23833779990673065 0
1570355137269 0.233573317527771 0
1570355138981 0.22684484720230103 0
1570355140716 0.22291994094848633 0
1570355142464 0.2188037633895874 0
1570355144230 0.24583829939365387 0
1570355145927 0.43078866600990295 0
1570355147711 0.14151215553283691 0
1570355149460 0.25086674094200134 0
1570355151200 0.2913685739040375 0
1570355152925 0.20010709762573242 0
1570355154666 0.24969550967216492 0
1570355156476 0.16891224682331085 0
1570355158264 0.26267367601394653 0
1570355160008 0.36502259969711304 0
1570355161724 0.13170748949050903 0
1570355163431 0.257280558347702 0
1570355165182 0.2369760274887085 0
1570355166941 0.3448086380958557 0
1570355168697 0.2912661135196686 0
1570355170462 0.23301385343074799 0
1570355172259 0.2522696852684021 0
1570355173991 0.22073474526405334 0
1570355175739 0.30288824439048767 0
1570355177506 0.2886730432510376 0
1570355179338 0.21401876211166382 0
1570355181126 0.21184076368808746 0
1570355182883 0.2620496451854706 0
1570355184701 0.14468726515769958 0
1570355186475 0.18503253161907196 0
1570355188204 0.24458470940589905 0
1570355189979 0.2402128279209137 0
1570355191726 0.1811661720275879 0
1570355193510 0.26207733154296875 0
1570355195246 0.24901479482650757 0
1570355197007 0.23704266548156738 0
1570355198823 0.18875205516815186 0
1570355200672 0.1905929148197174 0
1570355202426 0.13136810064315796 0
1570355204095 0.34924736618995667 0
1570355205801 0.28181400895118713 0
1570355207562 0.21817411482334137 0
1570355209357 0.16072744131088257 0
1570355211119 0.3565169870853424 0
1570355212941 0.2717127799987793 0
1570355214787 0.2261037826538086 0
1570355216561 0.2121458202600479 0
1570355218387 0.23897035419940948 0
1570355220082 0.26828446984291077 0
1570355221835 0.2064952552318573 0
1570355223616 0.3075833320617676 0
1570355225329 0.21629135310649872 0
1570355227003 0.22655239701271057 0
1570355228781 0.2562354803085327 0
1570355230463 0.229191392660141 0
1570355232200 0.18281473219394684 0
1570355234023 0.20911648869514465 0
1570355235869 0.25353217124938965 0
1570355237691 0.1704130917787552 0
1570355239431 0.3148139715194702 0
1570355241237 0.33480942249298096 0
1570355243039 0.31993305683135986 0
1570355244850 0.1797313690185547 0
1570355246605 0.2693248391151428 0
1570355248431 0.21098771691322327 0
1570355250258 0.3035579323768616 0
1570355252020 0.19300365447998047 0
1570355253780 0.18924880027770996 0
1570355255658 0.15774504840373993 0
1570355257481 0.2608254551887512 0
1570355259327 0.2367493212223053 0
1570355260977 0.38710564374923706 0
1570355262778 0.16460831463336945 0
1570355264616 0.30585798621177673 0
1570355266367 0.2737310528755188 0
1570355268133 0.2193455994129181 0
1570355269920 0.23111537098884583 0
1570355271660 0.2637706995010376 0
1570355273364 0.2559995651245117 0
1570355275078 0.19018936157226562 0
1570355276869 0.2767901122570038 0
1570355278669 0.2687571942806244 0
1570355280485 0.22552648186683655 0
1570355282299 0.19380316138267517 0
1570355284151 0.19201874732971191 0
1570355286014 0.18594852089881897 0
1570355287813 0.22346201539039612 0
1570355289566 0.25510624051094055 0
1570355291403 0.25939252972602844 0
1570355293198 0.24753448367118835 0
1570355295050 0.33547845482826233 0
1570355296841 0.1995413601398468 0
1570355298669 0.28273341059684753 0
1570355300369 0.2165522426366806 0
1570355302141 0.17684996128082275 0
1570355303862 0.18410103023052216 0
1570355305722 0.2616073489189148 0
1570355307441 0.3460848927497864 0
1570355309120 0.22935917973518372 0
1570355310841 0.1684008091688156 0
1570355312610 0.3411116898059845 0
1570355314508 0.13907861709594727 0
1570355316236 0.3078535795211792 0
1570355318054 0.19825690984725952 0
1570355319760 0.26836562156677246 0
1570355321472 0.2268160730600357 0
1570355323191 0.1745760440826416 0
1570355324899 0.15896454453468323 0
1570355326624 0.1993105411529541 0
1570355328338 0.28692153096199036 0
1570355330085 0.18936249613761902 0
1570355331869 0.1964671015739441 0
1570355333637 0.3016510009765625 0
1570355335433 0.18270373344421387 0
1570355337272 0.3155142068862915 0
1570355339064 0.30599501729011536 0
1570355340836 0.23857802152633667 0
1570355342639 0.3112042546272278 0
1570355344431 0.1321941316127777 0
1570355346189 0.28294920921325684 0
1570355347985 0.21151955425739288 0
1570355349806 0.1576647013425827 0
1570355351644 0.1788080334663391 0
1570355353424 0.19579380750656128 0
1570355355212 0.16173765063285828 0
1570355357154 0.1846848726272583 0
1570355358932 0.2237943708896637 0
1570355360608 0.22928744554519653 0
1570355362413 0.23029272258281708 0
1570355364182 0.1411372721195221 0
1570355365969 0.2704105079174042 0
1570355367796 0.1843198984861374 0
1570355369552 0.29237282276153564 0
1570355371364 0.43357372283935547 0
1570355373157 0.20766359567642212 0
1570355374947 0.21382102370262146 0
1570355376730 0.2415841817855835 0
1570355378653 0.24742187559604645 0
1570355380409 0.23113027215003967 0
1570355382224 0.19729825854301453 0
1570355383999 0.5004773736000061 0
1570355385845 0.2728288769721985 0
1570355387621 0.21390925347805023 0
1570355389430 0.15696366131305695 0
1570355391215 0.2086430788040161 0
1570355393061 0.16316473484039307 0
1570355394838 0.1823149025440216 0
1570355396615 0.2277846783399582 0
1570355398391 0.20349451899528503 0
1570355400262 0.15174725651741028 0
1570355402045 0.16218194365501404 0
1570355403823 0.2587957978248596 0
1570355405661 0.20770764350891113 0
1570355407448 0.2937648296356201 0
1570355409284 0.21994057297706604 0
1570355411082 0.17271170020103455 0
1570355412821 0.2760918438434601 0
1570355414605 0.29085174202919006 0
1570355416495 0.2512775957584381 0
1570355418296 0.22640489041805267 0
1570355420118 0.2771303653717041 0
1570355421899 0.21389234066009521 0
1570355423710 0.21928031742572784 0
1570355425488 0.24674683809280396 0
1570355427283 0.2352808266878128 0
1570355429083 0.2034459114074707 0
1570355430875 0.31624698638916016 0
1570355432670 0.2067190408706665 0
1570355434498 0.2375940978527069 0
1570355436290 0.220101460814476 0
1570355438104 0.2104455530643463 0
1570355439883 0.30638423562049866 0
1570355441778 0.20548395812511444 0
1570355443601 0.23379765450954437 0
1570355445378 0.28538966178894043 0
1570355447127 0.22875051200389862 0
1570355449032 0.2650027275085449 0
1570355450758 0.23066061735153198 0
1570355452484 0.2140028327703476 0
1570355454264 0.2130398154258728 0
1570355456056 0.1868794709444046 0
1570355457931 0.16500955820083618 0
1570355459743 0.3118986189365387 0
1570355461550 0.2576107382774353 0
1570355463428 0.20716071128845215 0
1570355465255 0.23708811402320862 0
1570355467060 0.15604987740516663 0
1570355468893 0.2226312905550003 0
1570355470726 0.16409339010715485 0
1570355472559 0.1818944364786148 0
1570355474400 0.21969705820083618 0
1570355476191 0.27956855297088623 0
1570355478037 0.31243985891342163 0
1570355479874 0.20179949700832367 0
1570355481529 0.20650342106819153 0
1570355483254 0.1952192485332489 0
1570355485086 0.3009648323059082 0
1570355486853 0.3215075731277466 0
1570355488688 0.1952248215675354 0
1570355490489 0.2920926809310913 0
1570355492212 0.21136698126792908 0
1570355494078 0.22449228167533875 0
1570355495726 0.2493608444929123 0
1570355497494 0.24309854209423065 0
1570355499249 0.1537787765264511 0
1570355501006 0.21937179565429688 0
1570355502792 0.2298925369977951 0
1570355504574 0.2536327838897705 0
1570355506446 0.17310966551303864 0
1570355508260 0.27409011125564575 0
1570355510048 0.1779351681470871 0
1570355511892 0.18703003227710724 0
1570355513724 0.22223541140556335 0
1570355515669 0.19453558325767517 0
1570355517518 0.30033010244369507 0
1570355519356 0.27768075466156006 0
1570355521207 0.21003812551498413 0
1570355523088 0.25917550921440125 0
1570355524914 0.32971277832984924 0
1570355526721 0.2381613850593567 0
1570355528585 0.17901043593883514 0
1570355530482 0.24176734685897827 0
1570355532349 0.19699186086654663 0
1570355534164 0.2502639889717102 0
1570355536005 0.2310577929019928 0
1570355537920 0.14807754755020142 0
1570355539766 0.23906674981117249 0
1570355541545 0.16640084981918335 0
1570355543281 0.2018076479434967 0
1570355545153 0.20552945137023926 0
1570355546993 0.15321147441864014 0
1570355548856 0.25904589891433716 0
1570355550687 0.2920249402523041 0
1570355552488 0.22038313746452332 0
1570355554298 0.18679343163967133 0
1570355556149 0.23506410419940948 0
1570355557978 0.21127639710903168 0
1570355559803 0.21695882081985474 0
1570355561646 0.32475703954696655 0
1570355563593 0.2080921232700348 0
1570355565438 0.24626077711582184 0
1570355567274 0.1691940873861313 0
1570355569087 0.29634830355644226 0
1570355570950 0.13610529899597168 0
1570355572937 0.3075750470161438 0
1570355574755 0.2273373305797577 0
1570355576611 0.2227363884449005 0
1570355578453 0.23426616191864014 0
1570355580250 0.2210320085287094 0
1570355582147 0.18948493897914886 0
1570355583952 0.2260259985923767 0
1570355585777 0.22174924612045288 0
1570355587639 0.16937321424484253 0
1570355589523 0.25587061047554016 0
1570355591384 0.21678242087364197 0
1570355593251 0.21697142720222473 0
1570355595107 0.32803070545196533 0
1570355597018 0.19970208406448364 0
1570355598861 0.15281599760055542 0
1570355600720 0.25281089544296265 0
1570355602561 0.19957798719406128 0
1570355604415 0.31041938066482544 0
1570355606269 0.2968025505542755 0
1570355608110 0.20328110456466675 0
1570355609929 0.21029092371463776 0
1570355611791 0.2399997115135193 0
1570355613674 0.17849627137184143 0
1570355615476 0.13858014345169067 0
1570355617295 0.1827290654182434 0
1570355619250 0.18756233155727386 0
1570355621194 0.30443498492240906 0
1570355623018 0.1806230992078781 0
1570355624845 0.2586419880390167 0
1570355626687 0.14855147898197174 0
1570355628513 0.21550431847572327 0
1570355630367 0.25236770510673523 0
1570355632169 0.18511837720870972 0
1570355634036 0.17544980347156525 0
1570355635891 0.3759453594684601 0
1570355637802 0.20809344947338104 0
1570355639688 0.12595561146736145 0
1570355641535 0.27611243724823 0
1570355643424 0.18864905834197998 0
1570355645252 0.22691266238689423 0
1570355647098 0.19908033311367035 0
1570355648907 0.3919537663459778 0
1570355650713 0.34522366523742676 0
1570355652452 0.24370688199996948 0
1570355654250 0.21599289774894714 0
1570355656157 0.23278537392616272 0
1570355657994 0.32786044478416443 0
1570355659910 0.19133725762367249 0
1570355661799 0.18251502513885498 0
1570355663737 0.24160537123680115 0
1570355665481 0.25182220339775085 0
1570355667306 0.25610101222991943 0
1570355669158 0.25757044553756714 0
1570355671048 0.20734260976314545 0
1570355672886 0.3336833715438843 0
1570355674657 0.2503877878189087 0
1570355676452 0.22206293046474457 0
1570355678415 0.23129335045814514 0
1570355680326 0.28243839740753174 0
1570355682161 0.21291300654411316 0
1570355684006 0.2956729531288147 0
1570355685848 0.23149368166923523 0
1570355687656 0.21410870552062988 0
1570355689502 0.2672766447067261 0
1570355691319 0.2670016288757324 0
1570355693146 0.1317426860332489 0
1570355694912 0.21152012050151825 0
1570355696694 0.20444466173648834 0
1570355698441 0.2470046877861023 0
1570355700341 0.14637957513332367 0
1570355702170 0.22807243466377258 0
1570355703931 0.2646135687828064 0
1570355705672 0.1956324726343155 0
1570355707641 0.20844008028507233 0
1570355709510 0.24087293446063995 0
1570355711375 0.18655502796173096 0
1570355713226 0.2174050658941269 0
1570355714982 0.2772589921951294 0
1570355716801 0.20513856410980225 0
1570355718657 0.22082874178886414 0
1570355720486 0.2741782069206238 0
1570355722355 0.1416894793510437 0
1570355724217 0.19539105892181396 0
1570355726016 0.21824079751968384 0
1570355727853 0.13441044092178345 0
1570355729856 0.2659200429916382 0
1570355731685 0.2797577977180481 0
1570355733437 0.22453530132770538 0
1570355735257 0.185959592461586 0
1570355737010 0.21113237738609314 0
1570355738859 0.2208208590745926 0
1570355740695 0.3075811266899109 0
1570355742506 0.19912409782409668 0
1570355744414 0.20144402980804443 0
1570355746221 0.26845213770866394 0
1570355748110 0.21913698315620422 0
1570355749870 0.2865633964538574 0
1570355751770 0.18948158621788025 0
1570355753646 0.2534146010875702 0
1570355755505 0.1749984174966812 0
1570355757366 0.21607530117034912 0
1570355759229 0.21234962344169617 0
1570355761103 0.2611449360847473 0
1570355762980 0.2720390260219574 0
1570355764840 0.2173355221748352 0
1570355766715 0.25969281792640686 0
1570355768578 0.16583125293254852 0
1570355770474 0.22639109194278717 0
1570355772357 0.16023507714271545 0
1570355774249 0.17736169695854187 0
1570355776005 0.30448809266090393 0
1570355777707 0.2618553638458252 0
1570355779529 0.28084591031074524 0
1570355781397 0.19369494915008545 0
1570355783211 0.26601842045783997 0
1570355785054 0.3357211947441101 0
1570355786735 0.26887187361717224 0
1570355788413 0.2375071942806244 0
1570355790120 0.2720005214214325 0
1570355791930 0.14835825562477112 0
1570355793765 0.19940076768398285 0
1570355795640 0.1305946558713913 0
1570355797496 0.22206160426139832 0
1570355799369 0.18701405823230743 0
1570355801234 0.1831704080104828 0
1570355803119 0.19564098119735718 0
1570355804985 0.2805669903755188 0
1570355806821 0.23408451676368713 0
1570355808582 0.18233583867549896 0
1570355810561 0.21247252821922302 0
1570355812445 0.17406746745109558 0
1570355814276 0.21155737340450287 0
1570355816146 0.18327707052230835 0
1570355818112 0.22568866610527039 0
1570355819924 0.22680874168872833 0
1570355821780 0.20103119313716888 0
1570355823626 0.14024817943572998 0
1570355825503 0.20738881826400757 0
1570355827413 0.2276236116886139 0
1570355829244 0.16558967530727386 0
1570355831089 0.20406115055084229 0
1570355832948 0.18124648928642273 0
1570355834816 0.15382908284664154 0
1570355836657 0.27311596274375916 0
1570355838496 0.27692434191703796 0
1570355840429 0.3255964517593384 0
1570355842328 0.2129400372505188 0
1570355844191 0.3312348425388336 0
1570355846069 0.2673584818840027 0
1570355848005 0.2395353615283966 0
1570355849890 0.17932657897472382 0
1570355851756 0.22569462656974792 0
1570355853631 0.2786716818809509 0
1570355855541 0.21849702298641205 0
1570355857531 0.24942319095134735 0
1570355859312 0.2523003816604614 0
1570355861161 0.23495431244373322 0
1570355863070 0.1565963327884674 0
1570355864916 0.20059601962566376 0
1570355866747 0.16250081360340118 0
1570355868614 0.22195753455162048 0
1570355870416 0.14181800186634064 0
1570355872337 0.2287084460258484 0
1570355874163 0.18927790224552155 0
1570355876041 0.2221548706293106 0
1570355877894 0.18222279846668243 0
1570355879741 0.27379560470581055 0
1570355881581 0.18228816986083984 0
1570355883453 0.19279193878173828 0
1570355885310 0.21578964591026306 0
1570355887234 0.19280485808849335 0
1570355889013 0.31391018629074097 0
1570355890886 0.22861430048942566 0
1570355892749 0.2277747094631195 0
1570355894597 0.23697571456432343 0
1570355896373 0.17665469646453857 0
1570355898204 0.15988877415657043 0
1570355900072 0.2748265862464905 0
1570355902004 0.2590685486793518 0
1570355903911 0.2350473701953888 0
1570355905795 0.22885136306285858 0
1570355907752 0.2035987824201584 0
1570355909642 0.25745683908462524 0
1570355911529 0.2964376211166382 0
1570355913387 0.22356432676315308 0
1570355915288 0.1531369388103485 0
1570355917029 0.26903948187828064 0
1570355918875 0.159107506275177 0
1570355920759 0.21085043251514435 0
1570355922531 0.1779002547264099 0
1570355924361 0.2809448540210724 0
1570355926242 0.2391742318868637 0
1570355928069 0.22481639683246613 0
1570355929920 0.1953764259815216 0
1570355931754 0.4047086238861084 0
1570355933636 0.2971375584602356 0
1570355935500 0.2824915051460266 0
1570355937368 0.27171170711517334 0
1570355939215 0.1968723088502884 0
1570355941072 0.2291470617055893 0
1570355942908 0.27957582473754883 0
1570355944762 0.23245924711227417 0
1570355946626 0.2530493438243866 0
1570355948506 0.23902516067028046 0
1570355950406 0.14451077580451965 0
1570355952385 0.22295036911964417 0
1570355954301 0.15110546350479126 0
1570355956188 0.1353941708803177 0
1570355958108 0.1818091720342636 0
1570355960075 0.21076013147830963 0
1570355962010 0.2105615735054016 0
1570355963911 0.23587173223495483 0
1570355965834 0.20528411865234375 0
1570355967787 0.17051592469215393 0
1570355969775 0.2910531759262085 0
1570355971728 0.2196759134531021 0
1570355973657 0.26551300287246704 0
1570355975636 0.20750148594379425 0
1570355977530 0.2464233934879303 0
1570355979492 0.15458345413208008 0
1570355981377 0.18677516281604767 0
1570355983309 0.23167002201080322 0
1570355985222 0.241312637925148 0
1570355987097 0.21180659532546997 0
1570355988999 0.17722487449645996 0
1570355990918 0.29015278816223145 0
1570355992840 0.2128232717514038 0
1570355994745 0.2598903477191925 0
1570355996616 0.28526780009269714 0
1570355998532 0.21929404139518738 0
1570356000487 0.1961829960346222 0
1570356002411 0.211323082447052 0
1570356004317 0.2643136978149414 0
1570356006245 0.2741182744503021 0
1570356008172 0.19143261015415192 0
1570356010083 0.28178301453590393 0
1570356011980 0.2621966600418091 0
1570356013954 0.22894200682640076 0
1570356015922 0.16540460288524628 0
1570356017776 0.17185895144939423 0
1570356019687 0.2360207736492157 0
1570356021666 0.24758541584014893 0
1570356023609 0.2438495010137558 0
1570356025530 0.23752693831920624 0
1570356027432 0.25037682056427 0
1570356029392 0.1546344757080078 0
1570356031361 0.3061486482620239 0
1570356033248 0.16350114345550537 0
1570356035142 0.1985960453748703 0
1570356037107 0.24843497574329376 0
1570356039051 0.3140028715133667 0
1570356041000 0.19306106865406036 0
1570356042830 0.29372650384902954 0
1570356044664 0.20352599024772644 0
1570356046613 0.21405354142189026 0
1570356048525 0.22917859256267548 0
1570356050445 0.17901770770549774 0
1570356052425 0.13793835043907166 0
1570356054409 0.22571779787540436 0
1570356056315 0.2443648874759674 0
1570356058276 0.2677055597305298 0
1570356060210 0.219352126121521 0
1570356062160 0.16795578598976135 0
1570356064079 0.1759675145149231 0
1570356066093 0.19164404273033142 0
1570356067983 0.32423970103263855 0
1570356069864 0.2542129158973694 0
1570356071748 0.18485131859779358 0
1570356073633 0.2117898166179657 0
1570356075501 0.263426274061203 0
1570356077446 0.20243018865585327 0
1570356079401 0.1870690882205963 0
1570356081322 0.24219153821468353 0
1570356083109 0.09006911516189575 0
1570356085017 0.24388137459754944 0
1570356086954 0.23510387539863586 0
1570356088886 0.20658954977989197 0
1570356090832 0.38479581475257874 0
1570356092791 0.22105400264263153 0
1570356094685 0.2635502815246582 0
1570356096600 0.21758818626403809 0
1570356098577 0.26044154167175293 0
1570356100538 0.2007008194923401 0
1570356102454 0.2544606328010559 0
1570356104402 0.2600419223308563 0
1570356106387 0.20428654551506042 0
1570356108358 0.2819027602672577 0
1570356110293 0.22186468541622162 0
1570356112225 0.1448410451412201 0
1570356114144 0.23018129169940948 0
1570356116045 0.20661523938179016 0
1570356117861 0.19679231941699982 0
1570356119827 0.18848729133605957 0
1570356121685 0.22149589657783508 0
1570356123532 0.17976661026477814 0
1570356125377 0.27505841851234436 0
1570356127214 0.21258294582366943 0
1570356129225 0.21441440284252167 0
1570356131221 0.2442196011543274 0
1570356133132 0.23442131280899048 0
1570356135113 0.1885981559753418 0
1570356137027 0.11512163281440735 0
1570356138965 0.33875107765197754 0
1570356140890 0.11533665657043457 0
1570356142794 0.24579375982284546 0
1570356144741 0.2708755433559418 0
1570356146678 0.152300626039505 0
1570356148589 0.2351328730583191 0
1570356150533 0.20033597946166992 0
1570356152517 0.2480490505695343 0
1570356154473 0.31518182158470154 0
1570356156398 0.21372562646865845 0
1570356158416 0.24182218313217163 0
1570356160433 0.19754517078399658 0
1570356162348 0.23659536242485046 0
1570356164331 0.1965654045343399 0
1570356166318 0.24688321352005005 0
1570356168248 0.17846575379371643 0
1570356170245 0.1949838101863861 0
1570356172210 0.24314869940280914 0
1570356174154 0.19778932631015778 0
1570356176079 0.2089475691318512 0
1570356178086 0.2511800229549408 0
1570356180013 0.24348749220371246 0
1570356182011 0.25754114985466003 0
1570356184001 0.30783772468566895 0
1570356185871 0.2269817590713501 0
1570356187751 0.20623791217803955 0
1570356189694 0.31649672985076904 0
1570356191627 0.2552211880683899 0
1570356193632 0.30419379472732544 0
1570356195562 0.21507702767848969 0
1570356197566 0.20406174659729004 0
1570356199544 0.21958377957344055 0
1570356201478 0.2080618292093277 0
1570356203442 0.22415438294410706 0
1570356205370 0.1640208661556244 0
1570356207405 0.14456339180469513 0
1570356209328 0.1723773330450058 0
1570356211239 0.22425398230552673 0
1570356213178 0.29095104336738586 0
1570356215217 0.25523144006729126 0
1570356217340 0.17942187190055847 0
1570356219298 0.20500096678733826 0
1570356221214 0.27547818422317505 0
1570356223219 0.21029841899871826 0
1570356225174 0.2704046964645386 0
1570356227143 0.2240397036075592 0
1570356229058 0.20375685393810272 0
1570356231038 0.31920725107192993 0
1570356233049 0.2180757373571396 0
1570356235000 0.21434934437274933 0
1570356237018 0.21828648447990417 0
1570356238919 0.2293490618467331 0
1570356240904 0.24556013941764832 0
1570356242916 0.13125422596931458 0
1570356244835 0.22899563610553741 0
1570356246902 0.19549879431724548 0
1570356248873 0.27973753213882446 0
1570356250841 0.21492527425289154 0
1570356252647 0.12744870781898499 0
1570356254553 0.2047330141067505 0
1570356256489 0.23126952350139618 0
1570356258477 0.2299785614013672 0
1570356260456 0.25754716992378235 0
1570356262398 0.3028731346130371 0
1570356264357 0.18678292632102966 0
1570356266327 0.2615501284599304 0
1570356268329 0.23332180082798004 0
1570356270406 0.287044882774353 0
1570356272344 0.23275330662727356 0
1570356274283 0.24588432908058167 0
1570356276248 0.20079335570335388 0
1570356278295 0.26916566491127014 0
1570356280337 0.28047603368759155 0
1570356282274 0.3048034906387329 0
1570356284260 0.2218838483095169 0
1570356286274 0.19823125004768372 0
1570356288250 0.26321151852607727 0
1570356290178 0.15545319020748138 0
1570356292212 0.2592272162437439 0
1570356294218 0.19195029139518738 0
1570356296199 0.24656900763511658 0
1570356298167 0.2487230896949768 0
1570356300054 0.22413042187690735 0
1570356301927 0.22373650968074799 0
1570356303848 0.18641167879104614 0
1570356305774 0.30981823801994324 0
1570356307706 0.18578755855560303 0
1570356309626 0.12598572671413422 0
1570356311647 0.28124672174453735 0
1570356313639 0.2865840792655945 0
1570356315601 0.29360440373420715 0
1570356317595 0.23049014806747437 0
1570356319598 0.18518857657909393 0
1570356321613 0.18696223199367523 0
1570356323566 0.18304160237312317 0
1570356325512 0.2324744462966919 0
1570356327450 0.20657479763031006 0
1570356329354 0.17183378338813782 0
1570356331255 0.15033310651779175 0
1570356333174 0.24694949388504028 0
1570356335150 0.18148919939994812 0
1570356337080 0.1953997015953064 0
1570356339015 0.23575472831726074 0
1570356341032 0.32567211985588074 0
1570356342983 0.3258492648601532 0
1570356344894 0.16113710403442383 0
1570356346833 0.27039459347724915 0
1570356348791 0.23042839765548706 0
1570356350844 0.2722121477127075 0
1570356352766 0.1840720772743225 0
1570356354765 0.19614900648593903 0
1570356356697 0.23005422949790955 0
1570356358653 0.2347312718629837 0
1570356360557 0.19300787150859833 0
1570356362485 0.1986522674560547 0
1570356364427 0.20290467143058777 0
1570356366357 0.2619948983192444 0
1570356368267 0.23971253633499146 0
1570356370179 0.22304347157478333 0
1570356372162 0.30729997158050537 0
1570356374061 0.22065363824367523 0
1570356376027 0.22982771694660187 0
1570356377915 0.18181903660297394 0
1570356379869 0.2444649338722229 0
1570356381893 0.21579240262508392 0
1570356383836 0.23606818914413452 0
1570356385766 0.20848655700683594 0
1570356387786 0.21089673042297363 0
1570356389767 0.2270403802394867 0
1570356391687 0.19589218497276306 0
1570356393605 0.24734611809253693 0
1570356395554 0.1809263825416565 0
1570356397565 0.2831783592700958 0
1570356399547 0.2168830931186676 0
1570356401468 0.17867520451545715 0
1570356403473 0.19314277172088623 0
1570356405397 0.25916510820388794 0
1570356407315 0.24522721767425537 0
1570356409248 0.19778122007846832 0
1570356411350 0.23845450580120087 0
1570356413266 0.22143374383449554 0
1570356415287 0.1397372931241989 0
1570356417359 0.2744811475276947 0
1570356419347 0.1829032599925995 0
1570356421335 0.19834324717521667 0
1570356423386 0.1264188289642334 0
1570356425435 0.1610417366027832 0
1570356427350 0.16095057129859924 0
1570356429191 0.29919958114624023 0
1570356431029 0.27451884746551514 0
1570356432997 0.26583364605903625 0
1570356435033 0.17347681522369385 0
1570356436956 0.24089409410953522 0
1570356438790 0.1749250441789627 0
1570356440667 0.22156043350696564 0
1570356442625 0.2244386076927185 0
1570356444449 0.1921948790550232 0
1570356446371 0.17432843148708344 0
1570356448273 0.2444210946559906 0
1570356450258 0.22713172435760498 0
1570356452254 0.2452644407749176 0
1570356454255 0.1967553347349167 0
1570356456227 0.24240249395370483 0
1570356458226 0.17495432496070862 0
1570356460214 0.17113913595676422 0
1570356462204 0.2624495327472687 0
1570356464155 0.26025617122650146 0
1570356466129 0.301286906003952 0
1570356468047 0.2762681543827057 0
1570356470033 0.14282289147377014 0
1570356472070 0.2012101411819458 0
1570356474030 0.1268995702266693 0
1570356476010 0.22849857807159424 0
1570356477999 0.15730459988117218 0
1570356480005 0.23271192610263824 0
1570356481963 0.2379954308271408 0
1570356484001 0.12839806079864502 0
1570356486024 0.21652978658676147 0
1570356488074 0.23393124341964722 0
1570356490105 0.2960793375968933 0
1570356492094 0.24970358610153198 0
1570356494156 0.20189334452152252 0
1570356496186 0.23139284551143646 0
1570356498180 0.2192259281873703 0
1570356500166 0.13721653819084167 0
1570356502103 0.17616432905197144 0
1570356504122 0.22048765420913696 0
1570356506086 0.2856625020503998 0
1570356508095 0.2933945953845978 0
1570356510185 0.2356100082397461 0
1570356512260 0.23416085541248322 0
1570356514183 0.14965534210205078 0
1570356516079 0.21588873863220215 0
1570356517944 0.23000609874725342 0
1570356519983 0.2422608733177185 0
1570356521951 0.22262459993362427 0
1570356523907 0.24652452766895294 0
1570356525891 0.23323620855808258 0
1570356527821 0.18435177206993103 0
1570356529816 0.23430830240249634 0
1570356531787 0.31249621510505676 0
1570356533834 0.2128245085477829 0
1570356535777 0.22839117050170898 0
1570356537779 0.18428978323936462 0
1570356539766 0.21724539995193481 0
1570356541763 0.16290459036827087 0
1570356543760 0.2472558170557022 0
1570356545733 0.26320815086364746 0
1570356547697 0.1355663537979126 0
