1570352979830 0.3671160340309143 0
1570352985617 0.3553137183189392 0
1570352989249 0.2616327106952667 0
1570352990589 0.29550662636756897 0
1570352996704 0.24051451683044434 0
1570352998963 0.22937828302383423 0
1570353001502 0.355627179145813 0
1570353003843 0.2969680428504944 0
1570353007743 0.32821008563041687 0
1570353009046 0.27286389470100403 0
1570353010376 0.2699615955352783 0
1570353011925 0.26289689540863037 0
1570353014270 0.2629772126674652 0
1570353016571 0.19332227110862732 0
1570353018572 0.2265508770942688 0
1570353020576 0.20945389568805695 0
1570353022505 0.29855912923812866 0
1570353024535 0.269397109746933 0
1570353026739 0.22651782631874084 0
1570353029112 0.25746554136276245 0
1570353033130 0.23644083738327026 0
1570353035008 0.24872303009033203 0
1570353037152 0.24208027124404907 0
1570353038632 0.25030791759490967 0
1570353040932 0.22186197340488434 0
1570353042231 0.23511599004268646 0
1570353043865 0.24962003529071808 0
1570353045877 0.21992644667625427 0
1570353047844 0.23383817076683044 0
1570353049528 0.2559831738471985 0
1570353051175 0.24280180037021637 0
1570353053620 0.219745472073555 0
1570353055250 0.22147327661514282 0
1570353057075 0.23173952102661133 0
1570353058711 0.23962168395519257 0
1570353061072 0.25759994983673096 0
1570353062441 0.24340736865997314 0
1570353064418 0.19878867268562317 0
1570353067102 0.24922409653663635 0
1570353068835 0.2006082832813263 0
1570353070377 0.2382589876651764 0
1570353072592 0.24910998344421387 0
1570353074223 0.2450282871723175 0
1570353075672 0.23029661178588867 0
1570353077172 0.21848991513252258 0
1570353078980 0.20118805766105652 0
1570353080566 0.21413564682006836 0
1570353082130 0.2154403030872345 0
1570353083738 0.24642080068588257 0
1570353085572 0.2309063971042633 0
1570353086782 0.2267134040594101 0
1570353088579 0.18705204129219055 0
1570353090085 0.22634467482566833 0
1570353092125 0.20568735897541046 0
1570353093400 0.21726959943771362 0
1570353094698 0.24261371791362762 0
1570353095894 0.2128480225801468 0
1570353097721 0.20255187153816223 0
1570353099456 0.20215022563934326 0
1570353100847 0.19020840525627136 0
1570353102376 0.2246292233467102 0
1570353104705 0.21474537253379822 0
1570353106764 0.22044157981872559 0
1570353108407 0.20385637879371643 0
1570353109950 0.21656534075737 0
1570353111194 0.17445041239261627 0
1570353112443 0.2207874208688736 0
1570353114084 0.21023716032505035 0
1570353115353 0.21930727362632751 0
1570353116672 0.21273088455200195 0
1570353118615 0.1830817312002182 0
1570353119833 0.21593829989433289 0
1570353121114 0.22538316249847412 0
1570353122532 0.2321237474679947 0
1570353124206 0.23092979192733765 0
1570353125504 0.19242987036705017 0
1570353126764 0.20320677757263184 0
1570353128139 0.2008044570684433 0
1570353129693 0.1781896948814392 0
1570353131242 0.17624881863594055 0
1570353132598 0.19648215174674988 0
1570353133862 0.2025068700313568 0
1570353135261 0.20184095203876495 0
1570353136643 0.21765105426311493 0
1570353138504 0.19829288125038147 0
1570353139733 0.17789164185523987 0
1570353141074 0.18699829280376434 0
1570353142300 0.20081591606140137 0
1570353144266 0.1836300492286682 0
1570353145769 0.20038852095603943 0
1570353147238 0.17277026176452637 0
1570353148986 0.16930720210075378 0
1570353150385 0.19956710934638977 0
1570353151614 0.18374542891979218 0
1570353153125 0.17693454027175903 0
1570353154399 0.18139982223510742 0
1570353155666 0.19107045233249664 0
1570353156936 0.1754254698753357 0
1570353158207 0.21144181489944458 0
1570353159882 0.18569625914096832 0
1570353161217 0.17219528555870056 0
1570353162517 0.18832936882972717 0
1570353163739 0.15347476303577423 0
1570353164966 0.16577890515327454 0
1570353166217 0.15018430352210999 0
1570353167582 0.17547431588172913 0
1570353168889 0.20246389508247375 0
1570353170192 0.1783636212348938 0
1570353171513 0.19744674861431122 0
1570353172825 0.1609506756067276 0
1570353174084 0.18246790766716003 0
1570353175341 0.15313971042633057 0
1570353176600 0.1723286211490631 0
1570353177845 0.16703075170516968 0
1570353179154 0.16106492280960083 0
1570353180546 0.13903477787971497 0
1570353181868 0.16894514858722687 0
1570353183199 0.18052366375923157 0
1570353184458 0.18364503979682922 0
1570353185729 0.18220438063144684 0
1570353186975 0.15334470570087433 0
1570353188175 0.19297455251216888 0
1570353189422 0.18821275234222412 0
1570353190598 0.16634637117385864 0
1570353191866 0.18592242896556854 0
1570353193149 0.16514061391353607 0
1570353194427 0.16028884053230286 0
1570353195778 0.1431182473897934 0
1570353197049 0.1535504311323166 0
1570353198332 0.14510099589824677 0
1570353199652 0.14157359302043915 0
1570353201030 0.171613872051239 0
1570353202309 0.15509799122810364 0
1570353203577 0.16241055727005005 0
1570353204978 0.13960151374340057 0
1570353206266 0.1857604682445526 0
1570353207491 0.15279006958007812 0
1570353208706 0.1437879204750061 0
1570353210012 0.15296360850334167 0
1570353211368 0.17553041875362396 0
1570353212642 0.1619955152273178 0
1570353214056 0.1741011142730713 0
1570353215351 0.13050714135169983 0
1570353216619 0.14991453289985657 0
1570353217925 0.169302299618721 0
1570353219254 0.14546480774879456 0
1570353220673 0.1483425348997116 0
1570353221969 0.13560345768928528 0
1570353223291 0.16176319122314453 0
1570353224611 0.15031249821186066 0
1570353225901 0.1524645984172821 0
1570353227182 0.1624339520931244 0
1570353228423 0.1479528844356537 0
1570353229703 0.19561471045017242 0
1570353230964 0.1762421727180481 0
1570353232274 0.16327974200248718 0
1570353233626 0.16371870040893555 0
1570353234896 0.16823530197143555 0
1570353236355 0.13293197751045227 0
1570353237766 0.16246315836906433 0
1570353239143 0.1874147355556488 0
1570353240525 0.16157148778438568 0
1570353241798 0.14855130016803741 0
1570353243034 0.12994696199893951 0
1570353244305 0.15766379237174988 0
1570353245593 0.12964826822280884 0
1570353246871 0.12369444966316223 0
1570353248212 0.14640715718269348 0
1570353249493 0.15755058825016022 0
1570353250766 0.15739800035953522 0
1570353252178 0.15210361778736115 0
1570353253520 0.14818111062049866 0
1570353254788 0.13889744877815247 0
1570353256035 0.14840975403785706 0
1570353257323 0.13284744322299957 0
1570353258601 0.14374618232250214 0
1570353260045 0.14262336492538452 0
1570353261328 0.13468283414840698 0
1570353262729 0.1753498911857605 0
1570353263997 0.1335776448249817 0
1570353265381 0.13268673419952393 0
1570353266772 0.14655709266662598 0
1570353268203 0.13366703689098358 0
1570353269527 0.16283664107322693 0
1570353270795 0.13517403602600098 0
1570353272192 0.20028194785118103 0
1570353273616 0.143361896276474 0
1570353274923 0.12640881538391113 0
1570353276180 0.17489227652549744 0
1570353277545 0.12538473308086395 0
1570353278913 0.15589752793312073 0
1570353280278 0.1255698800086975 0
1570353281723 0.13276101648807526 0
1570353283047 0.1454271376132965 0
1570353284371 0.1387912482023239 0
1570353285656 0.13237538933753967 0
1570353287028 0.13771897554397583 0
1570353288344 0.14310956001281738 0
1570353289716 0.1554054617881775 0
1570353291039 0.16142535209655762 0
1570353292318 0.12217996269464493 0
1570353293652 0.1486157327890396 0
1570353294967 0.1441805362701416 0
1570353296197 0.12206867337226868 0
1570353297473 0.1299717128276825 0
1570353298760 0.13432243466377258 0
1570353300057 0.12739205360412598 0
1570353301464 0.13557811081409454 0
1570353302869 0.1479194164276123 0
1570353304235 0.15770721435546875 0
1570353305519 0.1397436112165451 0
1570353306817 0.12399039417505264 0
1570353308091 0.14442962408065796 0
1570353309484 0.13013231754302979 0
1570353310835 0.13438713550567627 0
1570353312143 0.15955719351768494 0
1570353313428 0.11728627234697342 0
1570353314800 0.16224509477615356 0
1570353316203 0.1551726758480072 0
1570353317629 0.11786071211099625 0
1570353319066 0.14055947959423065 0
1570353320542 0.13503848016262054 0
1570353321904 0.10815174132585526 0
1570353323305 0.1125459372997284 0
1570353324697 0.13780534267425537 0
1570353326091 0.1582719385623932 0
1570353327484 0.13789598643779755 0
1570353328780 0.14250265061855316 0
1570353330118 0.1633763462305069 0
1570353331379 0.16006842255592346 0
1570353332789 0.16084691882133484 0
1570353334144 0.12595489621162415 0
1570353335460 0.12099982053041458 0
1570353336738 0.13955876231193542 0
1570353338028 0.16136059165000916 0
1570353339416 0.1571720838546753 0
1570353340791 0.1259344518184662 0
1570353342080 0.11576604843139648 0
1570353343359 0.10592972487211227 0
1570353344665 0.12056715786457062 0
1570353346026 0.13059523701667786 0
1570353347495 0.15065176784992218 0
1570353348961 0.13569806516170502 0
1570353350387 0.13086926937103271 0
1570353351653 0.1628650724887848 0
1570353352948 0.1281771957874298 0
1570353354272 0.15173563361167908 0
1570353355643 0.13629445433616638 0
1570353357096 0.10859693586826324 0
1570353358417 0.11888974905014038 0
1570353359778 0.12509918212890625 0
1570353361193 0.12676599621772766 0
1570353362613 0.1185973584651947 0
1570353364034 0.09569023549556732 0
1570353365467 0.15935808420181274 0
1570353366806 0.12420831620693207 0
1570353368167 0.15943823754787445 0
1570353369637 0.11075684428215027 0
1570353370993 0.10490681231021881 0
1570353372337 0.1660287082195282 0
1570353373795 0.14005789160728455 0
1570353375193 0.13664376735687256 0
1570353376526 0.12046271562576294 0
1570353377874 0.1167374849319458 0
1570353379173 0.1331661194562912 0
1570353380475 0.13500088453292847 0
1570353381816 0.1274823248386383 0
1570353383316 0.13312456011772156 0
1570353384731 0.10844218730926514 0
1570353386075 0.11680066585540771 0
1570353387433 0.13165035843849182 0
1570353388845 0.1139538437128067 0
1570353390152 0.1473540961742401 0
1570353391504 0.13205362856388092 0
1570353392838 0.12274985015392303 0
1570353394244 0.12464767694473267 0
1570353395658 0.10344094038009644 0
1570353396948 0.13893619179725647 0
1570353398328 0.1305927038192749 0
1570353399636 0.13243365287780762 0
1570353400931 0.0989776998758316 0
1570353402331 0.1198914423584938 0
1570353403587 0.13479678332805634 0
1570353404951 0.13888999819755554 0
1570353406384 0.14571502804756165 0
1570353407740 0.14900365471839905 0
1570353409056 0.10731309652328491 0
1570353410383 0.13108551502227783 0
1570353411684 0.13889697194099426 0
1570353413035 0.12082135677337646 0
1570353414393 0.13228145241737366 0
1570353415741 0.1321049928665161 0
1570353417133 0.0973096489906311 0
1570353418447 0.08721224963665009 0
1570353419847 0.1604754626750946 0
1570353421160 0.1306665539741516 0
1570353422473 0.10328629612922668 0
1570353423860 0.13962256908416748 0
1570353425256 0.1359362006187439 0
1570353426613 0.11786408722400665 0
1570353427900 0.13152068853378296 0
1570353429171 0.12084340304136276 0
1570353430572 0.11973784863948822 0
1570353431936 0.12380369752645493 0
1570353433232 0.13273563981056213 0
1570353434495 0.11601735651493073 0
1570353435695 0.13465964794158936 0
1570353436972 0.14247256517410278 0
1570353438288 0.10201691836118698 0
1570353439566 0.10062228888273239 0
1570353440913 0.1475263386964798 0
1570353442235 0.11470815539360046 0
1570353443542 0.1272754818201065 0
1570353444890 0.13824746012687683 0
1570353446350 0.10960601270198822 0
1570353447792 0.1210784912109375 0
1570353449228 0.11643234640359879 0
1570353450596 0.14540357887744904 0
1570353451893 0.12323841452598572 0
1570353453176 0.10654056072235107 0
1570353454447 0.11681930720806122 0
1570353455710 0.12090744823217392 0
1570353456977 0.1327044665813446 0
1570353458329 0.1657600998878479 0
1570353459812 0.10651880502700806 0
1570353461195 0.14302004873752594 0
1570353462494 0.10091954469680786 0
1570353463858 0.1315833330154419 0
1570353465297 0.13461557030677795 0
1570353466743 0.12490999698638916 0
1570353468188 0.12717364728450775 0
1570353469656 0.11683487147092819 0
1570353471141 0.11730290949344635 0
1570353472575 0.116563580930233 0
1570353474035 0.13973326981067657 0
1570353475479 0.11708933115005493 0
1570353476962 0.15438927710056305 0
1570353478420 0.15936124324798584 0
1570353479864 0.13879692554473877 0
1570353481302 0.1300121247768402 0
1570353482779 0.13250133395195007 0
1570353484268 0.1119394451379776 0
1570353485664 0.10347890108823776 0
1570353487145 0.11277271807193756 0
1570353488629 0.11182936280965805 0
1570353490151 0.1286843717098236 0
1570353491704 0.10122775286436081 0
1570353493240 0.11766388267278671 0
1570353494692 0.11740520596504211 0
1570353496036 0.09997832030057907 0
1570353497487 0.1466071903705597 0
1570353498825 0.10735419392585754 0
1570353500145 0.13750067353248596 0
1570353501486 0.11056569218635559 0
1570353502976 0.10220479965209961 0
1570353504524 0.133073091506958 0
1570353505891 0.14561794698238373 0
1570353507261 0.11298170685768127 0
1570353508577 0.11901101469993591 0
1570353509897 0.12553691864013672 0
1570353511230 0.10676981508731842 0
1570353512579 0.11516733467578888 0
1570353513941 0.135965496301651 0
1570353515324 0.10353326052427292 0
1570353516665 0.09685587882995605 0
1570353517958 0.11807677149772644 0
1570353519415 0.10815548896789551 0
1570353520851 0.0967412069439888 0
1570353522183 0.15827049314975739 0
1570353523574 0.09974721074104309 0
1570353525027 0.15665169060230255 0
1570353526423 0.130863755941391 0
1570353527823 0.1142154335975647 0
1570353529127 0.13040092587471008 0
1570353530647 0.12947100400924683 0
1570353532157 0.09424357116222382 0
1570353533621 0.10558225214481354 0
1570353535066 0.14449313282966614 0
1570353536501 0.13041172921657562 0
1570353537960 0.12104178220033646 0
1570353539421 0.12103212624788284 0
1570353540869 0.10417395830154419 0
1570353542380 0.12111002951860428 0
1570353543732 0.11271591484546661 0
1570353545079 0.11073551326990128 0
1570353546458 0.1096479743719101 0
1570353547888 0.10993745923042297 0
1570353549186 0.1126871407032013 0
1570353550564 0.13652488589286804 0
1570353552017 0.13084378838539124 0
1570353567084 0.10152671486139297 0
1570353568557 0.13634249567985535 0
1570353581101 0.14410585165023804 0
1570353582524 0.08390940725803375 0
1570353583926 0.10657551884651184 0
1570353585332 0.1399361491203308 0
1570353586811 0.12770752608776093 0
1570353618579 0.11057371646165848 0
1570353620003 0.16324461996555328 0
1570353621468 0.13768622279167175 0
1570353622910 0.11921927332878113 0
1570353624363 0.11112764477729797 0
1570353625800 0.11925218999385834 0
1570353627263 0.14074942469596863 0
1570353628661 0.09508484601974487 0
1570353630115 0.11880707740783691 0
1570353631457 0.15200801193714142 0
1570353651674 0.1364874541759491 0
1570353653081 0.09176308661699295 0
1570353654509 0.14344422519207 0
1570353655914 0.10309544950723648 0
1570353657339 0.11416575312614441 0
1570353658629 0.10790583491325378 0
1570353659871 0.09469818323850632 0
1570353661141 0.12699785828590393 0
1570353662486 0.10408979654312134 0
1570353663805 0.1196947991847992 0
1570353665142 0.10548826307058334 0
1570353666608 0.10797633230686188 0
1570353667989 0.09949295222759247 0
1570353669439 0.13769465684890747 0
1570353670831 0.14445596933364868 0
1570353672247 0.10528235882520676 0
1570353673589 0.10974954813718796 0
1570353674917 0.10887997597455978 0
1570353676280 0.1228463277220726 0
1570353677624 0.13569895923137665 0
1570353678947 0.12553831934928894 0
1570353680363 0.1095748022198677 0
1570353681758 0.09875554591417313 0
1570353683135 0.14373689889907837 0
1570353684650 0.08685040473937988 0
1570353685919 0.11558596789836884 0
1570353687210 0.1331845074892044 0
1570353688541 0.10392996668815613 0
1570353689931 0.13535669445991516 0
1570353691341 0.1282457411289215 0
1570353692787 0.12168897688388824 0
1570353694224 0.12405236065387726 0
1570353695685 0.09510336816310883 0
1570353697154 0.1177399754524231 0
1570353698571 0.12989306449890137 0
1570353700016 0.12172292172908783 0
1570353701489 0.10766682773828506 0
1570353702917 0.1169036477804184 0
1570353704364 0.12713125348091125 0
1570353705811 0.13043200969696045 0
1570353707313 0.13489791750907898 0
1570353708815 0.11659033596515656 0
1570353710269 0.06787228584289551 0
1570353711701 0.10733146965503693 0
1570353713051 0.11316889524459839 0
1570353714539 0.12366379052400589 0
1570353715970 0.09060674905776978 0
1570353717356 0.10465534776449203 0
1570353718735 0.09238243848085403 0
1570353720147 0.13063886761665344 0
1570353721542 0.12941697239875793 0
1570353722924 0.13382114470005035 0
1570353724274 0.1073760911822319 0
1570353725696 0.11514399945735931 0
1570353727038 0.12444867193698883 0
1570353728395 0.09596116840839386 0
1570353729787 0.1514357328414917 0
1570353731381 0.10833370685577393 0
1570353732796 0.12999995052814484 0
1570353734221 0.15533320605754852 0
1570353735604 0.1058846265077591 0
1570353737042 0.12295199930667877 0
1570353738517 0.07625654339790344 0
1570353739983 0.11443258821964264 0
1570353741425 0.12411650270223618 0
1570353742900 0.11165930330753326 0
1570353744344 0.12125182151794434 0
1570353745789 0.13690924644470215 0
1570353747252 0.10920101404190063 0
1570353748702 0.11088964343070984 0
1570353750199 0.09429512917995453 0
1570353751709 0.12258410453796387 0
1570353753232 0.10053282976150513 0
1570353754756 0.14258766174316406 0
1570353756283 0.08767148107290268 0
1570353757766 0.13092073798179626 0
1570353759138 0.10458444803953171 0
1570353760605 0.12218138575553894 0
1570353761994 0.08694436401128769 0
1570353763455 0.10496213287115097 0
1570353764956 0.1376199871301651 0
1570353766397 0.11511753499507904 0
1570353767737 0.10667859762907028 0
1570353769074 0.1229107528924942 0
1570353770412 0.12174328416585922 0
1570353771806 0.10334907472133636 0
1570353773203 0.10167041420936584 0
1570353774581 0.10319392383098602 0
1570353776030 0.10144711285829544 0
1570353777537 0.1148265153169632 0
1570353822988 0.10163607448339462 0
1570353824527 0.11657631397247314 0
1570353826035 0.1497257947921753 0
1570353827636 0.14143159985542297 0
1570353829007 0.0924869030714035 0
1570353830405 0.09784163534641266 0
1570353831748 0.10068727284669876 0
1570353833157 0.0951545238494873 0
1570353834541 0.13460050523281097 0
1570353835985 0.1362624615430832 0
1570353837387 0.11875657737255096 0
1570353838871 0.10119426995515823 0
1570353840330 0.10408826172351837 0
1570353841749 0.15010234713554382 0
1570353843143 0.14939163625240326 0
1570353844497 0.1311882585287094 0
1570353845844 0.09864507615566254 0
1570353847301 0.12223342061042786 0
1570353848682 0.10656823217868805 0
1570353850223 0.10615970194339752 0
1570353851790 0.10219615697860718 0
1570353853266 0.12174858152866364 0
1570353854759 0.15717193484306335 0
1570353856312 0.1284354329109192 0
1570353857791 0.11893629282712936 0
1570353859331 0.13616539537906647 0
1570353860819 0.12217798829078674 0
1570353862249 0.12836673855781555 0
1570353863704 0.11079972982406616 0
1570353865166 0.10865439474582672 0
1570353866653 0.11539910733699799 0
1570353868116 0.09350305795669556 0
1570353869605 0.0910971611738205 0
1570353871154 0.1146303117275238 0
1570353872544 0.11050063371658325 0
1570353874104 0.14404362440109253 0
1570353875547 0.10220929235219955 0
1570353876971 0.10984499752521515 0
1570353878358 0.09288045763969421 0
1570353879748 0.12430809438228607 0
1570353881183 0.08440817892551422 0
1570353882618 0.10685871541500092 0
1570353883965 0.08174892514944077 0
1570353885315 0.118944451212883 0
1570353886688 0.11974570155143738 0
1570353888093 0.10440570116043091 0
1570353889520 0.09868672490119934 0
1570353891138 0.1523926556110382 0
1570353892697 0.07657916843891144 0
1570353894241 0.11447061598300934 0
1570353895771 0.10428741574287415 0
1570353897311 0.128120556473732 0
1570353898865 0.11340953409671783 0
1570353900346 0.08026138693094254 0
1570353901821 0.08960088342428207 0
1570353903342 0.08760248124599457 0
1570353904855 0.08745886385440826 0
1570353906306 0.0956290140748024 0
1570353907693 0.11953896284103394 0
1570353909073 0.0933932214975357 0
1570353910554 0.12624399363994598 0
1570353912099 0.10942673683166504 0
1570353913628 0.17548218369483948 0
1570353915085 0.11141471564769745 0
1570353916654 0.12558728456497192 0
1570353918161 0.13279448449611664 0
1570353919564 0.11801977455615997 0
1570353921105 0.12100186944007874 0
1570353922675 0.1459631472826004 0
1570353924062 0.10662969946861267 0
1570353925466 0.13083386421203613 0
1570353926885 0.07872773706912994 0
1570353928321 0.09040702879428864 0
1570353929986 0.1228758841753006 0
1570353931535 0.08574708551168442 0
1570353933013 0.09906601905822754 0
1570353934633 0.08567485213279724 0
1570353936131 0.0847666785120964 0
1570353937597 0.12621170282363892 0
1570353938995 0.0959891676902771 0
1570353940382 0.13065490126609802 0
1570353941803 0.08713784068822861 0
1570353943184 0.1111983209848404 0
1570353944631 0.09431996196508408 0
1570353946036 0.09993043541908264 0
1570353947420 0.0972762405872345 0
1570353948843 0.09988395869731903 0
1570353950312 0.09993273764848709 0
1570353951773 0.11084609478712082 0
1570353953222 0.1303035020828247 0
1570353954667 0.09476067125797272 0
1570353956112 0.1129140630364418 0
1570353957660 0.1278446465730667 0
1570353959165 0.09600482136011124 0
1570353960622 0.12213825434446335 0
1570353962153 0.14212578535079956 0
1570353963685 0.09307415783405304 0
1570353965077 0.09759096801280975 0
1570353966484 0.10228338837623596 0
1570353967897 0.09666325896978378 0
1570353969338 0.1550041288137436 0
1570353970808 0.10272562503814697 0
1570353972231 0.10242176055908203 0
1570353973766 0.1499665230512619 0
1570353975294 0.11230045557022095 0
1570353976831 0.1612240970134735 0
1570353978235 0.13260167837142944 0
1570353979636 0.10215868055820465 0
1570353981139 0.09105221927165985 0
1570353982570 0.11914809793233871 0
1570353984114 0.10164865851402283 0
1570353985645 0.08813442289829254 0
1570353987177 0.07218708097934723 0
1570353988657 0.11884350329637527 0
1570353990127 0.08737605810165405 0
1570353991667 0.10516790300607681 0
1570353993184 0.07866337150335312 0
1570353994700 0.11084035038948059 0
1570353996125 0.13102813065052032 0
1570353997518 0.13491255044937134 0
1570353999082 0.1067436933517456 0
1570354000653 0.10497917234897614 0
1570354002134 0.11633837223052979 0
1570354003648 0.11032658070325851 0
1570354005141 0.10158772766590118 0
1570354006672 0.12994733452796936 0
1570354008209 0.1073639914393425 0
1570354009751 0.11364776641130447 0
1570354011173 0.12554234266281128 0
1570354012676 0.08585523813962936 0
1570354014180 0.1252409815788269 0
1570354015673 0.104014553129673 0
1570354017185 0.1030842661857605 0
1570354018580 0.12147179245948792 0
1570354020047 0.12101054191589355 0
1570354021429 0.112721286714077 0
1570354022849 0.12436924129724503 0
1570354024367 0.08935873210430145 0
1570354025777 0.10761266946792603 0
1570354027248 0.08483211696147919 0
1570354028837 0.10165400803089142 0
1570354030278 0.09552265703678131 0
1570354031673 0.10763394832611084 0
1570354033251 0.12060569226741791 0
1570354034796 0.1154445931315422 0
1570354036158 0.10471226274967194 0
1570354037615 0.11494673043489456 0
1570354039035 0.10718349367380142 0
1570354040411 0.09089928865432739 0
1570354041822 0.08411726355552673 0
1570354043267 0.10911430418491364 0
1570354044717 0.09671296179294586 0
1570354046264 0.12361788004636765 0
1570354047841 0.09431268274784088 0
1570354049405 0.10938545316457748 0
1570354050992 0.10297513008117676 0
1570354052535 0.0946301817893982 0
1570354054108 0.09210588037967682 0
1570354055522 0.09500014781951904 0
1570354057078 0.08829766511917114 0
1570354058616 0.08495420217514038 0
1570354060193 0.11321069300174713 0
1570354061741 0.12694838643074036 0
1570354063257 0.11825549602508545 0
1570354064822 0.11341184377670288 0
1570354066399 0.10252369195222855 0
1570354067967 0.11639276891946793 0
1570354069558 0.1129070594906807 0
1570354071159 0.0917426347732544 0
1570354072717 0.11355908215045929 0
1570354074268 0.107057124376297 0
1570354075901 0.11335402727127075 0
1570354077448 0.12014847248792648 0
1570354078941 0.12907390296459198 0
1570354080497 0.09140687435865402 0
1570354082063 0.09063667058944702 0
1570354083526 0.0925825983285904 0
1570354084931 0.1050104945898056 0
1570354086501 0.1342170089483261 0
1570354087934 0.11388491094112396 0
1570354089389 0.10153975337743759 0
1570354090835 0.09647179394960403 0
1570354092296 0.0996718481183052 0
1570354093809 0.09545697271823883 0
1570354095376 0.09810568392276764 0
1570354096935 0.13437724113464355 0
1570354098493 0.10809747874736786 0
1570354100088 0.07872292399406433 0
1570354101720 0.13141077756881714 0
1570354103307 0.09828463196754456 0
1570354104890 0.11963172256946564 0
1570354106517 0.17039725184440613 0
1570354108135 0.11185716092586517 0
1570354109710 0.0896177738904953 0
1570354111281 0.11942584067583084 0
1570354112895 0.12971940636634827 0
1570354114505 0.09420904517173767 0
1570354115935 0.086270771920681 0
1570354117514 0.11317217350006104 0
1570354119123 0.13052107393741608 0
1570354120623 0.10250793397426605 0
1570354122193 0.08364573121070862 0
1570354123762 0.0905209630727768 0
1570354125216 0.09766736626625061 0
1570354126634 0.10135670006275177 0
1570354128163 0.0945289209485054 0
1570354129624 0.08970199525356293 0
1570354131093 0.10814610868692398 0
1570354132794 0.10931063443422318 0
1570354134464 0.11238755285739899 0
1570354136130 0.12782683968544006 0
1570354137747 0.11086522042751312 0
1570354139312 0.11625930666923523 0
1570354140901 0.09237349778413773 0
1570354142420 0.09770158678293228 0
1570354143935 0.1129477247595787 0
1570354145564 0.09509503841400146 0
1570354147193 0.09808722138404846 0
1570354148895 0.0953633189201355 0
1570354150463 0.1327955722808838 0
1570354152039 0.10527883470058441 0
1570354153636 0.06993860006332397 0
1570354155215 0.07552096247673035 0
1570354156799 0.10095764696598053 0
1570354158469 0.1161298006772995 0
1570354160154 0.08921059221029282 0
1570354161770 0.09616492688655853 0
1570354163455 0.0935654565691948 0
1570354164911 0.08491148054599762 0
1570354166399 0.11612093448638916 0
1570354167969 0.09564872831106186 0
1570354169483 0.12427127361297607 0
1570354171098 0.06840779632329941 0
1570354172655 0.09487878531217575 0
1570354174244 0.0930444672703743 0
1570354175853 0.09157008677721024 0
1570354177341 0.10200580209493637 0
1570354178780 0.09685592353343964 0
1570354180299 0.1097952201962471 0
1570354181848 0.13033276796340942 0
1570354183350 0.09755860269069672 0
1570354184916 0.08725811541080475 0
1570354186502 0.12321609258651733 0
1570354188194 0.08451943099498749 0
1570354189857 0.11563625186681747 0
1570354191496 0.086714006960392 0
1570354192927 0.10081309080123901 0
1570354194398 0.09474891424179077 0
1570354195864 0.07937343418598175 0
1570354197311 0.09596574306488037 0
1570354198732 0.11831452697515488 0
1570354200346 0.12584324181079865 0
1570354201981 0.0934208482503891 0
1570354203402 0.11731584370136261 0
1570354205005 0.10558211803436279 0
1570354206630 0.08074048161506653 0
1570354208131 0.08940789103507996 0
1570354209630 0.07689051330089569 0
1570354211066 0.10554550588130951 0
1570354212567 0.09868435561656952 0
1570354214134 0.08364185690879822 0
1570354215579 0.10034960508346558 0
1570354217162 0.0871480330824852 0
1570354218789 0.1321442723274231 0
1570354220418 0.101777583360672 0
1570354222021 0.09872330725193024 0
1570354223633 0.09684440493583679 0
1570354225188 0.09502051770687103 0
1570354226845 0.11667711287736893 0
1570354228476 0.10152555257081985 0
1570354230040 0.07826641201972961 0
1570354231666 0.09283018112182617 0
1570354233278 0.11402888596057892 0
1570354234914 0.09181539714336395 0
1570354236521 0.12610390782356262 0
1570354238175 0.09558548033237457 0
1570354239811 0.10175732523202896 0
1570354241432 0.1279202401638031 0
1570354243076 0.13411252200603485 0
1570354244664 0.11908431351184845 0
1570354246298 0.10294415056705475 0
1570354247916 0.11806611716747284 0
1570354249527 0.09757636487483978 0
1570354251139 0.12063142657279968 0
1570354252723 0.08658495545387268 0
1570354254310 0.09922758489847183 0
1570354255917 0.09049328416585922 0
1570354257549 0.1099901869893074 0
1570354259151 0.09783318638801575 0
1570354260782 0.08719170093536377 0
1570354262407 0.12881216406822205 0
1570354264037 0.09389097988605499 0
1570354265590 0.07390081882476807 0
1570354267146 0.09974290430545807 0
1570354268639 0.10518351942300797 0
1570354270145 0.09001122415065765 0
1570354271659 0.126296266913414 0
1570354273290 0.07408912479877472 0
1570354274721 0.10665679723024368 0
1570354276218 0.08907201886177063 0
1570354277855 0.13170833885669708 0
1570354279513 0.13666479289531708 0
1570354281094 0.11779027432203293 0
1570354282719 0.07976745069026947 0
1570354284349 0.11103454232215881 0
1570354285922 0.10792921483516693 0
1570354287506 0.08145390450954437 0
1570354289106 0.10404513031244278 0
1570354290703 0.06831197440624237 0
1570354292394 0.1099933385848999 0
1570354293981 0.09629043936729431 0
1570354295619 0.10667769610881805 0
1570354297281 0.0987052246928215 0
1570354298871 0.10327193140983582 0
1570354300478 0.1264813095331192 0
1570354302175 0.09048813581466675 0
1570354303875 0.08827705681324005 0
1570354305510 0.10274925827980042 0
1570354307080 0.11725488305091858 0
1570354308686 0.0992898941040039 0
1570354310328 0.0826345682144165 0
1570354311881 0.1031162291765213 0
1570354313341 0.10466644167900085 0
1570354314823 0.10058451443910599 0
1570354316312 0.11190913617610931 0
1570354317789 0.09945329278707504 0
1570354319241 0.09736503660678864 0
1570354320736 0.09367476403713226 0
1570354322228 0.10153830051422119 0
1570354323876 0.08621808886528015 0
1570354325513 0.10159637033939362 0
1570354327127 0.12285513430833817 0
1570354328755 0.12806028127670288 0
1570354330352 0.12223044037818909 0
1570354331863 0.11263163387775421 0
1570354333393 0.12903687357902527 0
1570354334979 0.1173434853553772 0
1570354336441 0.10877387225627899 0
1570354337951 0.08366595208644867 0
1570354339451 0.1028442531824112 0
1570354340938 0.09247663617134094 0
1570354342400 0.11010284721851349 0
1570354343902 0.08859219402074814 0
1570354345378 0.10806238651275635 0
1570354346826 0.08763685822486877 0
1570354348433 0.10108377039432526 0
1570354350033 0.08689545094966888 0
1570354351687 0.11055188626050949 0
1570354353234 0.09707271307706833 0
1570354354878 0.11370277404785156 0
1570354356500 0.09560683369636536 0
1570354358256 0.08669842779636383 0
1570354359918 0.07969546318054199 0
1570354361517 0.10186059772968292 0
1570354363088 0.104070283472538 0
1570354364687 0.08576402068138123 0
1570354366264 0.10698240995407104 0
1570354367777 0.0780428946018219 0
1570354369265 0.0959874615073204 0
1570354370711 0.09418785572052002 0
1570354372292 0.12550126016139984 0
1570354373886 0.10943298041820526 0
1570354375498 0.1057729721069336 0
1570354377172 0.06630387902259827 0
1570354378820 0.12052451074123383 0
1570354380459 0.08381888270378113 0
1570354382117 0.07880326360464096 0
1570354383697 0.11388684064149857 0
1570354385291 0.09189560264348984 0
1570354386933 0.11179178953170776 0
1570354388532 0.14747200906276703 0
1570354390193 0.10828488320112228 0
1570354391839 0.06988908350467682 0
1570354393543 0.0752662867307663 0
1570354395104 0.0977575033903122 0
1570354396723 0.11097189784049988 0
1570354398361 0.10928928852081299 0
1570354399959 0.10299944877624512 0
1570354401562 0.086154505610466 0
1570354403071 0.08682858943939209 0
1570354404615 0.09791578352451324 0
1570354406225 0.15257039666175842 0
1570354407829 0.08385840058326721 0
1570354409495 0.11630066484212875 0
1570354411117 0.08739219605922699 0
1570354412701 0.0975118950009346 0
1570354414288 0.0909244641661644 0
1570354415920 0.11523653566837311 0
1570354417610 0.0718507319688797 0
1570354419255 0.07854966074228287 0
1570354420837 0.07040471583604813 0
1570354422455 0.09159162640571594 0
1570354424078 0.08179770410060883 0
1570354425701 0.08443769812583923 0
1570354427324 0.08447760343551636 0
1570354428963 0.11047767102718353 0
1570354430674 0.11910247802734375 0
1570354432266 0.0841701328754425 0
1570354433869 0.10234013199806213 0
1570354435534 0.10334274172782898 0
1570354437120 0.11180887371301651 0
1570354438761 0.1285054087638855 0
1570354440426 0.11674228310585022 0
1570354442147 0.08062492311000824 0
1570354443824 0.07532286643981934 0
1570354445545 0.09277147054672241 0
1570354447159 0.10280139744281769 0
1570354448798 0.11515865474939346 0
1570354450454 0.09376657754182816 0
1570354452014 0.09017826616764069 0
1570354453468 0.09396279603242874 0
1570354454955 0.08887095004320145 0
1570354456459 0.10518330335617065 0
1570354458058 0.09767831861972809 0
1570354459548 0.1031297817826271 0
1570354461008 0.0981699749827385 0
1570354462446 0.1009003296494484 0
1570354464083 0.10983960330486298 0
1570354465701 0.1339389830827713 0
1570354467254 0.06117217242717743 0
1570354468804 0.11467483639717102 0
1570354470380 0.09207005053758621 0
1570354471980 0.0827689990401268 0
1570354473566 0.08487767726182938 0
1570354475219 0.10284220427274704 0
1570354476807 0.09788206964731216 0
1570354478411 0.11591404676437378 0
1570354479998 0.09865597635507584 0
1570354481656 0.10177949070930481 0
1570354483274 0.087614044547081 0
1570354484855 0.09590467810630798 0
1570354486477 0.11811793595552444 0
1570354488135 0.11689432710409164 0
1570354489747 0.09743713587522507 0
1570354491322 0.10127843916416168 0
1570354492947 0.09622375667095184 0
1570354494610 0.09957326948642731 0
1570354496234 0.08600854873657227 0
1570354497845 0.10391538590192795 0
1570354499450 0.0939478799700737 0
1570354501064 0.07946573197841644 0
1570354502637 0.0744570642709732 0
1570354504210 0.07712087035179138 0
1570354505825 0.09765511006116867 0
1570354507529 0.10975012183189392 0
1570354509037 0.09811197221279144 0
1570354510565 0.12351647019386292 0
1570354512281 0.10782583057880402 0
1570354513997 0.08963698148727417 0
1570354515683 0.0780089944601059 0
1570354517326 0.10389956086874008 0
1570354518981 0.07618960738182068 0
1570354520641 0.11330051720142365 0
1570354522264 0.11523681879043579 0
1570354523894 0.09234622120857239 0
1570354525502 0.11695556342601776 0
1570354527146 0.10651954263448715 0
1570354528783 0.10671298950910568 0
1570354530442 0.10902701318264008 0
1570354532055 0.12211576849222183 0
1570354533751 0.07022684812545776 0
1570354535418 0.1286531388759613 0
1570354537077 0.10536691546440125 0
1570354538751 0.1024433895945549 0
1570354540305 0.09482672810554504 0
1570354541861 0.058853358030319214 0
1570354543416 0.09258589148521423 0
1570354545091 0.09620146453380585 0
1570354546709 0.10829351842403412 0
1570354548249 0.09089276194572449 0
1570354549774 0.08402252942323685 0
1570354551390 0.11585649847984314 0
1570354553071 0.08529524505138397 0
1570354554724 0.10439436137676239 0
1570354556371 0.11663767695426941 0
1570354557967 0.10274824500083923 0
1570354559681 0.10425741970539093 0
1570354561367 0.09799201786518097 0
1570354563017 0.08791820704936981 0
1570354564722 0.09229043126106262 0
1570354566253 0.10115347802639008 0
1570354567789 0.08937115222215652 0
1570354569396 0.0934242233633995 0
1570354571046 0.08261255919933319 0
1570354572790 0.0941651239991188 0
1570354574515 0.1004684716463089 0
1570354576110 0.058895863592624664 0
1570354577665 0.11295781284570694 0
1570354579271 0.08862069249153137 0
1570354580807 0.12585890293121338 0
1570354582353 0.08526016771793365 0
1570354583884 0.1137629896402359 0
1570354585439 0.08108445256948471 0
1570354586999 0.09745470434427261 0
1570354588466 0.07836905121803284 0
1570354589937 0.09945791959762573 0
1570354591395 0.09561266005039215 0
1570354592881 0.11522041261196136 0
1570354594433 0.09744631499052048 0
1570354595934 0.1174960732460022 0
1570354597599 0.09571517258882523 0
1570354599228 0.11888671666383743 0
1570354600813 0.09918655455112457 0
1570354602403 0.08920255303382874 0
1570354603998 0.06459428369998932 0
1570354605678 0.07862326502799988 0
1570354607267 0.12158238887786865 0
1570354608925 0.08033284544944763 0
1570354610600 0.08016058802604675 0
1570354612220 0.10502637922763824 0
1570354613793 0.10784485936164856 0
1570354615449 0.13670292496681213 0
1570354616991 0.09636756777763367 0
1570354618563 0.08887702971696854 0
1570354620230 0.0880584865808487 0
1570354621829 0.08765433728694916 0
1570354623507 0.08390019834041595 0
1570354625195 0.09306564927101135 0
1570354626768 0.11315013468265533 0
1570354628385 0.09768221527338028 0
1570354630005 0.09510064870119095 0
1570354631611 0.10791455954313278 0
1570354633276 0.12064625322818756 0
1570354634880 0.09605693817138672 0
1570354636486 0.07736276090145111 0
1570354638143 0.07997143268585205 0
1570354639784 0.08728837966918945 0
1570354641448 0.08702273666858673 0
1570354643097 0.10615125298500061 0
1570354644723 0.10763398557901382 0
1570354646310 0.1187567412853241 0
1570354647937 0.09474819898605347 0
1570354649617 0.10647082328796387 0
1570354651296 0.10749750584363937 0
1570354653002 0.0801023468375206 0
1570354654761 0.12811893224716187 0
1570354656401 0.09220955520868301 0
1570354658060 0.0785767063498497 0
1570354659741 0.09037259221076965 0
1570354661417 0.10788625478744507 0
1570354663044 0.08477175235748291 0
1570354664678 0.10688923299312592 0
1570354666321 0.11192676424980164 0
1570354667921 0.08509743213653564 0
1570354669538 0.08177653700113297 0
1570354671156 0.07879093289375305 0
1570354672727 0.0816207304596901 0
1570354674265 0.12863832712173462 0
1570354675827 0.09600076824426651 0
1570354677449 0.09518743306398392 0
1570354679107 0.11099259555339813 0
1570354680759 0.08478060364723206 0
1570354682410 0.09213292598724365 0
1570354684029 0.09576733410358429 0
1570354685714 0.09881290048360825 0
1570354687370 0.08941355347633362 0
1570354689044 0.08883208781480789 0
1570354690632 0.13078391551971436 0
1570354692326 0.09350191801786423 0
1570354693955 0.10239933431148529 0
1570354695586 0.09865395724773407 0
1570354697214 0.1150384247303009 0
1570354698876 0.09297213703393936 0
1570354700524 0.07838974893093109 0
1570354702141 0.1173899918794632 0
1570354703702 0.07031223177909851 0
1570354705366 0.09326981753110886 0
1570354707059 0.08600133657455444 0
1570354708627 0.08163583278656006 0
1570354710215 0.11021275818347931 0
1570354711801 0.11391369998455048 0
1570354713306 0.10486345738172531 0
1570354714976 0.10428105294704437 0
1570354716602 0.07545270025730133 0
1570354718267 0.08997742086648941 0
1570354719865 0.08012857288122177 0
1570354721543 0.1110331192612648 0
1570354723225 0.07250054180622101 0
1570354724845 0.08199562877416611 0
1570354726408 0.08977943658828735 0
1570354728057 0.09908317774534225 0
1570354729663 0.07024922221899033 0
1570354731331 0.10835778713226318 0
1570354732999 0.08482848107814789 0
1570354734641 0.084632009267807 0
1570354736339 0.11558468639850616 0
1570354738059 0.09571218490600586 0
1570354739783 0.0740136057138443 0
1570354741493 0.04485689476132393 0
1570354743236 0.06463498622179031 0
1570354745015 0.10221501439809799 0
1570354746606 0.09421750158071518 0
1570354748153 0.0777791440486908 0
1570354749726 0.08990198373794556 0
1570354751278 0.09399145096540451 0
1570354752942 0.07792714238166809 0
1570354754533 0.07455120980739594 0
1570354756092 0.09911374002695084 0
1570354757712 0.10887560993432999 0
1570354759221 0.0855361595749855 0
1570354760944 0.09559482336044312 0
1570354762657 0.08825086057186127 0
1570354764257 0.08170689642429352 0
1570354765975 0.11194933205842972 0
1570354767673 0.1157412976026535 0
1570354769396 0.0772400051355362 0
1570354771150 0.07728327065706253 0
1570354772960 0.08915263414382935 0
1570354774673 0.07709896564483643 0
1570354776358 0.07203207165002823 0
1570354778117 0.1279582679271698 0
1570354779941 0.10621372610330582 0
1570354781639 0.07947152853012085 0
1570354783415 0.11085034161806107 0
1570354785128 0.10129088163375854 0
1570354786876 0.0978897213935852 0
1570354788574 0.11094271391630173 0
1570354790353 0.10685312747955322 0
1570354792101 0.08071036636829376 0
1570354793804 0.09413635730743408 0
1570354795503 0.10523416101932526 0
1570354797196 0.07784943282604218 0
1570354798978 0.10665766894817352 0
1570354800730 0.10067858546972275 0
1570354802444 0.09305235743522644 0
1570354804197 0.08531977981328964 0
1570354805956 0.09227214753627777 0
1570354807651 0.08638165146112442 0
1570354809339 0.10964076220989227 0
1570354811031 0.09128758311271667 0
1570354812730 0.08350636065006256 0
1570354814477 0.10909077525138855 0
1570354816207 0.10754629224538803 0
1570354817879 0.11792883276939392 0
1570354819519 0.12079443782567978 0
1570354821150 0.07984229922294617 0
1570354822739 0.07099369168281555 0
1570354824312 0.06461121141910553 0
1570354825889 0.10816280543804169 0
1570354827452 0.11410476267337799 0
1570354829246 0.09487447887659073 0
1570354830931 0.09475450217723846 0
1570354832660 0.10023514926433563 0
1570354834383 0.06568434834480286 0
1570354836039 0.1065528616309166 0
1570354837729 0.0734611228108406 0
1570354839475 0.09151145815849304 0
1570354841148 0.10061301290988922 0
1570354842818 0.10219088196754456 0
1570354844483 0.07759810984134674 0
1570354846108 0.07266444712877274 0
1570354847775 0.11336567252874374 0
1570354849371 0.09364203363656998 0
1570354850983 0.09844792634248734 0
1570354852642 0.10545669496059418 0
1570354854327 0.07671557366847992 0
1570354855948 0.09128826856613159 0
1570354857571 0.08537732064723969 0
1570354859288 0.10305296629667282 0
1570354860960 0.09180128574371338 0
1570354862651 0.1077691912651062 0
1570354864303 0.08583929389715195 0
1570354865978 0.10073405504226685 0
1570354867709 0.11030389368534088 0
1570354869390 0.09747464209794998 0
1570354871050 0.1277105063199997 0
1570354872658 0.0876397043466568 0
1570354874345 0.08358635008335114 0
1570354876035 0.10176895558834076 0
1570354877733 0.10243947803974152 0
1570354879394 0.08518370985984802 0
1570354881134 0.1152828261256218 0
1570354882848 0.08621543645858765 0
1570354884541 0.09429776668548584 0
1570354886252 0.08618801087141037 0
1570354888031 0.08975625783205032 0
1570354889728 0.10166072100400925 0
1570354891462 0.07429587095975876 0
1570354893156 0.09817633032798767 0
1570354894828 0.08020985126495361 0
1570354896502 0.10179369896650314 0
1570354898291 0.07648851722478867 0
1570354900074 0.0883919894695282 0
1570354901742 0.0981217473745346 0
1570354903392 0.06360723078250885 0
1570354905080 0.09159117937088013 0
1570354906827 0.10698731988668442 0
1570354908516 0.08129532635211945 0
1570354910154 0.1101335734128952 0
1570354911728 0.10755179822444916 0
1570354913444 0.09335663169622421 0
1570354915127 0.09837685525417328 0
1570354916879 0.06828899681568146 0
1570354918602 0.08508849889039993 0
1570354920365 0.08643227070569992 0
1570354922199 0.1008506566286087 0
1570354923783 0.09005384147167206 0
1570354925364 0.09236171841621399 0
1570354927062 0.1000712662935257 0
1570354928814 0.06682460010051727 0
1570354930566 0.10349065810441971 0
1570354932259 0.11136895418167114 0
1570354934022 0.10472209751605988 0
1570354935734 0.08499204367399216 0
1570354937452 0.09479600936174393 0
1570354939155 0.06503111124038696 0
1570354940931 0.09831047803163528 0
1570354942675 0.07693139463663101 0
1570354944289 0.10633280873298645 0
1570354945998 0.09426850080490112 0
1570354947727 0.1274818480014801 0
1570354949536 0.12069863080978394 0
1570354951300 0.0937006026506424 0
1570354952905 0.11228357255458832 0
1570354954645 0.0873861163854599 0
1570354956424 0.10939550399780273 0
1570354958141 0.0865657776594162 0
1570354959734 0.09873708337545395 0
1570354961335 0.08349009603261948 0
1570354963074 0.07869750261306763 0
1570354964824 0.10605837404727936 0
1570354966532 0.09751222282648087 0
1570354968272 0.08987300843000412 0
1570354970036 0.09631554782390594 0
1570354971826 0.0733535885810852 0
1570354973399 0.11070606112480164 0
1570354975150 0.10021057724952698 0
1570354976877 0.07352495193481445 0
1570354978598 0.08577322214841843 0
1570354980315 0.07480726391077042 0
1570354982077 0.1329892873764038 0
1570354983827 0.11276106536388397 0
1570354985557 0.08470271527767181 0
1570354987164 0.10288545489311218 0
1570354988778 0.09654071927070618 0
1570354990528 0.10934700816869736 0
1570354992249 0.08581721782684326 0
1570354993949 0.07340918481349945 0
1570354995717 0.09724690020084381 0
1570354997433 0.06855227053165436 0
1570354999165 0.11319559067487717 0
1570355000882 0.06858868896961212 0
1570355002663 0.06432399153709412 0
1570355004422 0.09184136986732483 0
1570355006168 0.15111446380615234 0
1570355007898 0.08779652416706085 0
1570355009657 0.08285970240831375 0
1570355011402 0.10283668339252472 0
1570355013093 0.11409465223550797 0
1570355014789 0.10246001183986664 0
1570355016472 0.07231546938419342 0
1570355018267 0.08662812411785126 0
1570355020023 0.08164402842521667 0
1570355021679 0.08034895360469818 0
1570355023304 0.09584734588861465 0
1570355024946 0.08865880966186523 0
1570355026638 0.09356416016817093 0
1570355028382 0.11167311668395996 0
1570355030178 0.10606810450553894 0
1570355031981 0.10409508645534515 0
1570355033707 0.10263855010271072 0
1570355035421 0.09997980296611786 0
1570355037149 0.11559714376926422 0
1570355038898 0.09436623752117157 0
1570355040619 0.08134327083826065 0
1570355042323 0.07984235137701035 0
1570355044099 0.10763496905565262 0
1570355045792 0.11402395367622375 0
1570355047449 0.10999909788370132 0
1570355049130 0.10521548986434937 0
1570355050969 0.09750735759735107 0
1570355052774 0.09334761649370193 0
1570355054520 0.08789417892694473 0
1570355056226 0.09307538717985153 0
1570355057975 0.10765974223613739 0
1570355059753 0.09840142726898193 0
1570355061538 0.08501192927360535 0
1570355063296 0.12703169882297516 0
1570355065046 0.07920391857624054 0
1570355066848 0.11895023286342621 0
1570355068680 0.0885753333568573 0
1570355070392 0.0922466516494751 0
1570355072128 0.10006843507289886 0
1570355073882 0.07367821782827377 0
1570355075727 0.076322540640831 0
1570355077430 0.08834302425384521 0
1570355079041 0.10218176245689392 0
1570355080853 0.08175197243690491 0
1570355082582 0.09335488080978394 0
1570355084254 0.11654211580753326 0
1570355086020 0.06785988807678223 0
1570355087770 0.09354864060878754 0
1570355089573 0.11529107391834259 0
1570355091347 0.08560532331466675 0
1570355093065 0.07464371621608734 0
1570355094701 0.09560617059469223 0
1570355096468 0.0908631980419159 0
1570355098234 0.11212165653705597 0
1570355099992 0.09432634711265564 0
1570355101786 0.07426053285598755 0
1570355103539 0.08934784680604935 0
1570355105263 0.148132786154747 0
1570355107001 0.09318265318870544 0
1570355108754 0.1016591340303421 0
1570355110481 0.11013013124465942 0
1570355112213 0.11107062548398972 0
1570355113811 0.07950680702924728 0
1570355115530 0.08138631284236908 0
1570355117353 0.10801701247692108 0
1570355119115 0.07493065297603607 0
1570355120909 0.1110566183924675 0
1570355122720 0.08545799553394318 0
1570355124463 0.0849253237247467 0
1570355126207 0.0834149569272995 0
1570355128050 0.08249974250793457 0
1570355129785 0.0868237242102623 0
1570355131603 0.11377283930778503 0
1570355133345 0.07326757162809372 0
1570355135093 0.10070320963859558 0
1570355136911 0.0900082141160965 0
1570355138647 0.08695104718208313 0
1570355140383 0.08894266933202744 0
1570355142111 0.08279404789209366 0
1570355143878 0.08982446789741516 0
1570355145598 0.15487411618232727 0
1570355147325 0.06447210907936096 0
1570355149113 0.08159483969211578 0
1570355150847 0.10864117741584778 0
1570355152597 0.07860367745161057 0
1570355154323 0.09875663369894028 0
1570355156132 0.07623934745788574 0
1570355157913 0.1074901595711708 0
1570355159594 0.12813419103622437 0
1570355161360 0.06155046820640564 0
1570355163059 0.09771434962749481 0
1570355164846 0.09592907130718231 0
1570355166582 0.12212105095386505 0
1570355168327 0.1052892655134201 0
1570355170102 0.08493302017450333 0
1570355171907 0.0996892899274826 0
1570355173661 0.08254833519458771 0
1570355175379 0.11484107375144958 0
1570355177174 0.10562475770711899 0
1570355178972 0.08956685662269592 0
1570355180775 0.08515764027833939 0
1570355182525 0.09346731007099152 0
1570355184323 0.07351754605770111 0
1570355186099 0.0688561201095581 0
1570355187865 0.091059111058712 0
1570355189644 0.09294801205396652 0
1570355191388 0.07195337116718292 0
1570355193176 0.09635329991579056 0
1570355194905 0.08923950791358948 0
1570355196666 0.08867703378200531 0
1570355198469 0.07111771404743195 0
1570355200282 0.07382561266422272 0
1570355202064 0.054969605058431625 0
1570355203754 0.12348152697086334 0
1570355205437 0.10286588966846466 0
1570355207217 0.09014859795570374 0
1570355209020 0.06256847083568573 0
1570355210767 0.11103427410125732 0
1570355212519 0.10865935683250427 0
1570355214381 0.09597762674093246 0
1570355216195 0.08182162046432495 0
1570355217972 0.09480307996273041 0
1570355219738 0.10028967261314392 0
1570355221496 0.09328894317150116 0
1570355223211 0.11212758719921112 0
1570355224958 0.09333481639623642 0
1570355226651 0.08447553217411041 0
1570355228444 0.08388438820838928 0
1570355230122 0.10040760040283203 0
1570355231838 0.07351228594779968 0
1570355233608 0.08579012751579285 0
1570355235517 0.0922071635723114 0
1570355237333 0.06710390001535416 0
1570355239086 0.12702269852161407 0
1570355240876 0.12739422917366028 0
1570355242680 0.11754246056079865 0
1570355244498 0.07888299226760864 0
1570355246261 0.09740161895751953 0
1570355248082 0.0849808007478714 0
1570355249875 0.10950008779764175 0
1570355251689 0.06543710827827454 0
1570355253438 0.08225275576114655 0
1570355255248 0.06694037467241287 0
1570355257105 0.10933668911457062 0
1570355258942 0.10071388632059097 0
1570355260628 0.12626157701015472 0
1570355262410 0.0690312460064888 0
1570355264278 0.10166101902723312 0
1570355266027 0.10334326326847076 0
1570355267794 0.07843899726867676 0
1570355269579 0.09554807841777802 0
1570355271324 0.09399336576461792 0
1570355273009 0.10766400396823883 0
1570355274733 0.08260513842105865 0
1570355276526 0.09664861857891083 0
1570355278314 0.10815481841564178 0
1570355280114 0.09464164078235626 0
1570355281931 0.07343791425228119 0
1570355283793 0.08210062980651855 0
1570355285657 0.07459647208452225 0
1570355287444 0.08236820250749588 0
1570355289230 0.09854835271835327 0
1570355291041 0.10329973697662354 0
1570355292829 0.10295353084802628 0
1570355294684 0.11138094216585159 0
1570355296493 0.07129551470279694 0
1570355298318 0.12064990401268005 0
1570355300008 0.08918769657611847 0
1570355301793 0.07548359036445618 0
1570355303494 0.07633472234010696 0
1570355305319 0.0992950052022934 0
1570355307092 0.11842352151870728 0
1570355308772 0.09128927439451218 0
1570355310464 0.07340103387832642 0
1570355312180 0.12968292832374573 0
1570355314077 0.06535546481609344 0
1570355315882 0.11009740829467773 0
1570355317666 0.08040700107812881 0
1570355319414 0.09235125780105591 0
1570355321109 0.08830893784761429 0
1570355322815 0.07638242840766907 0
1570355324531 0.07162129878997803 0
1570355326249 0.08245466649532318 0
1570355327966 0.11134837567806244 0
1570355329718 0.08533943444490433 0
1570355331519 0.08235463500022888 0
1570355333287 0.1165461391210556 0
1570355335077 0.0728735476732254 0
1570355336888 0.11640515923500061 0
1570355338702 0.10472841560840607 0
1570355340458 0.09203340113162994 0
1570355342241 0.11685619503259659 0
1570355344077 0.06019273400306702 0
1570355345845 0.11250118911266327 0
1570355347638 0.09261124581098557 0
1570355349437 0.0697934702038765 0
1570355351274 0.07181988656520844 0
1570355353067 0.08374828845262527 0
1570355354845 0.06656452268362045 0
1570355356681 0.08509683609008789 0
1570355358553 0.08126334846019745 0
1570355360221 0.08622809499502182 0
1570355362053 0.09309107065200806 0
1570355363797 0.0691637173295021 0
1570355365584 0.1033930629491806 0
1570355367420 0.0767875462770462 0
1570355369166 0.11695189774036407 0
1570355370998 0.11480295658111572 0
1570355372795 0.09058485925197601 0
1570355374569 0.08948690444231033 0
1570355376378 0.09244723618030548 0
1570355378228 0.08841964602470398 0
1570355380053 0.0879582017660141 0
1570355381860 0.08282998204231262 0
1570355383641 0.1636236608028412 0
1570355385457 0.10003719478845596 0
1570355387268 0.08706426620483398 0
1570355389039 0.06943973898887634 0
1570355390836 0.08456240594387054 0
1570355392687 0.07435450702905655 0
1570355394456 0.07833725214004517 0
1570355396259 0.08827801048755646 0
1570355398009 0.08966811001300812 0
1570355399868 0.06500375270843506 0
1570355401677 0.07101619243621826 0
1570355403475 0.09487296640872955 0
1570355405277 0.09333497285842896 0
1570355407073 0.1019681841135025 0
1570355408918 0.08375745266675949 0
1570355410694 0.07365088164806366 0
1570355412441 0.10302254557609558 0
1570355414218 0.10627759993076324 0
1570355416070 0.10006717592477798 0
1570355417909 0.08195793628692627 0
1570355419724 0.10717889666557312 0
1570355421532 0.09000583738088608 0
1570355423332 0.09723234176635742 0
1570355425102 0.09031932055950165 0
1570355426916 0.08431389927864075 0
1570355428706 0.08612892776727676 0
1570355430489 0.10914450883865356 0
1570355432279 0.08119003474712372 0
1570355434145 0.09687906503677368 0
1570355435908 0.0920059010386467 0
1570355437724 0.08574705570936203 0
1570355439513 0.10096906125545502 0
1570355441402 0.09067019820213318 0
1570355443222 0.08923910558223724 0
1570355444990 0.11511410027742386 0
1570355446775 0.0847538411617279 0
1570355448589 0.09654930233955383 0
1570355450373 0.08686277270317078 0
1570355452068 0.08671719580888748 0
1570355453901 0.0780642107129097 0
1570355455670 0.07448168098926544 0
1570355457539 0.06636863946914673 0
1570355459365 0.10367333143949509 0
1570355461197 0.10310910642147064 0
1570355463034 0.07795041799545288 0
1570355464845 0.09280329942703247 0
1570355466668 0.06784798949956894 0
1570355468496 0.08310790359973907 0
1570355470343 0.07142703235149384 0
1570355472198 0.06900088489055634 0
1570355474001 0.09774152934551239 0
1570355475798 0.10935844480991364 0
1570355477634 0.10937890410423279 0
1570355479506 0.0795089453458786 0
1570355481163 0.08570768684148788 0
1570355482815 0.07808859646320343 0
1570355484700 0.11220040917396545 0
1570355486466 0.11589624732732773 0
1570355488283 0.07665605843067169 0
1570355490101 0.11131034791469574 0
1570355491826 0.09099434316158295 0
1570355493582 0.09317327290773392 0
1570355495344 0.10673573613166809 0
1570355497129 0.08176185190677643 0
1570355498858 0.06348692625761032 0
1570355500618 0.09392023086547852 0
1570355502388 0.08713580667972565 0
1570355504182 0.10302770137786865 0
1570355506048 0.07089480757713318 0
1570355507903 0.10418578237295151 0
1570355509612 0.07599441707134247 0
1570355511463 0.07124373316764832 0
1570355513365 0.08271899074316025 0
1570355515246 0.0802876353263855 0
1570355517115 0.1039273738861084 0
1570355518965 0.12155253440141678 0
1570355520827 0.09532108902931213 0
1570355522693 0.10081930458545685 0
1570355524540 0.12190575897693634 0
1570355526350 0.09596224129199982 0
1570355528201 0.08118148148059845 0
1570355530075 0.09134110808372498 0
1570355531956 0.08047161996364594 0
1570355533777 0.09972550719976425 0
1570355535634 0.08623871207237244 0
1570355537525 0.07157036662101746 0
1570355539380 0.09012292325496674 0
1570355541172 0.06778731942176819 0
1570355542884 0.0746137872338295 0
1570355544758 0.08096658438444138 0
1570355546626 0.06539440155029297 0
1570355548468 0.08843213319778442 0
1570355550299 0.10030937939882278 0
1570355552083 0.08627917617559433 0
1570355553913 0.07425060868263245 0
1570355555749 0.09208539128303528 0
1570355557602 0.08685578405857086 0
1570355559405 0.07798483967781067 0
1570355561261 0.12356008589267731 0
1570355563192 0.08377344161272049 0
1570355565025 0.09323384612798691 0
1570355566894 0.06527410447597504 0
1570355568715 0.11674814671278 0
1570355570543 0.06255324929952621 0
1570355572473 0.12269018590450287 0
1570355574362 0.08960084617137909 0
1570355576208 0.08003594726324081 0
1570355578024 0.1018926128745079 0
1570355579880 0.09053633362054825 0
1570355581739 0.07286478579044342 0
1570355583570 0.09661062061786652 0
1570355585379 0.08412791788578033 0
1570355587245 0.06822732836008072 0
1570355589116 0.08916585147380829 0
1570355590976 0.08598531782627106 0
1570355592861 0.08822906017303467 0
1570355594718 0.12310133874416351 0
1570355596628 0.07082344591617584 0
1570355598466 0.06637120991945267 0
1570355600303 0.09561607241630554 0
1570355602188 0.0796603411436081 0
1570355604031 0.130594864487648 0
1570355605864 0.11292891204357147 0
1570355607732 0.08172748982906342 0
1570355609533 0.08721883594989777 0
1570355611422 0.09518859535455704 0
1570355613277 0.0752144306898117 0
1570355615089 0.06426329165697098 0
1570355616922 0.07212130725383759 0
1570355618821 0.07385082542896271 0
1570355620749 0.10587169229984283 0
1570355622636 0.08122441172599792 0
1570355624446 0.09386706352233887 0
1570355626291 0.061909012496471405 0
1570355628121 0.09334048628807068 0
1570355629930 0.08327843248844147 0
1570355631793 0.07802522927522659 0
1570355633660 0.06781233847141266 0
1570355635475 0.11855251342058182 0
1570355637374 0.08904284238815308 0
1570355639272 0.060062482953071594 0
1570355641126 0.10343954712152481 0
1570355643026 0.07736672461032867 0
1570355644869 0.0827147513628006 0
1570355646707 0.07551009953022003 0
1570355648498 0.1469339281320572 0
1570355650332 0.1282259225845337 0
1570355652048 0.08134688436985016 0
1570355653859 0.0850561112165451 0
1570355655729 0.09473782777786255 0
1570355657579 0.1313295066356659 0
1570355659467 0.07479670643806458 0
1570355661410 0.07597047090530396 0
1570355663285 0.07751323282718658 0
1570355665049 0.09316247701644897 0
1570355666924 0.08950222283601761 0
1570355668767 0.11075742542743683 0
1570355670654 0.09096406400203705 0
1570355672451 0.11969935894012451 0
1570355674259 0.08613595366477966 0
1570355676082 0.09416940808296204 0
1570355677967 0.0795351043343544 0
1570355679919 0.11415687948465347 0
1570355681781 0.10339882969856262 0
1570355683627 0.11485646665096283 0
1570355685445 0.08790382742881775 0
1570355687285 0.08709348738193512 0
1570355689094 0.10769578814506531 0
1570355690918 0.10753633826971054 0
1570355692755 0.06314605474472046 0
1570355694521 0.08042474091053009 0
1570355696297 0.08038479089736938 0
1570355698036 0.09715965390205383 0
1570355699844 0.06110493466258049 0
1570355701757 0.08822324872016907 0
1570355703533 0.10231605172157288 0
1570355705282 0.06998969614505768 0
1570355707201 0.0913185179233551 0
1570355709101 0.09949686378240585 0
1570355710964 0.07795621454715729 0
1570355712842 0.08267322182655334 0
1570355714579 0.09163540601730347 0
1570355716429 0.07781752198934555 0
1570355718256 0.09188000112771988 0
1570355720081 0.10362468659877777 0
1570355721958 0.062201209366321564 0
1570355723805 0.08054252713918686 0
1570355725635 0.07718898355960846 0
1570355727431 0.06740584969520569 0
1570355729451 0.09780391305685043 0
1570355731275 0.10769014805555344 0
1570355733044 0.10524234920740128 0
1570355734869 0.08219639956951141 0
1570355736604 0.09056214988231659 0
1570355738472 0.09904526174068451 0
1570355740290 0.1303611397743225 0
1570355742089 0.08450005948543549 0
1570355743965 0.08464257419109344 0
1570355745840 0.09342345595359802 0
1570355747694 0.0900215357542038 0
1570355749478 0.10292882472276688 0
1570355751293 0.08069948852062225 0
1570355753230 0.09192446619272232 0
1570355755097 0.06923216581344604 0
1570355756963 0.09210293740034103 0
1570355758813 0.08104849606752396 0
1570355760677 0.10020944476127625 0
1570355762591 0.09931692481040955 0
1570355764441 0.1000811904668808 0
1570355766314 0.09179501235485077 0
1570355768199 0.07168126851320267 0
1570355770064 0.0965079814195633 0
1570355771970 0.06048554927110672 0
1570355773846 0.07502453029155731 0
1570355775595 0.10574432462453842 0
1570355777322 0.08830469846725464 0
1570355779142 0.09735453873872757 0
1570355780966 0.07998336851596832 0
1570355782802 0.09059682488441467 0
1570355784656 0.1200801208615303 0
1570355786322 0.0959300696849823 0
1570355788021 0.09106490761041641 0
1570355789723 0.11706914007663727 0
1570355791531 0.06987830996513367 0
1570355793352 0.0929916650056839 0
1570355795227 0.06255944073200226 0
1570355797076 0.09002320468425751 0
1570355798953 0.07108510285615921 0
1570355800826 0.0657314658164978 0
1570355802708 0.06673408299684525 0
1570355804574 0.10805551707744598 0
1570355806412 0.08709969371557236 0
1570355808185 0.08204595744609833 0
1570355810077 0.07697969675064087 0
1570355812005 0.06478708982467651 0
1570355813875 0.0973426029086113 0
1570355815759 0.07252367585897446 0
1570355817673 0.08624348044395447 0
1570355819522 0.0810382068157196 0
1570355821363 0.08424452692270279 0
1570355823215 0.05429878830909729 0
1570355825073 0.07864119112491608 0
1570355827020 0.08974330127239227 0
1570355828848 0.06538225710391998 0
1570355830702 0.07534920424222946 0
1570355832538 0.07733780145645142 0
1570355834392 0.06695827096700668 0
1570355836247 0.09440402686595917 0
1570355838098 0.09495867788791656 0
1570355840029 0.11818462610244751 0
1570355841919 0.07824929058551788 0
1570355843784 0.11837027966976166 0
1570355845654 0.11305691301822662 0
1570355847554 0.08364424109458923 0
1570355849468 0.0807936042547226 0
1570355851365 0.10070501267910004 0
1570355853210 0.11607451736927032 0
1570355855078 0.08485317975282669 0
1570355857090 0.09359527379274368 0
1570355858895 0.09642001241445541 0
1570355860773 0.09279590845108032 0
1570355862649 0.07193601876497269 0
1570355864501 0.07467542588710785 0
1570355866342 0.06949290633201599 0
1570355868219 0.080195851624012 0
1570355870018 0.06845320761203766 0
1570355871887 0.0878288596868515 0
1570355873770 0.06915326416492462 0
1570355875626 0.09913383424282074 0
1570355877469 0.07238195836544037 0
1570355879323 0.11844231188297272 0
1570355881169 0.07313912361860275 0
1570355883035 0.07801030576229095 0
1570355884897 0.08447650820016861 0
1570355886766 0.07687853276729584 0
1570355888615 0.11608646810054779 0
1570355890487 0.0828784704208374 0
1570355892270 0.08303448557853699 0
1570355894182 0.09117527306079865 0
1570355895975 0.0827503576874733 0
1570355897781 0.05909267067909241 0
1570355899668 0.09036558121442795 0
1570355901590 0.09673348814249039 0
1570355903497 0.0801066905260086 0
1570355905351 0.09831491112709045 0
1570355907348 0.08592531830072403 0
1570355909242 0.08840148150920868 0
1570355911102 0.11453355848789215 0
1570355912983 0.09880781173706055 0
1570355914876 0.06959057599306107 0
1570355916599 0.105443574488163 0
1570355918478 0.06636502593755722 0
1570355920361 0.0690968856215477 0
1570355922114 0.0753311812877655 0
1570355923958 0.10762934386730194 0
1570355925844 0.090642049908638 0
1570355927665 0.08393561840057373 0
1570355929500 0.07763610780239105 0
1570355931347 0.1384071707725525 0
1570355933236 0.10472404956817627 0
1570355935098 0.09871691465377808 0
1570355936968 0.10506323724985123 0
1570355938802 0.07213256508111954 0
1570355940653 0.08282648772001266 0
1570355942503 0.10684339702129364 0
1570355944334 0.08205115795135498 0
1570355946192 0.09360790252685547 0
1570355948085 0.08875866234302521 0
1570355949959 0.06031036376953125 0
1570355951956 0.09201021492481232 0
1570355953902 0.06139406934380531 0
1570355955757 0.0648941919207573 0
1570355957672 0.07371929287910461 0
1570355959656 0.08269184827804565 0
1570355961582 0.07722821086645126 0
1570355963468 0.08832874149084091 0
1570355965367 0.07868890464305878 0
1570355967360 0.07451292872428894 0
1570355969321 0.09767560660839081 0
1570355971256 0.0801122710108757 0
1570355973234 0.10692647844552994 0
1570355975211 0.08372330665588379 0
1570355977116 0.0963287502527237 0
1570355979061 0.06881486624479294 0
1570355980949 0.07793769240379333 0
1570355982897 0.08809337019920349 0
1570355984780 0.09593595564365387 0
1570355986670 0.06954988837242126 0
1570355988578 0.08431994915008545 0
1570355990497 0.11803439259529114 0
1570355992417 0.08296498656272888 0
1570355994299 0.10025940835475922 0
1570355996185 0.09939570724964142 0
1570355998129 0.08855565637350082 0
1570356000089 0.07521124184131622 0
1570356001985 0.0807710736989975 0
1570356003858 0.09978906810283661 0
1570356005808 0.11443004757165909 0
1570356007733 0.07482901960611343 0
1570356009642 0.108158640563488 0
1570356011546 0.10386259853839874 0
1570356013514 0.1010768860578537 0
1570356015448 0.06975418329238892 0
1570356017345 0.07544827461242676 0
1570356019227 0.09030146151781082 0
1570356021215 0.10671430081129074 0
1570356023172 0.08581836521625519 0
1570356025094 0.08744888007640839 0
1570356026997 0.09470868855714798 0
1570356028957 0.0739748626947403 0
1570356030929 0.10237381607294083 0
1570356032811 0.06879095733165741 0
1570356034708 0.08635666966438293 0
1570356036673 0.08813013881444931 0
1570356038610 0.11434899270534515 0
1570356040538 0.09060010313987732 0
1570356042397 0.11598912626504898 0
1570356044228 0.07704697549343109 0
1570356046149 0.08727854490280151 0
1570356048087 0.08282990008592606 0
1570356050006 0.057406648993492126 0
1570356051997 0.06239312142133713 0
1570356053976 0.08144977688789368 0
1570356055876 0.0910935252904892 0
1570356057803 0.10452252626419067 0
1570356059772 0.08782503008842468 0
1570356061739 0.06293124705553055 0
1570356063650 0.07128290086984634 0
1570356065621 0.0792686939239502 0
1570356067547 0.1249365285038948 0
1570356069434 0.09113125503063202 0
1570356071302 0.08018192648887634 0
1570356073191 0.09334584325551987 0
1570356075066 0.0944594293832779 0
1570356076948 0.07457992434501648 0
1570356078936 0.0703580230474472 0
1570356080896 0.08978509902954102 0
1570356082674 0.041534461081027985 0
1570356084569 0.09003427624702454 0
1570356086512 0.09796904027462006 0
1570356088451 0.08062274008989334 0
1570356090414 0.1576583981513977 0
1570356092351 0.0848686546087265 0
1570356094249 0.10549010336399078 0
1570356096153 0.08017577975988388 0
1570356098083 0.09782303869724274 0
1570356100101 0.09337528049945831 0
1570356102027 0.1031903550028801 0
1570356103974 0.09505602717399597 0
1570356105929 0.07877810299396515 0
1570356107908 0.11111341416835785 0
1570356109843 0.08381707966327667 0
1570356111784 0.06648342311382294 0
1570356113710 0.08794380724430084 0
1570356115604 0.08345326781272888 0
1570356117413 0.07557003200054169 0
1570356119319 0.06707893311977386 0
1570356121248 0.07864226400852203 0
1570356123099 0.06588254868984222 0
1570356124934 0.11189241707324982 0
1570356126786 0.08760172128677368 0
1570356128695 0.08104315400123596 0
1570356130705 0.091128870844841 0
1570356132699 0.08977403491735458 0
1570356134633 0.07710853219032288 0
1570356136548 0.04970636963844299 0
1570356138483 0.12734560668468475 0
1570356140457 0.056252386420965195 0
1570356142361 0.08608867973089218 0
1570356144296 0.09913358837366104 0
1570356146242 0.061847176402807236 0
1570356148152 0.08890630304813385 0
1570356150065 0.07051411271095276 0
1570356152053 0.10373887419700623 0
1570356154032 0.1135135367512703 0
1570356155958 0.08188042789697647 0
1570356157893 0.09114038944244385 0
1570356159971 0.06309008598327637 0
1570356161891 0.08200602233409882 0
1570356163864 0.07944327592849731 0
1570356165876 0.09412121772766113 0
1570356167788 0.07926686108112335 0
1570356169808 0.06919199228286743 0
1570356171765 0.09677253663539886 0
1570356173702 0.07606592029333115 0
1570356175622 0.09917821735143661 0
1570356177556 0.09471717476844788 0
1570356179544 0.08902892470359802 0
1570356181553 0.09424394369125366 0
1570356183509 0.1026795357465744 0
1570356185410 0.08349086344242096 0
1570356187279 0.07471989095211029 0
1570356189194 0.12001897394657135 0
1570356191187 0.08612824976444244 0
1570356193195 0.11859568953514099 0
1570356195118 0.0856391042470932 0
1570356197118 0.08002659678459167 0
1570356199086 0.09685586392879486 0
1570356201042 0.0905170887708664 0
1570356202996 0.0924735814332962 0
1570356204932 0.07405377924442291 0
1570356206930 0.06423074007034302 0
1570356208818 0.06735539436340332 0
1570356210804 0.08776531368494034 0
1570356212721 0.10315828025341034 0
1570356214697 0.09573735296726227 0
1570356216771 0.0747969001531601 0
1570356218851 0.08405455946922302 0
1570356220763 0.09526388347148895 0
1570356222766 0.08054032921791077 0
1570356224726 0.09237391501665115 0
1570356226701 0.08164530247449875 0
1570356228602 0.07038833200931549 0
1570356230587 0.11002376675605774 0
1570356232526 0.08149464428424835 0
1570356234555 0.07822759449481964 0
1570356236512 0.08670999109745026 0
1570356238444 0.08715265989303589 0
1570356240448 0.09313309192657471 0
1570356242374 0.060041673481464386 0
1570356244371 0.0896550863981247 0
1570356246418 0.06904354691505432 0
1570356248418 0.09455908834934235 0
1570356250372 0.08241848647594452 0
1570356252181 0.05207265913486481 0
1570356254102 0.08495120704174042 0
1570356256022 0.08689004182815552 0
1570356257984 0.08632072061300278 0
1570356259976 0.10086120665073395 0
1570356261954 0.10096611082553864 0
1570356263916 0.07342688739299774 0
1570356265851 0.11261921375989914 0
1570356267846 0.09490680694580078 0
1570356269912 0.10608358681201935 0
1570356271885 0.08752484619617462 0
1570356273833 0.09032683074474335 0
1570356275759 0.08538465946912766 0
1570356277804 0.12046127766370773 0
1570356279868 0.11709965765476227 0
1570356281819 0.12335585057735443 0
1570356283774 0.0900147333741188 0
1570356285810 0.07197372615337372 0
1570356287782 0.10515986382961273 0
1570356289729 0.06355108320713043 0
1570356291684 0.10114116221666336 0
1570356293722 0.08329833298921585 0
1570356295715 0.09563751518726349 0
1570356297697 0.09139952063560486 0
1570356299580 0.07769828289747238 0
1570356301473 0.09357357770204544 0
1570356303392 0.07042943686246872 0
1570356305317 0.10449094325304031 0
1570356307244 0.08120276778936386 0
1570356309167 0.055712245404720306 0
1570356311096 0.09450486302375793 0
1570356313158 0.11841878294944763 0
1570356315127 0.10599956661462784 0
1570356317143 0.09079460799694061 0
1570356319120 0.07485359907150269 0
1570356321136 0.07325305044651031 0
1570356323097 0.0699315220117569 0
1570356325041 0.0960526317358017 0
1570356327000 0.07913044095039368 0
1570356328899 0.06847523152828217 0
1570356330804 0.06656058132648468 0
1570356332707 0.0908617377281189 0
1570356334675 0.07273309677839279 0
1570356336587 0.07233020663261414 0
1570356338567 0.09253402054309845 0
1570356340556 0.120868980884552 0
1570356342532 0.1194726973772049 0
1570356344447 0.06632457673549652 0
1570356346366 0.0912080779671669 0
1570356348336 0.08683034777641296 0
1570356350332 0.11248630285263062 0
1570356352316 0.06905687600374222 0
1570356354314 0.0750490203499794 0
1570356356267 0.09080489724874496 0
1570356358214 0.08604422211647034 0
1570356360093 0.07838170230388641 0
1570356362031 0.0902186706662178 0
1570356363971 0.0777905136346817 0
1570356365880 0.1027955561876297 0
1570356367789 0.09360308945178986 0
1570356369704 0.07922825962305069 0
1570356371690 0.10781177878379822 0
1570356373602 0.08251769840717316 0
1570356375536 0.0770597830414772 0
1570356377464 0.07280074059963226 0
1570356379415 0.09222603589296341 0
1570356381383 0.09355835616588593 0
1570356383380 0.08655191957950592 0
1570356385315 0.0908641517162323 0
1570356387324 0.0935150682926178 0
1570356389304 0.08047596365213394 0
1570356391226 0.07992129772901535 0
1570356393152 0.09986787289381027 0
1570356395107 0.0817999467253685 0
1570356397098 0.10014153271913528 0
1570356399109 0.10311835259199142 0
1570356401005 0.07109101116657257 0
1570356403008 0.0705571174621582 0
1570356404937 0.10069182515144348 0
1570356406863 0.09233008325099945 0
1570356408783 0.07005558907985687 0
1570356410896 0.0989667996764183 0
1570356412807 0.09548155963420868 0
1570356414826 0.058360226452350616 0
1570356416804 0.09656988829374313 0
1570356418902 0.08245772868394852 0
1570356420862 0.07672213017940521 0
1570356422882 0.06911151111125946 0
1570356424879 0.07125651836395264 0
1570356426847 0.06066633388400078 0
1570356428741 0.10413351655006409 0
1570356430565 0.0973217785358429 0
1570356432536 0.09528890252113342 0
1570356434557 0.06783518940210342 0
1570356436507 0.08200512826442719 0
1570356438331 0.06757340580224991 0
1570356440194 0.08125945925712585 0
1570356442161 0.09326739609241486 0
1570356443967 0.07016611099243164 0
1570356445909 0.07012472301721573 0
1570356447805 0.08916208148002625 0
1570356449783 0.09419125318527222 0
1570356451788 0.10402841866016388 0
1570356453789 0.08000543713569641 0
1570356455769 0.08605192601680756 0
1570356457735 0.06415480375289917 0
1570356459721 0.07803533226251602 0
1570356461711 0.09158452600240707 0
1570356463664 0.09335853904485703 0
1570356465684 0.11461891233921051 0
1570356467584 0.10469222813844681 0
1570356469563 0.06128101795911789 0
1570356471603 0.08342155814170837 0
1570356473564 0.06603092700242996 0
1570356475537 0.09563032537698746 0
1570356477527 0.06830738484859467 0
1570356479502 0.09483442455530167 0
1570356481505 0.08596940338611603 0
1570356483520 0.059670403599739075 0
1570356485473 0.09029816091060638 0
1570356487572 0.10571527481079102 0
1570356489644 0.10519181191921234 0
1570356491629 0.08977136015892029 0
1570356493619 0.07869362831115723 0
1570356495707 0.09312650561332703 0
1570356497715 0.08294035494327545 0
1570356499700 0.062215663492679596 0
1570356501598 0.07155020534992218 0
1570356503626 0.08692269027233124 0
1570356505624 0.09851474314928055 0
1570356507595 0.10438168048858643 0
1570356509691 0.10025355964899063 0
1570356511777 0.08687524497509003 0
1570356513716 0.05534597858786583 0
1570356515598 0.08461263030767441 0
1570356517471 0.07907028496265411 0
1570356519482 0.08079943805932999 0
1570356521476 0.08239530771970749 0
1570356523439 0.10629229992628098 0
1570356525412 0.09357339143753052 0
1570356527349 0.06791484355926514 0
1570356529342 0.09531315416097641 0
1570356531313 0.11610159277915955 0
1570356533369 0.0781324952840805 0
1570356535309 0.09597347676753998 0
1570356537291 0.07698075473308563 0
1570356539276 0.08866237103939056 0
1570356541252 0.07506528496742249 0
1570356543290 0.09988552331924438 0
1570356545267 0.09321437776088715 0
1570356547242 0.06607518345117569 0
