1570352979870 0.4760599434375763 0
1570352985652 0.48856380581855774 0
1570352989393 0.4884929060935974 0
1570352990655 0.47902292013168335 0
1570352996738 0.47324085235595703 0
1570352999122 0.46567338705062866 0
1570353001535 0.46905452013015747 0
1570353003882 0.4590904116630554 0
1570353007779 0.45322415232658386 0
1570353009081 0.4576018452644348 0
1570353010410 0.43954670429229736 0
1570353011969 0.44635868072509766 0
1570353014312 0.43890181183815 0
1570353016608 0.44138070940971375 0
1570353018612 0.43368014693260193 0
1570353020614 0.43023112416267395 0
1570353022548 0.42890462279319763 0
1570353024579 0.43255510926246643 0
1570353026773 0.43078476190567017 0
1570353029144 0.4164373278617859 0
1570353033174 0.41699928045272827 0
1570353035051 0.40108001232147217 0
1570353037185 0.4194183945655823 0
1570353039730 0.4132184386253357 0
1570353040977 0.4053744673728943 0
1570353042275 0.40213242173194885 0
1570353043909 0.3928709030151367 0
1570353045913 0.3950369954109192 0
1570353047883 0.3963072597980499 0
1570353049562 0.41163644194602966 0
1570353051221 0.38185733556747437 0
1570353053665 0.39219069480895996 0
1570353055285 0.3873436450958252 0
1570353057121 0.37862229347229004 0
1570353058749 0.3799407482147217 0
1570353061110 0.3824406862258911 0
1570353062486 0.3769920766353607 0
1570353064454 0.3630633056163788 0
1570353067140 0.37746527791023254 0
1570353068871 0.36867231130599976 0
1570353070422 0.3814355134963989 0
1570353072638 0.3600717782974243 0
1570353074269 0.37243449687957764 0
1570353075709 0.3762671947479248 0
1570353077210 0.36140507459640503 0
1570353079023 0.344579815864563 0
1570353080613 0.3359772562980652 0
1570353082167 0.3432433605194092 0
1570353083777 0.36751288175582886 0
1570353085609 0.3571282923221588 0
1570353086819 0.3456360995769501 0
1570353088619 0.318379282951355 0
1570353090121 0.3520191013813019 0
1570353092163 0.3418479263782501 0
1570353093453 0.33728185296058655 0
1570353094737 0.3489297032356262 0
1570353095935 0.3487582206726074 0
1570353097764 0.3184918463230133 0
1570353099493 0.3341625928878784 0
1570353100886 0.3286947011947632 0
1570353102415 0.3345707058906555 0
1570353104751 0.32772231101989746 0
1570353106810 0.33756810426712036 0
1570353108464 0.3162139654159546 0
1570353109992 0.30503904819488525 0
1570353111230 0.3094152808189392 0
1570353112479 0.29585057497024536 0
1570353114131 0.31496375799179077 0
1570353115402 0.32177671790122986 0
1570353116715 0.3251444697380066 0
1570353118653 0.3015357255935669 0
1570353119873 0.3175216615200043 0
1570353121151 0.2969789206981659 0
1570353122570 0.31652599573135376 0
1570353124261 0.29063817858695984 0
1570353125544 0.3042403757572174 0
1570353126805 0.3096811771392822 0
1570353128179 0.3027995824813843 0
1570353129733 0.2830994725227356 0
1570353131284 0.3074852228164673 0
1570353132635 0.2943493723869324 0
1570353133914 0.3039705753326416 0
1570353135304 0.3078804612159729 0
1570353136680 0.2884615659713745 0
1570353138553 0.31348684430122375 0
1570353139783 0.2932920455932617 0
1570353141120 0.28706231713294983 0
1570353142388 0.2889925539493561 0
1570353144308 0.28645631670951843 0
1570353145808 0.2799288034439087 0
1570353147278 0.27480989694595337 0
1570353149037 0.2686220705509186 0
1570353150424 0.27151691913604736 0
1570353151651 0.2730538249015808 0
1570353153176 0.2782618999481201 0
1570353154437 0.285617470741272 0
1570353155709 0.27610328793525696 0
1570353156986 0.2296617478132248 0
1570353158268 0.29787349700927734 0
1570353159920 0.2680729031562805 0
1570353161271 0.2767240107059479 0
1570353162557 0.2671836316585541 0
1570353163776 0.2558327615261078 0
1570353165005 0.2767283320426941 0
1570353166260 0.25329408049583435 0
1570353167632 0.26757895946502686 0
1570353168932 0.28051865100860596 0
1570353170264 0.26561668515205383 0
1570353171551 0.2553706169128418 0
1570353172876 0.2848125994205475 0
1570353174137 0.2508254051208496 0
1570353175380 0.25664958357810974 0
1570353176641 0.2412540763616562 0
1570353177913 0.26224327087402344 0
1570353179198 0.23410257697105408 0
1570353180585 0.22348812222480774 0
1570353181912 0.24337822198867798 0
1570353183238 0.24435216188430786 0
1570353184510 0.2693331837654114 0
1570353185782 0.25832051038742065 0
1570353187018 0.24556514620780945 0
1570353188223 0.26051998138427734 0
1570353189465 0.24456289410591125 0
1570353190640 0.22989727556705475 0
1570353191937 0.23808789253234863 0
1570353193216 0.22687815129756927 0
1570353194480 0.22323641180992126 0
1570353195819 0.22425176203250885 0
1570353197094 0.22388464212417603 0
1570353198386 0.22831928730010986 0
1570353199711 0.2160577028989792 0
1570353201084 0.24244147539138794 0
1570353202350 0.22903482615947723 0
1570353203644 0.2228470742702484 0
1570353205022 0.21837496757507324 0
1570353206312 0.24006780982017517 0
1570353207537 0.21782374382019043 0
1570353208750 0.20017853379249573 0
1570353210066 0.21794259548187256 0
1570353211409 0.22702184319496155 0
1570353212686 0.2145068645477295 0
1570353214097 0.23266498744487762 0
1570353215398 0.2055651843547821 0
1570353216678 0.19653365015983582 0
1570353217982 0.23874357342720032 0
1570353219316 0.20932745933532715 0
1570353220728 0.20639532804489136 0
1570353222025 0.2043035924434662 0
1570353223347 0.20705528557300568 0
1570353224652 0.1866973638534546 0
1570353225967 0.21137477457523346 0
1570353227229 0.23734834790229797 0
1570353228466 0.203881174325943 0
1570353229744 0.21739013493061066 0
1570353231011 0.21216100454330444 0
1570353232318 0.2090950757265091 0
1570353233667 0.21824827790260315 0
1570353234938 0.21539026498794556 0
1570353236429 0.18064984679222107 0
1570353237827 0.2103414237499237 0
1570353239201 0.21166133880615234 0
1570353240582 0.18881666660308838 0
1570353241845 0.18222609162330627 0
1570353243080 0.2030443549156189 0
1570353244351 0.18219953775405884 0
1570353245635 0.19903779029846191 0
1570353246928 0.1933574378490448 0
1570353248259 0.19890329241752625 0
1570353249539 0.1916554570198059 0
1570353250834 0.1808943748474121 0
1570353252229 0.2043662667274475 0
1570353253566 0.17801591753959656 0
1570353254833 0.20109134912490845 0
1570353256078 0.17952772974967957 0
1570353257366 0.18104001879692078 0
1570353258675 0.18424507975578308 0
1570353260092 0.1852116733789444 0
1570353261376 0.19278156757354736 0
1570353262777 0.188381165266037 0
1570353264055 0.16998949646949768 0
1570353265429 0.17604850232601166 0
1570353266815 0.18122795224189758 0
1570353268268 0.17486613988876343 0
1570353269587 0.18168914318084717 0
1570353270838 0.1756051480770111 0
1570353272245 0.1879580169916153 0
1570353273661 0.15958833694458008 0
1570353274971 0.18150828778743744 0
1570353276248 0.17572715878486633 0
1570353277602 0.16026750206947327 0
1570353278971 0.18759290874004364 0
1570353280327 0.15833723545074463 0
1570353281771 0.18308083713054657 0
1570353283103 0.16868437826633453 0
1570353284419 0.16018137335777283 0
1570353285707 0.1685894876718521 0
1570353287085 0.1804596483707428 0
1570353288403 0.1576629877090454 0
1570353289778 0.1840479075908661 0
1570353291087 0.17058950662612915 0
1570353292368 0.18209722638130188 0
1570353293722 0.14371010661125183 0
1570353295009 0.1773856282234192 0
1570353296243 0.14841103553771973 0
1570353297521 0.17557314038276672 0
1570353298809 0.16261163353919983 0
1570353300105 0.1370122730731964 0
1570353301528 0.15727664530277252 0
1570353302919 0.1691722422838211 0
1570353304293 0.17780598998069763 0
1570353305566 0.15164676308631897 0
1570353306866 0.14563706517219543 0
1570353308136 0.16452497243881226 0
1570353309542 0.15380755066871643 0
1570353310896 0.1522601842880249 0
1570353312206 0.1821218729019165 0
1570353313489 0.1476024091243744 0
1570353314862 0.17952322959899902 0
1570353316264 0.15530607104301453 0
1570353317679 0.144449383020401 0
1570353319126 0.18323132395744324 0
1570353320595 0.15568134188652039 0
1570353321964 0.1424216330051422 0
1570353323358 0.13873527944087982 0
1570353324747 0.1598616987466812 0
1570353326152 0.17402808368206024 0
1570353327535 0.14986929297447205 0
1570353328843 0.16813313961029053 0
1570353330163 0.1539774239063263 0
1570353331424 0.14998874068260193 0
1570353332835 0.16882508993148804 0
1570353334206 0.14216241240501404 0
1570353335511 0.12757441401481628 0
1570353336787 0.11947494745254517 0
1570353338081 0.14454585313796997 0
1570353339466 0.14390526711940765 0
1570353340853 0.14809569716453552 0
1570353342126 0.14151878654956818 0
1570353343412 0.12658846378326416 0
1570353344728 0.13512645661830902 0
1570353346098 0.12427754700183868 0
1570353347558 0.1170121431350708 0
1570353349025 0.1462429165840149 0
1570353350436 0.13415756821632385 0
1570353351704 0.16362923383712769 0
1570353353013 0.131753608584404 0
1570353354337 0.15394514799118042 0
1570353355694 0.14046400785446167 0
1570353357159 0.13339540362358093 0
1570353358469 0.17631807923316956 0
1570353359831 0.13704293966293335 0
1570353361245 0.13949377834796906 0
1570353362665 0.11608815938234329 0
1570353364085 0.12580667436122894 0
1570353365530 0.13128362596035004 0
1570353366874 0.11899495124816895 0
1570353368221 0.1508001685142517 0
1570353369702 0.12693250179290771 0
1570353371058 0.12125546485185623 0
1570353372394 0.1468372941017151 0
1570353373859 0.13318094611167908 0
1570353375250 0.1170848160982132 0
1570353376591 0.1116265207529068 0
1570353377922 0.1465301662683487 0
1570353379226 0.13098490238189697 0
1570353380526 0.1192018985748291 0
1570353381877 0.1269291639328003 0
1570353383380 0.12752698361873627 0
1570353384783 0.10602498054504395 0
1570353386142 0.12506890296936035 0
1570353387503 0.13710343837738037 0
1570353388894 0.11622598767280579 0
1570353390200 0.14620095491409302 0
1570353391552 0.11430235952138901 0
1570353392903 0.11515376716852188 0
1570353394310 0.13029803335666656 0
1570353395707 0.11184360086917877 0
1570353396999 0.12372472882270813 0
1570353398396 0.1310637891292572 0
1570353399690 0.11113803088665009 0
1570353400984 0.11656294763088226 0
1570353402381 0.1177700012922287 0
1570353403641 0.10965906083583832 0
1570353405002 0.12959149479866028 0
1570353406437 0.1153121143579483 0
1570353407790 0.13946309685707092 0
1570353409110 0.10074542462825775 0
1570353410442 0.11183502525091171 0
1570353411749 0.1340266466140747 0
1570353413086 0.12379351258277893 0
1570353414462 0.13239794969558716 0
1570353415794 0.11842905730009079 0
1570353417187 0.09484781324863434 0
1570353418498 0.1098276674747467 0
1570353419901 0.10692976415157318 0
1570353421216 0.11793382465839386 0
1570353422523 0.11622984707355499 0
1570353423914 0.11558889597654343 0
1570353425309 0.11481474339962006 0
1570353426681 0.11153297871351242 0
1570353427953 0.1042819693684578 0
1570353429244 0.1078214943408966 0
1570353430628 0.11503275483846664 0
1570353431994 0.08712694048881531 0
1570353433287 0.13362373411655426 0
1570353434550 0.11281450092792511 0
1570353435746 0.11864729225635529 0
1570353437027 0.12925399839878082 0
1570353438342 0.11528848111629486 0
1570353439620 0.0988311916589737 0
1570353440969 0.11319880187511444 0
1570353442288 0.12162037193775177 0
1570353443623 0.10496821254491806 0
1570353444942 0.10921710729598999 0
1570353446420 0.10530030727386475 0
1570353447849 0.11868651956319809 0
1570353449283 0.11371957510709763 0
1570353450651 0.10848556458950043 0
1570353451952 0.1236744374036789 0
1570353453234 0.11305274814367294 0
1570353454503 0.10900145769119263 0
1570353455763 0.10515603423118591 0
1570353457035 0.1292525678873062 0
1570353458394 0.12231995910406113 0
1570353459887 0.11876798421144485 0
1570353461247 0.11046718806028366 0
1570353462549 0.08954773843288422 0
1570353463915 0.10786847025156021 0
1570353465356 0.12426179647445679 0
1570353466799 0.09103505313396454 0
1570353468246 0.10224150121212006 0
1570353469712 0.09938225150108337 0
1570353471196 0.08960842341184616 0
1570353472632 0.0866805911064148 0
1570353474091 0.12548089027404785 0
1570353475536 0.08810815215110779 0
1570353477022 0.12303726375102997 0
1570353478477 0.10456328094005585 0
1570353479918 0.11125524342060089 0
1570353481360 0.10738115757703781 0
1570353482859 0.09357350319623947 0
1570353484327 0.1026313379406929 0
1570353485722 0.107558473944664 0
1570353487200 0.09134197235107422 0
1570353488685 0.09224656224250793 0
1570353490224 0.08947773277759552 0
1570353491777 0.09852011501789093 0
1570353493297 0.09457001835107803 0
1570353494765 0.10465890169143677 0
1570353496108 0.09037964046001434 0
1570353497555 0.09519638121128082 0
1570353498881 0.09150217473506927 0
1570353500240 0.1003323569893837 0
1570353501541 0.09298557788133621 0
1570353503046 0.10930235683917999 0
1570353504596 0.10809458792209625 0
1570353505965 0.10106126219034195 0
1570353507319 0.09809481352567673 0
1570353508652 0.08792421221733093 0
1570353509957 0.10121788084506989 0
1570353511290 0.09645426273345947 0
1570353512670 0.07893043756484985 0
1570353514036 0.09909556806087494 0
1570353515397 0.089501291513443 0
1570353516724 0.10357291996479034 0
1570353518027 0.09878779947757721 0
1570353519489 0.08162757009267807 0
1570353520910 0.09725883603096008 0
1570353522242 0.09465575963258743 0
1570353523637 0.10948184132575989 0
1570353525089 0.11209127306938171 0
1570353526482 0.1061667650938034 0
1570353527880 0.10093781352043152 0
1570353529182 0.11808125674724579 0
1570353530721 0.09024834632873535 0
1570353532216 0.07748761028051376 0
1570353533697 0.09928435832262039 0
1570353535128 0.08133989572525024 0
1570353536573 0.10023556649684906 0
1570353538034 0.0977080762386322 0
1570353539495 0.08716065436601639 0
1570353540948 0.09230448305606842 0
1570353542441 0.08573917299509048 0
1570353543794 0.09271403402090073 0
1570353545138 0.0975906029343605 0
1570353546548 0.10271027684211731 0
1570353547949 0.089148610830307 0
1570353549241 0.10582245886325836 0
1570353550638 0.08442482352256775 0
1570353552094 0.09766243398189545 0
1570353567146 0.08858509361743927 0
1570353568611 0.08311949670314789 0
1570353581178 0.08416461199522018 0
1570353582599 0.09398920834064484 0
1570353584004 0.0850304365158081 0
1570353585391 0.1094474121928215 0
1570353586913 0.075548455119133 0
1570353618657 0.08653189986944199 0
1570353620107 0.09682556241750717 0
1570353621528 0.10220496356487274 0
1570353622987 0.09106089174747467 0
1570353624425 0.07499445229768753 0
1570353625860 0.09587563574314117 0
1570353627330 0.0903334990143776 0
1570353628718 0.07871450483798981 0
1570353630191 0.08815282583236694 0
1570353631518 0.09319378435611725 0
1570353651736 0.09148967266082764 0
1570353653146 0.06738050282001495 0
1570353654586 0.07753103971481323 0
1570353655977 0.10989993810653687 0
1570353657417 0.07514757663011551 0
1570353658689 0.07702591270208359 0
1570353659935 0.08340388536453247 0
1570353661201 0.09540103375911713 0
1570353662565 0.08486437797546387 0
1570353663869 0.08324456214904785 0
1570353665203 0.08201965689659119 0
1570353666685 0.08258841186761856 0
1570353668051 0.07597409188747406 0
1570353669516 0.08652878552675247 0
1570353670910 0.09390586614608765 0
1570353672325 0.08027389645576477 0
1570353673675 0.07939007878303528 0
1570353674981 0.0661790519952774 0
1570353676343 0.08416616171598434 0
1570353677688 0.08476572483778 0
1570353679009 0.07236761599779129 0
1570353680441 0.07389102876186371 0
1570353681820 0.08471579104661942 0
1570353683225 0.07736910134553909 0
1570353684729 0.07926484197378159 0
1570353685984 0.08478343486785889 0
1570353687273 0.08501456677913666 0
1570353688616 0.0841289609670639 0
1570353689997 0.09059096872806549 0
1570353691411 0.0779595822095871 0
1570353692848 0.08412566781044006 0
1570353694287 0.09772056341171265 0
1570353695765 0.07898758351802826 0
1570353697215 0.0870501920580864 0
1570353698634 0.07888443768024445 0
1570353700095 0.06004907190799713 0
1570353701551 0.07326114177703857 0
1570353702980 0.06910524517297745 0
1570353704428 0.07669758796691895 0
1570353705877 0.08173751085996628 0
1570353707397 0.07981330156326294 0
1570353708892 0.07103331387042999 0
1570353710335 0.07051412761211395 0
1570353711766 0.081387460231781 0
1570353713146 0.07222502678632736 0
1570353714605 0.07801587879657745 0
1570353716050 0.06890930235385895 0
1570353717444 0.0742010772228241 0
1570353718800 0.07010310143232346 0
1570353720213 0.068135105073452 0
1570353721606 0.0848143994808197 0
1570353723000 0.0824948251247406 0
1570353724351 0.0667944848537445 0
1570353725758 0.0789385735988617 0
1570353727119 0.06994223594665527 0
1570353728453 0.07212138175964355 0
1570353729870 0.0968766137957573 0
1570353731463 0.06939058005809784 0
1570353732878 0.08157718181610107 0
1570353734285 0.10584792494773865 0
1570353735668 0.0747205838561058 0
1570353737113 0.097038134932518 0
1570353738594 0.07399941980838776 0
1570353740045 0.07066445052623749 0
1570353741487 0.09249398857355118 0
1570353742967 0.06956014782190323 0
1570353744409 0.07203212380409241 0
1570353745853 0.08865328133106232 0
1570353747317 0.07382290065288544 0
1570353748769 0.08667837828397751 0
1570353750268 0.07253390550613403 0
1570353751799 0.07535939663648605 0
1570353753318 0.061875373125076294 0
1570353754822 0.08469501882791519 0
1570353756362 0.07989232987165451 0
1570353757838 0.07164833694696426 0
1570353759224 0.07535085082054138 0
1570353760669 0.09230554848909378 0
1570353762063 0.06897883862257004 0
1570353763516 0.07368186116218567 0
1570353765023 0.07051141560077667 0
1570353766461 0.06304045021533966 0
1570353767800 0.06568510085344315 0
1570353769138 0.08529508113861084 0
1570353770477 0.0695285052061081 0
1570353771870 0.06242514029145241 0
1570353773272 0.07840116322040558 0
1570353774650 0.06650194525718689 0
1570353776093 0.06344017386436462 0
1570353777622 0.08849292993545532 0
1570353823072 0.07183224707841873 0
1570353824599 0.07591783255338669 0
1570353826120 0.10295955836772919 0
1570353827703 0.08166971057653427 0
1570353829071 0.07948607206344604 0
1570353830470 0.07229126244783401 0
1570353831814 0.05880606174468994 0
1570353833258 0.07123298197984695 0
1570353834631 0.07744747400283813 0
1570353836054 0.05659148842096329 0
1570353837452 0.06721756607294083 0
1570353838960 0.06904466450214386 0
1570353840416 0.07820011675357819 0
1570353841816 0.07264848053455353 0
1570353843225 0.07540301978588104 0
1570353844566 0.06640709936618805 0
1570353845913 0.07138130068778992 0
1570353847369 0.06295368820428848 0
1570353848770 0.07645319402217865 0
1570353850290 0.07007873058319092 0
1570353851872 0.06467843055725098 0
1570353853330 0.07032771408557892 0
1570353854837 0.08518359065055847 0
1570353856380 0.06520267575979233 0
1570353857910 0.06871207058429718 0
1570353859417 0.08284430205821991 0
1570353860889 0.08281790465116501 0
1570353862318 0.06193448603153229 0
1570353863774 0.0810176357626915 0
1570353865234 0.06589397042989731 0
1570353866717 0.05718596279621124 0
1570353868185 0.06673385202884674 0
1570353869703 0.06572046875953674 0
1570353871227 0.07412540167570114 0
1570353872615 0.06357835233211517 0
1570353874192 0.08335369825363159 0
1570353875655 0.07049006968736649 0
1570353877037 0.07865433394908905 0
1570353878427 0.06636333465576172 0
1570353879817 0.06253013014793396 0
1570353881272 0.0619039312005043 0
1570353882689 0.06335948407649994 0
1570353884036 0.05347689986228943 0
1570353885387 0.07125777006149292 0
1570353886756 0.06122446060180664 0
1570353888163 0.06972727924585342 0
1570353889591 0.05541191250085831 0
1570353891205 0.07361970841884613 0
1570353892772 0.06138351932168007 0
1570353894309 0.05774533003568649 0
1570353895842 0.05991114675998688 0
1570353897431 0.07174988090991974 0
1570353898935 0.08308122307062149 0
1570353900417 0.06634312868118286 0
1570353901891 0.059859998524188995 0
1570353903461 0.06671798229217529 0
1570353904946 0.05808688700199127 0
1570353906397 0.08726856857538223 0
1570353907767 0.07481665164232254 0
1570353909163 0.07272149622440338 0
1570353910634 0.06684818863868713 0
1570353912188 0.057828307151794434 0
1570353913700 0.07579140365123749 0
1570353915158 0.055781539529561996 0
1570353916739 0.06730293482542038 0
1570353918232 0.06783689558506012 0
1570353919654 0.06370064616203308 0
1570353921175 0.065858855843544 0
1570353922748 0.057503532618284225 0
1570353924135 0.07157403975725174 0
1570353925563 0.06220811605453491 0
1570353926957 0.05751194432377815 0
1570353928414 0.06437177956104279 0
1570353930077 0.06290441751480103 0
1570353931605 0.055798593908548355 0
1570353933109 0.055251605808734894 0
1570353934706 0.07717528939247131 0
1570353936223 0.052510812878608704 0
1570353937689 0.06159885972738266 0
1570353939070 0.060628198087215424 0
1570353940454 0.05269019305706024 0
1570353941878 0.06636488437652588 0
1570353943277 0.057024404406547546 0
1570353944704 0.06588391959667206 0
1570353946109 0.054586850106716156 0
1570353947495 0.06492937356233597 0
1570353948941 0.05672664940357208 0
1570353950404 0.07008093595504761 0
1570353951863 0.06599688529968262 0
1570353953315 0.06774058192968369 0
1570353954758 0.06604433059692383 0
1570353956204 0.05998712778091431 0
1570353957755 0.058578528463840485 0
1570353959234 0.05193445086479187 0
1570353960695 0.058621931821107864 0
1570353962234 0.05707152932882309 0
1570353963755 0.06486077606678009 0
1570353965151 0.05382173880934715 0
1570353966558 0.062055401504039764 0
1570353967970 0.04804549366235733 0
1570353969447 0.06314167380332947 0
1570353970897 0.0616273507475853 0
1570353972305 0.07008881866931915 0
1570353973838 0.07518094778060913 0
1570353975368 0.06020546704530716 0
1570353976904 0.0665130466222763 0
1570353978303 0.05836695805191994 0
1570353979736 0.06745520979166031 0
1570353981215 0.052263543009757996 0
1570353982662 0.052285708487033844 0
1570353984189 0.05644417181611061 0
1570353985716 0.07411235570907593 0
1570353987248 0.06688187271356583 0
1570353988727 0.05614416301250458 0
1570353990198 0.049873314797878265 0
1570353991736 0.055103451013565063 0
1570353993266 0.057173214852809906 0
1570353994768 0.06475584954023361 0
1570353996196 0.06541609764099121 0
1570353997591 0.058299191296100616 0
1570353999176 0.06122635677456856 0
1570354000725 0.050005681812763214 0
1570354002205 0.06286415457725525 0
1570354003725 0.05611278861761093 0
1570354005218 0.07865201681852341 0
1570354006767 0.062196679413318634 0
1570354008306 0.06009068340063095 0
1570354009826 0.05066358670592308 0
1570354011241 0.05524316430091858 0
1570354012748 0.0496438592672348 0
1570354014279 0.04835710674524307 0
1570354015751 0.05132421851158142 0
1570354017256 0.04890315979719162 0
1570354018680 0.06174561381340027 0
1570354020115 0.05909019708633423 0
1570354021527 0.06190592795610428 0
1570354022925 0.062436752021312714 0
1570354024443 0.05469430238008499 0
1570354025878 0.05477312579751015 0
1570354027362 0.05951105058193207 0
1570354028933 0.058039985597133636 0
1570354030349 0.05898036062717438 0
1570354031747 0.060291729867458344 0
1570354033349 0.05881435051560402 0
1570354034870 0.06373747438192368 0
1570354036234 0.062193237245082855 0
1570354037712 0.05699016898870468 0
1570354039115 0.05091112107038498 0
1570354040490 0.05334893986582756 0
1570354041902 0.054468125104904175 0
1570354043358 0.048719003796577454 0
1570354044795 0.0570199079811573 0
1570354046361 0.058119550347328186 0
1570354047918 0.052520547062158585 0
1570354049484 0.05811075121164322 0
1570354051067 0.05439547821879387 0
1570354052632 0.050393667072057724 0
1570354054186 0.04965168982744217 0
1570354055602 0.0497506707906723 0
1570354057154 0.050102364271879196 0
1570354058695 0.04945271089673042 0
1570354060270 0.05352364480495453 0
1570354061826 0.054954491555690765 0
1570354063336 0.05659215897321701 0
1570354064919 0.06388263404369354 0
1570354066477 0.05068463832139969 0
1570354068044 0.07121220976114273 0
1570354069659 0.05129314959049225 0
1570354071234 0.05462847277522087 0
1570354072796 0.07331889867782593 0
1570354074346 0.055727988481521606 0
1570354076001 0.055719804018735886 0
1570354077552 0.05737525597214699 0
1570354079017 0.06308452785015106 0
1570354080573 0.05127079784870148 0
1570354082165 0.05381381884217262 0
1570354083606 0.051155589520931244 0
1570354085009 0.044040992856025696 0
1570354086601 0.05920952558517456 0
1570354088021 0.06007207930088043 0
1570354089468 0.054733164608478546 0
1570354090914 0.05434616655111313 0
1570354092374 0.04942923039197922 0
1570354093889 0.04681196063756943 0
1570354095470 0.06936423480510712 0
1570354097015 0.054417114704847336 0
1570354098571 0.048685237765312195 0
1570354100189 0.06240835040807724 0
1570354101828 0.0571439303457737 0
1570354103384 0.05113533139228821 0
1570354104970 0.0564732700586319 0
1570354106617 0.06643170118331909 0
1570354108215 0.0510517880320549 0
1570354109788 0.059113651514053345 0
1570354111357 0.0568978488445282 0
1570354112979 0.061608441174030304 0
1570354114584 0.05209437385201454 0
1570354116015 0.05220922827720642 0
1570354117617 0.05578138679265976 0
1570354119205 0.05900314450263977 0
1570354120703 0.05258973315358162 0
1570354122285 0.05720199644565582 0
1570354123844 0.04070286825299263 0
1570354125295 0.05448161065578461 0
1570354126715 0.04568016529083252 0
1570354128239 0.05007723346352577 0
1570354129704 0.041411593556404114 0
1570354131198 0.05106107145547867 0
1570354132897 0.05205395445227623 0
1570354134554 0.055832087993621826 0
1570354136211 0.05106179788708687 0
1570354137828 0.056351881474256516 0
1570354139416 0.0510343573987484 0
1570354140983 0.05366155505180359 0
1570354142499 0.048470914363861084 0
1570354144018 0.05270529165863991 0
1570354145646 0.048503328114748 0
1570354147296 0.05675410106778145 0
1570354148976 0.05126757174730301 0
1570354150544 0.06433460116386414 0
1570354152121 0.05252361297607422 0
1570354153738 0.05157836154103279 0
1570354155292 0.04772130399942398 0
1570354156903 0.06000798940658569 0
1570354158572 0.05944250524044037 0
1570354160236 0.06431319564580917 0
1570354161875 0.0437283031642437 0
1570354163537 0.05250076204538345 0
1570354165013 0.051630906760692596 0
1570354166482 0.06492666155099869 0
1570354168052 0.05002116411924362 0
1570354169591 0.058690283447504044 0
1570354171177 0.04702752083539963 0
1570354172732 0.0542532242834568 0
1570354174348 0.04963601380586624 0
1570354175957 0.04900957643985748 0
1570354177426 0.04720290005207062 0
1570354178861 0.047736261039972305 0
1570354180434 0.04675755649805069 0
1570354181928 0.049998097121715546 0
1570354183431 0.05669395625591278 0
1570354184998 0.049870412796735764 0
1570354186597 0.04772816598415375 0
1570354188303 0.05931856855750084 0
1570354189964 0.05642265826463699 0
1570354191579 0.05334688723087311 0
1570354193010 0.03992975503206253 0
1570354194480 0.048756442964076996 0
1570354195945 0.04995667189359665 0
1570354197394 0.04808853939175606 0
1570354198815 0.06229345127940178 0
1570354200424 0.05808065086603165 0
1570354202058 0.0477893091738224 0
1570354203485 0.04415363445878029 0
1570354205112 0.04767328128218651 0
1570354206713 0.04360300302505493 0
1570354208236 0.04131856560707092 0
1570354209710 0.04747011139988899 0
1570354211149 0.04612879082560539 0
1570354212683 0.04933220148086548 0
1570354214218 0.043319009244441986 0
1570354215663 0.0520223006606102 0
1570354217245 0.04702109098434448 0
1570354218896 0.060608699917793274 0
1570354220500 0.06353852152824402 0
1570354222130 0.04270920902490616 0
1570354223718 0.04813891649246216 0
1570354225272 0.04302425682544708 0
1570354226952 0.049073826521635056 0
1570354228570 0.05480226129293442 0
1570354230122 0.05238596349954605 0
1570354231765 0.048840537667274475 0
1570354233387 0.04990227520465851 0
1570354234998 0.048499077558517456 0
1570354236606 0.059442874044179916 0
1570354238289 0.053143635392189026 0
1570354239896 0.043870192021131516 0
1570354241525 0.05767456814646721 0
1570354243161 0.055191799998283386 0
1570354244748 0.04904983937740326 0
1570354246412 0.04550827294588089 0
1570354247999 0.047835513949394226 0
1570354249615 0.05115525424480438 0
1570354251224 0.04805348813533783 0
1570354252808 0.04531124234199524 0
1570354254422 0.04821906238794327 0
1570354256002 0.04669011011719704 0
1570354257631 0.047989360988140106 0
1570354259235 0.051937732845544815 0
1570354260859 0.05392075702548027 0
1570354262515 0.05265739560127258 0
1570354264138 0.048404231667518616 0
1570354265678 0.0466703437268734 0
1570354267244 0.04336646944284439 0
1570354268753 0.0463014617562294 0
1570354270232 0.04713994264602661 0
1570354271769 0.06926823407411575 0
1570354273373 0.04957672953605652 0
1570354274808 0.045912645757198334 0
1570354276306 0.044368237257003784 0
1570354277965 0.045461270958185196 0
1570354279597 0.04852047562599182 0
1570354281189 0.0546170137822628 0
1570354282830 0.03928681090474129 0
1570354284434 0.04087699204683304 0
1570354286010 0.045169372111558914 0
1570354287589 0.045634835958480835 0
1570354289194 0.05482029914855957 0
1570354290814 0.052848268300294876 0
1570354292480 0.04251675680279732 0
1570354294067 0.046593908220529556 0
1570354295731 0.04609943553805351 0
1570354297370 0.05291008949279785 0
1570354298950 0.04661784693598747 0
1570354300589 0.0467308834195137 0
1570354302304 0.048088692128658295 0
1570354303987 0.06024383008480072 0
1570354305593 0.04907012730836868 0
1570354307168 0.05071556568145752 0
1570354308771 0.047562532126903534 0
1570354310441 0.04395642131567001 0
1570354311966 0.046446166932582855 0
1570354313428 0.04734412580728531 0
1570354314936 0.04281729459762573 0
1570354316396 0.04178888350725174 0
1570354317875 0.04678690433502197 0
1570354319324 0.04894472658634186 0
1570354320823 0.04202096909284592 0
1570354322316 0.04114985093474388 0
1570354323988 0.038624316453933716 0
1570354325598 0.04889922961592674 0
1570354327217 0.04716573655605316 0
1570354328843 0.051005296409130096 0
1570354330464 0.04226108640432358 0
1570354331959 0.04093346744775772 0
1570354333483 0.052003249526023865 0
1570354335069 0.042412396520376205 0
1570354336527 0.036988355219364166 0
1570354338063 0.04651667922735214 0
1570354339540 0.044696152210235596 0
1570354341027 0.05010578781366348 0
1570354342487 0.048208706080913544 0
1570354343991 0.04726975038647652 0
1570354345494 0.052626628428697586 0
1570354346914 0.05555814504623413 0
1570354348526 0.0440165176987648 0
1570354350145 0.03985406458377838 0
1570354351801 0.041753388941287994 0
1570354353361 0.04749986529350281 0
1570354354989 0.05994383618235588 0
1570354356582 0.04517859220504761 0
1570354358371 0.05894726514816284 0
1570354360038 0.044615522027015686 0
1570354361605 0.03831365704536438 0
1570354363173 0.041873589158058167 0
1570354364777 0.061962537467479706 0
1570354366355 0.04426749795675278 0
1570354367867 0.049399614334106445 0
1570354369349 0.04996008798480034 0
1570354370798 0.046969033777713776 0
1570354372407 0.04971986636519432 0
1570354373977 0.0392414927482605 0
1570354375586 0.04319966956973076 0
1570354377283 0.043953295797109604 0
1570354378931 0.04273465275764465 0
1570354380546 0.04300321266055107 0
1570354382207 0.043080225586891174 0
1570354383813 0.04474946856498718 0
1570354385407 0.04128582775592804 0
1570354387023 0.04134790226817131 0
1570354388623 0.07207012176513672 0
1570354390283 0.03464505448937416 0
1570354391982 0.055264681577682495 0
1570354393634 0.04101718217134476 0
1570354395192 0.04664241522550583 0
1570354396809 0.043725743889808655 0
1570354398475 0.04139605909585953 0
1570354400046 0.05170739069581032 0
1570354401653 0.03831515833735466 0
1570354403163 0.04601842164993286 0
1570354404715 0.04377244785428047 0
1570354406315 0.04957639425992966 0
1570354407921 0.049339212477207184 0
1570354409606 0.038585275411605835 0
1570354411212 0.04905035346746445 0
1570354412789 0.04255572706460953 0
1570354414376 0.039716966450214386 0
1570354416038 0.04292081668972969 0
1570354417727 0.04274376481771469 0
1570354419344 0.046431951224803925 0
1570354420924 0.03634767234325409 0
1570354422573 0.04764711111783981 0
1570354424165 0.05201007425785065 0
1570354425790 0.0346861369907856 0
1570354427415 0.035794660449028015 0
1570354429130 0.03761649876832962 0
1570354430788 0.039270102977752686 0
1570354432360 0.04601085186004639 0
1570354433961 0.040017955005168915 0
1570354435619 0.04869796335697174 0
1570354437210 0.04053016006946564 0
1570354438878 0.062155745923519135 0
1570354440544 0.04373530298471451 0
1570354442265 0.039768487215042114 0
1570354443946 0.046686552464962006 0
1570354445635 0.051031261682510376 0
1570354447250 0.0379347950220108 0
1570354448931 0.03904477879405022 0
1570354450568 0.04593518376350403 0
1570354452107 0.05315579101443291 0
1570354453561 0.04772057384252548 0
1570354455045 0.046350184828042984 0
1570354456550 0.04264599457383156 0
1570354458184 0.03939679265022278 0
1570354459638 0.05224904417991638 0
1570354461093 0.048814211040735245 0
1570354462535 0.050096482038497925 0
1570354464186 0.039338111877441406 0
1570354465794 0.03661149740219116 0
1570354467357 0.03911842778325081 0
1570354468900 0.03560348227620125 0
1570354470497 0.04152140021324158 0
1570354472076 0.03840731829404831 0
1570354473658 0.035626307129859924 0
1570354475334 0.04018353670835495 0
1570354476922 0.03723341226577759 0
1570354478507 0.04016813263297081 0
1570354480091 0.044938430190086365 0
1570354481777 0.03591940551996231 0
1570354483370 0.03892207890748978 0
1570354484948 0.041997067630290985 0
1570354486573 0.035945646464824677 0
1570354488243 0.04359276592731476 0
1570354489841 0.0596904531121254 0
1570354491415 0.039858631789684296 0
1570354493097 0.03398144245147705 0
1570354494714 0.04055812954902649 0
1570354496325 0.03862530365586281 0
1570354497991 0.04310788959264755 0
1570354499545 0.03908107429742813 0
1570354501157 0.036610379815101624 0
1570354502729 0.036304064095020294 0
1570354504303 0.03655809164047241 0
1570354505972 0.043317556381225586 0
1570354507650 0.041206590831279755 0
1570354509132 0.04843708500266075 0
1570354510683 0.039704449474811554 0
1570354512407 0.03556593507528305 0
1570354514166 0.03498713672161102 0
1570354515780 0.04503490775823593 0
1570354517418 0.04202170670032501 0
1570354519101 0.03353361040353775 0
1570354520738 0.043859224766492844 0
1570354522357 0.043586261570453644 0
1570354523985 0.03802520036697388 0
1570354525601 0.04555020481348038 0
1570354527239 0.0378982350230217 0
1570354528876 0.036649882793426514 0
1570354530536 0.03998595476150513 0
1570354532151 0.04039999097585678 0
1570354533874 0.044953033328056335 0
1570354535536 0.050447218120098114 0
1570354537188 0.04100368544459343 0
1570354538873 0.05539240315556526 0
1570354540402 0.034821636974811554 0
1570354541956 0.04546605050563812 0
1570354543517 0.04113001003861427 0
1570354545195 0.036254268139600754 0
1570354546805 0.037332840263843536 0
1570354548360 0.040210358798503876 0
1570354549872 0.04149564355611801 0
1570354551485 0.036282338201999664 0
1570354553189 0.040860503911972046 0
1570354554823 0.03939872980117798 0
1570354556469 0.038315534591674805 0
1570354558061 0.0388629324734211 0
1570354559777 0.03843224421143532 0
1570354561463 0.03748572990298271 0
1570354563115 0.039543867111206055 0
1570354564837 0.05356670916080475 0
1570354566347 0.036874912679195404 0
1570354567884 0.04270193725824356 0
1570354569492 0.04031962901353836 0
1570354571143 0.04417678713798523 0
1570354572886 0.042795781046152115 0
1570354574635 0.029876716434955597 0
1570354576207 0.05930018797516823 0
1570354577770 0.03629714623093605 0
1570354579362 0.03995619714260101 0
1570354580909 0.04998786747455597 0
1570354582452 0.043308816850185394 0
1570354583980 0.04415863752365112 0
1570354585541 0.04012422263622284 0
1570354587099 0.03686082363128662 0
1570354588564 0.03224854916334152 0
1570354590035 0.03586684912443161 0
1570354591493 0.03754745423793793 0
1570354592981 0.04704452306032181 0
1570354594555 0.03294321149587631 0
1570354596057 0.04132523760199547 0
1570354597696 0.039540521800518036 0
1570354599324 0.03501337766647339 0
1570354600913 0.04275757074356079 0
1570354602525 0.03722115978598595 0
1570354604098 0.035689935088157654 0
1570354605791 0.048655495047569275 0
1570354607364 0.05336586385965347 0
1570354609026 0.04153046756982803 0
1570354610702 0.03758800029754639 0
1570354612314 0.039741791784763336 0
1570354613893 0.0393863208591938 0
1570354615545 0.04035414010286331 0
1570354617088 0.044802188873291016 0
1570354618673 0.04111567139625549 0
1570354620331 0.03773960471153259 0
1570354621929 0.03501937910914421 0
1570354623635 0.03481430187821388 0
1570354625291 0.03411535546183586 0
1570354626870 0.03130893036723137 0
1570354628483 0.04465937614440918 0
1570354630103 0.041061509400606155 0
1570354631714 0.03156012296676636 0
1570354633385 0.03837738186120987 0
1570354634980 0.04526355862617493 0
1570354636587 0.03539976105093956 0
1570354638245 0.03437982499599457 0
1570354639881 0.037877507507801056 0
1570354641566 0.04167085140943527 0
1570354643201 0.04225405678153038 0
1570354644822 0.04084444418549538 0
1570354646410 0.04201079159975052 0
1570354648034 0.03801076114177704 0
1570354649725 0.03939973935484886 0
1570354651397 0.03714413568377495 0
1570354653132 0.03669652342796326 0
1570354654859 0.041465841233730316 0
1570354656500 0.04420716315507889 0
1570354658165 0.051825180649757385 0
1570354659842 0.034505121409893036 0
1570354661538 0.042311497032642365 0
1570354663140 0.04211554676294327 0
1570354664808 0.03305632621049881 0
1570354666420 0.03439714014530182 0
1570354668019 0.038317225873470306 0
1570354669640 0.03395884484052658 0
1570354671254 0.04375632107257843 0
1570354672827 0.033923786133527756 0
1570354674365 0.039782680571079254 0
1570354675929 0.03325938433408737 0
1570354677558 0.039906471967697144 0
1570354679206 0.03583185374736786 0
1570354680890 0.030676035210490227 0
1570354682509 0.04061410576105118 0
1570354684128 0.0375959612429142 0
1570354685827 0.04073366895318031 0
1570354687473 0.032556481659412384 0
1570354689146 0.04016614332795143 0
1570354690733 0.03469405695796013 0
1570354692440 0.041874274611473083 0
1570354694056 0.057096511125564575 0
1570354695696 0.03553067520260811 0
1570354697316 0.04296965152025223 0
1570354699000 0.03673446550965309 0
1570354700624 0.0372815802693367 0
1570354702239 0.04579278826713562 0
1570354703807 0.03344978019595146 0
1570354705463 0.03239334747195244 0
1570354707163 0.04949283227324486 0
1570354708729 0.03642395883798599 0
1570354710343 0.034650981426239014 0
1570354711904 0.03305388614535332 0
1570354713411 0.041019611060619354 0
1570354715131 0.03555751591920853 0
1570354716703 0.03991154581308365 0
1570354718369 0.03366226702928543 0
1570354719965 0.04470530524849892 0
1570354721677 0.03932628780603409 0
1570354723329 0.04248490929603577 0
1570354724946 0.04159170761704445 0
1570354726553 0.04356131702661514 0
1570354728219 0.03736270219087601 0
1570354729762 0.03153546154499054 0
1570354731428 0.04460005462169647 0
1570354733097 0.04482749104499817 0
1570354734744 0.04249478876590729 0
1570354736436 0.04272773116827011 0
1570354738193 0.035402972251176834 0
1570354739885 0.03375377506017685 0
1570354741628 0.039664287120103836 0
1570354743337 0.04066598415374756 0
1570354745149 0.03618864715099335 0
1570354746710 0.03704817593097687 0
1570354748277 0.04247930645942688 0
1570354749831 0.03741876408457756 0
1570354751383 0.03588404506444931 0
1570354753064 0.03486344963312149 0
1570354754633 0.04575463384389877 0
1570354756193 0.03823879361152649 0
1570354757813 0.0349762961268425 0
1570354759326 0.033784911036491394 0
1570354761050 0.03941947966814041 0
1570354762758 0.03576136752963066 0
1570354764374 0.03989711403846741 0
1570354766075 0.0344560369849205 0
1570354767776 0.037777937948703766 0
1570354769500 0.03565073758363724 0
1570354771286 0.041198235005140305 0
1570354773075 0.0403374582529068 0
1570354774774 0.04354208707809448 0
1570354776488 0.04167398810386658 0
1570354778252 0.040152184665203094 0
1570354780078 0.03582429885864258 0
1570354781747 0.036635786294937134 0
1570354783519 0.03344934433698654 0
1570354785233 0.04695500433444977 0
1570354786993 0.03479303792119026 0
1570354788711 0.05661019682884216 0
1570354790483 0.03559723496437073 0
1570354792206 0.0388694666326046 0
1570354793909 0.03347985818982124 0
1570354795604 0.03678349405527115 0
1570354797302 0.038554295897483826 0
1570354799094 0.041883137077093124 0
1570354800853 0.03595075011253357 0
1570354802583 0.0448065847158432 0
1570354804304 0.04205415025353432 0
1570354806060 0.0346042662858963 0
1570354807756 0.03330906480550766 0
1570354809442 0.04355083778500557 0
1570354811137 0.04220154881477356 0
1570354812837 0.04915226623415947 0
1570354814581 0.032740212976932526 0
1570354816310 0.04281749576330185 0
1570354817984 0.04066631942987442 0
1570354819648 0.040233299136161804 0
1570354821291 0.028788702562451363 0
1570354822847 0.036489930003881454 0
1570354824415 0.042722929269075394 0
1570354825994 0.029627008363604546 0
1570354827560 0.03530282527208328 0
1570354829350 0.03828458487987518 0
1570354831038 0.03238978981971741 0
1570354832767 0.0352231040596962 0
1570354834521 0.0310339517891407 0
1570354836150 0.05043432116508484 0
1570354837831 0.03781414404511452 0
1570354839580 0.04132363200187683 0
1570354841255 0.04367474466562271 0
1570354842956 0.03773375600576401 0
1570354844588 0.037315670400857925 0
1570354846213 0.04296727478504181 0
1570354847881 0.04046054184436798 0
1570354849475 0.034326210618019104 0
1570354851087 0.03872241824865341 0
1570354852759 0.03826962411403656 0
1570354854435 0.03850473836064339 0
1570354856073 0.03420110046863556 0
1570354857714 0.0384720042347908 0
1570354859398 0.037806570529937744 0
1570354861094 0.03400694206357002 0
1570354862759 0.04586848244071007 0
1570354864413 0.03910943865776062 0
1570354866086 0.037894107401371 0
1570354867818 0.031974755227565765 0
1570354869498 0.028198661282658577 0
1570354871155 0.04232878237962723 0
1570354872786 0.03652118891477585 0
1570354874479 0.03374538943171501 0
1570354876142 0.03716742992401123 0
1570354877835 0.03236481547355652 0
1570354879501 0.03132439777255058 0
1570354881255 0.03994639217853546 0
1570354882959 0.03699740022420883 0
1570354884651 0.03870599344372749 0
1570354886361 0.031705331057310104 0
1570354888134 0.04137956723570824 0
1570354889836 0.043540339916944504 0
1570354891570 0.03460218012332916 0
1570354893262 0.034070346504449844 0
1570354894933 0.03605778515338898 0
1570354896637 0.034084804356098175 0
1570354898399 0.02999107539653778 0
1570354900215 0.03808997571468353 0
1570354901853 0.03638676553964615 0
1570354903513 0.03215903416275978 0
1570354905190 0.03158436343073845 0
1570354906992 0.039021141827106476 0
1570354908662 0.029417002573609352 0
1570354910295 0.03896830603480339 0
1570354911840 0.029078707098960876 0
1570354913552 0.03178393840789795 0
1570354915228 0.04380905628204346 0
1570354916983 0.04058244824409485 0
1570354918713 0.03590509667992592 0
1570354920507 0.04066527634859085 0
1570354922329 0.03268643096089363 0
1570354923915 0.038939908146858215 0
1570354925477 0.041047655045986176 0
1570354927172 0.040850862860679626 0
1570354928930 0.03044302389025688 0
1570354930671 0.037938542664051056 0
1570354932370 0.031028537079691887 0
1570354934130 0.03557001054286957 0
1570354935843 0.03044445812702179 0
1570354937582 0.03174465894699097 0
1570354939267 0.03398173674941063 0
1570354941047 0.03367317467927933 0
1570354942817 0.03187562897801399 0
1570354944401 0.033044375479221344 0
1570354946110 0.03448420390486717 0
1570354947899 0.0476519837975502 0
1570354949659 0.032931938767433167 0
1570354951415 0.03623025864362717 0
1570354953039 0.034845925867557526 0
1570354954814 0.030791644006967545 0
1570354956533 0.030296016484498978 0
1570354958251 0.03142278268933296 0
1570354959880 0.04015814885497093 0
1570354961452 0.03292527794837952 0
1570354963187 0.03189980983734131 0
1570354964946 0.03201749920845032 0
1570354966645 0.04318096116185188 0
1570354968384 0.031006507575511932 0
1570354970186 0.036003969609737396 0
1570354971938 0.03349728882312775 0
1570354973513 0.03262018412351608 0
1570354975260 0.039891332387924194 0
1570354976987 0.031519193202257156 0
1570354978710 0.031479403376579285 0
1570354980428 0.03248530626296997 0
1570354982187 0.04189899563789368 0
1570354983935 0.03927478939294815 0
1570354985669 0.035182274878025055 0
1570354987277 0.03041663207113743 0
1570354988889 0.030527394264936447 0
1570354990632 0.03510482236742973 0
1570354992377 0.03257213905453682 0
1570354994058 0.030360650271177292 0
1570354995843 0.03540138900279999 0
1570354997545 0.033355001360177994 0
1570354999300 0.0344240702688694 0
1570355001013 0.03352147340774536 0
1570355002792 0.02838604897260666 0
1570355004530 0.036343351006507874 0
1570355006303 0.029847249388694763 0
1570355008011 0.03821878135204315 0
1570355009794 0.03726597875356674 0
1570355011513 0.040715888142585754 0
1570355013203 0.028666293248534203 0
1570355014903 0.028711430728435516 0
1570355016585 0.037578076124191284 0
1570355018379 0.0268174447119236 0
1570355020137 0.0333748534321785 0
1570355021828 0.02822345867753029 0
1570355023416 0.03344268724322319 0
1570355025052 0.04376724362373352 0
1570355026751 0.03761450573801994 0
1570355028496 0.03660300746560097 0
1570355030298 0.03464304655790329 0
1570355032095 0.03157532960176468 0
1570355033817 0.033081814646720886 0
1570355035531 0.029870130121707916 0
1570355037258 0.03429911285638809 0
1570355039009 0.039682548493146896 0
1570355040733 0.03107520192861557 0
1570355042432 0.029113374650478363 0
1570355044247 0.03746529668569565 0
1570355045905 0.03969487547874451 0
1570355047560 0.026982199400663376 0
1570355049301 0.03958383575081825 0
1570355051103 0.03636948764324188 0
1570355052887 0.038856253027915955 0
1570355054634 0.03162255883216858 0
1570355056341 0.030355006456375122 0
1570355058085 0.0352829284965992 0
1570355059925 0.030897848308086395 0
1570355061653 0.02778170257806778 0
1570355063414 0.038574136793613434 0
1570355065159 0.035107195377349854 0
1570355067022 0.0313272625207901 0
1570355068794 0.02982018142938614 0
1570355070505 0.03444290906190872 0
1570355072245 0.02955331653356552 0
1570355074016 0.029305385425686836 0
1570355075877 0.029880989342927933 0
1570355077540 0.032372407615184784 0
1570355079159 0.03135911747813225 0
1570355080968 0.038099244236946106 0
1570355082699 0.03440749645233154 0
1570355084373 0.030753377825021744 0
1570355086156 0.027735037729144096 0
1570355087885 0.03911464288830757 0
1570355089687 0.0333842858672142 0
1570355091494 0.03028557077050209 0
1570355093180 0.03112310916185379 0
1570355094819 0.03589329868555069 0
1570355096608 0.031032744795084 0
1570355098345 0.031718261539936066 0
1570355100108 0.03718675673007965 0
1570355101899 0.027109339833259583 0
1570355103653 0.032476820051670074 0
1570355105399 0.040279507637023926 0
1570355107113 0.03175857290625572 0
1570355108868 0.031927477568387985 0
1570355110598 0.038782306015491486 0
1570355112330 0.03151866793632507 0
1570355113929 0.030073359608650208 0
1570355115662 0.029268406331539154 0
1570355117480 0.035546932369470596 0
1570355119232 0.03726980835199356 0
1570355121053 0.03591088950634003 0
1570355122846 0.035881541669368744 0
1570355124580 0.03563738986849785 0
1570355126327 0.0324149951338768 0
1570355128163 0.036156412214040756 0
1570355129902 0.03818739950656891 0
1570355131717 0.032137058675289154 0
1570355133464 0.03380913287401199 0
1570355135209 0.0325762964785099 0
1570355137019 0.030384700745344162 0
1570355138766 0.030298134312033653 0
1570355140500 0.03628547489643097 0
1570355142224 0.03330589085817337 0
1570355143994 0.036618851125240326 0
1570355145711 0.044138602912425995 0
1570355147478 0.039078615605831146 0
1570355149231 0.030584853142499924 0
1570355150984 0.03158421814441681 0
1570355152709 0.0357750803232193 0
1570355154434 0.037301644682884216 0
1570355156248 0.03124716877937317 0
1570355158029 0.026574760675430298 0
1570355159780 0.033819302916526794 0
1570355161479 0.026456350460648537 0
1570355163203 0.03658360242843628 0
1570355164963 0.042269814759492874 0
1570355166702 0.04057382792234421 0
1570355168445 0.03793351352214813 0
1570355170217 0.03132608160376549 0
1570355172045 0.045827001333236694 0
1570355173775 0.02820112183690071 0
1570355175521 0.029849043115973473 0
1570355177289 0.03447959944605827 0
1570355179098 0.027189049869775772 0
1570355180911 0.0308084636926651 0
1570355182644 0.0358884371817112 0
1570355184466 0.038093201816082 0
1570355186260 0.042268674820661545 0
1570355187984 0.030610907822847366 0
1570355189762 0.02649371325969696 0
1570355191505 0.03354693949222565 0
1570355193292 0.0335414819419384 0
1570355195024 0.030394170433282852 0
1570355196784 0.029704224318265915 0
1570355198585 0.031860701739788055 0
1570355200437 0.03308579698204994 0
1570355202184 0.031809400767087936 0
1570355203871 0.03373897820711136 0
1570355205579 0.030733902007341385 0
1570355207339 0.03130725398659706 0
1570355209137 0.03869666904211044 0
1570355210887 0.028662430122494698 0
1570355212706 0.027902647852897644 0
1570355214537 0.024920912459492683 0
1570355216316 0.025726228952407837 0
1570355218156 0.027960091829299927 0
1570355219859 0.03303168714046478 0
1570355221616 0.02673851139843464 0
1570355223386 0.03698455169796944 0
1570355225097 0.035514093935489655 0
1570355226772 0.03268708288669586 0
1570355228563 0.03286503255367279 0
1570355230242 0.02748861163854599 0
1570355231960 0.03289608657360077 0
1570355233770 0.029475905001163483 0
1570355235652 0.035341814160346985 0
1570355237452 0.034136347472667694 0
1570355239209 0.03857173025608063 0
1570355240996 0.034778155386447906 0
1570355242798 0.03333988040685654 0
1570355244624 0.035420916974544525 0
1570355246382 0.02761158160865307 0
1570355248210 0.03063366748392582 0
1570355249987 0.03934518247842789 0
1570355251803 0.031467895954847336 0
1570355253557 0.03101073019206524 0
1570355255434 0.03578316420316696 0
1570355257221 0.034196674823760986 0
1570355259100 0.03204847127199173 0
1570355260752 0.0309976264834404 0
1570355262548 0.036121267825365067 0
1570355264389 0.029370054602622986 0
1570355266148 0.037221767008304596 0
1570355267914 0.031724005937576294 0
1570355269693 0.035645805299282074 0
1570355271443 0.034585725516080856 0
1570355273134 0.030364463105797768 0
1570355274856 0.02923765406012535 0
1570355276645 0.03197852522134781 0
1570355278436 0.042988963425159454 0
1570355280236 0.02950957417488098 0
1570355282077 0.02923768199980259 0
1570355283924 0.03499302268028259 0
1570355285788 0.03783683478832245 0
1570355287567 0.031082412227988243 0
1570355289343 0.035588253289461136 0
1570355291161 0.029320262372493744 0
1570355292975 0.024286050349473953 0
1570355294827 0.03696020692586899 0
1570355296614 0.03804350644350052 0
1570355298429 0.028802745044231415 0
1570355300133 0.03459887206554413 0
1570355301912 0.03638371825218201 0
1570355303638 0.03397700935602188 0
1570355305466 0.04698590189218521 0
1570355307216 0.03441682457923889 0
1570355308894 0.038560863584280014 0
1570355310587 0.029274150729179382 0
1570355312367 0.04020632803440094 0
1570355314226 0.031199943274259567 0
1570355316006 0.04215826839208603 0
1570355317828 0.029692888259887695 0
1570355319536 0.03504469618201256 0
1570355321249 0.03277008235454559 0
1570355322964 0.03449021279811859 0
1570355324653 0.02612679824233055 0
1570355326374 0.027341283857822418 0
1570355328084 0.02992776595056057 0
1570355329846 0.03390564024448395 0
1570355331641 0.027177434414625168 0
1570355333406 0.02878105640411377 0
1570355335199 0.03326740488409996 0
1570355337038 0.03325286880135536 0
1570355338827 0.027860555797815323 0
1570355340608 0.034440480172634125 0
1570355342366 0.030261602252721786 0
1570355344201 0.03197793662548065 0
1570355345961 0.03221018612384796 0
1570355347759 0.028343012556433678 0
1570355349573 0.03188509866595268 0
1570355351395 0.035848453640937805 0
1570355353191 0.025830507278442383 0
1570355354970 0.02622140757739544 0
1570355356800 0.024141866713762283 0
1570355358706 0.029008379206061363 0
1570355360347 0.0306168794631958 0
1570355362177 0.030743680894374847 0
1570355363926 0.02839011698961258 0
1570355365714 0.02942626178264618 0
1570355367568 0.027418628334999084 0
1570355369314 0.027331504970788956 0
1570355371113 0.03754737600684166 0
1570355372918 0.026306722313165665 0
1570355374692 0.03275566175580025 0
1570355376501 0.027235660701990128 0
1570355378408 0.035590022802352905 0
1570355380173 0.03061959147453308 0
1570355381976 0.03037376143038273 0
1570355383766 0.032185789197683334 0
1570355385579 0.029670875519514084 0
1570355387392 0.035706326365470886 0
1570355389167 0.026002489030361176 0
1570355390982 0.029622413218021393 0
1570355392810 0.028868433088064194 0
1570355394580 0.029925592243671417 0
1570355396383 0.02943313866853714 0
1570355398157 0.028486818075180054 0
1570355400031 0.02686348743736744 0
1570355401802 0.030409976840019226 0
1570355403594 0.027630675584077835 0
1570355405403 0.037294648587703705 0
1570355407197 0.028130855411291122 0
1570355409037 0.02924584224820137 0
1570355410820 0.02855580300092697 0
1570355412589 0.027130143716931343 0
1570355414342 0.024598537012934685 0
1570355416226 0.0318654328584671 0
1570355418059 0.02692854031920433 0
1570355419853 0.03019271418452263 0
1570355421659 0.024816259741783142 0
1570355423457 0.028432238847017288 0
1570355425256 0.03170857951045036 0
1570355427043 0.029855936765670776 0
1570355428828 0.02604740858078003 0
1570355430620 0.033678360283374786 0
1570355432427 0.029035218060016632 0
1570355434266 0.030951062217354774 0
1570355436055 0.02992560714483261 0
1570355437848 0.031232153996825218 0
1570355439639 0.02638344280421734 0
1570355441528 0.02530348300933838 0
1570355443349 0.03134295344352722 0
1570355445124 0.03254501149058342 0
1570355446894 0.02948937565088272 0
1570355448754 0.03488531708717346 0
1570355450503 0.02768212929368019 0
1570355452224 0.02549307979643345 0
1570355454027 0.03198279067873955 0
1570355455822 0.027269836515188217 0
1570355457670 0.029265668243169785 0
1570355459509 0.040537357330322266 0
1570355461313 0.034980710595846176 0
1570355463166 0.027216877788305283 0
1570355464984 0.028268614783883095 0
1570355466812 0.028250157833099365 0
1570355468653 0.027287200093269348 0
1570355470471 0.02379794791340828 0
1570355472324 0.027788415551185608 0
1570355474155 0.031300175935029984 0
1570355475947 0.034664832055568695 0
1570355477763 0.02999374456703663 0
1570355479639 0.025339443236589432 0
1570355481293 0.030357055366039276 0
1570355482969 0.03428393974900246 0
1570355484829 0.032975178211927414 0
1570355486594 0.030176755040884018 0
1570355488427 0.029117533937096596 0
1570355490230 0.037047866731882095 0
1570355491952 0.029890388250350952 0
1570355493781 0.025100644677877426 0
1570355495489 0.03529944643378258 0
1570355497256 0.030213696882128716 0
1570355498991 0.025228450074791908 0
1570355500749 0.03126335144042969 0
1570355502535 0.0260213240981102 0
1570355504329 0.030069975182414055 0
1570355506212 0.02559356391429901 0
1570355508026 0.025407081469893456 0
1570355509744 0.030032319948077202 0
1570355511615 0.03147215396165848 0
1570355513488 0.027197152376174927 0
1570355515372 0.02953236922621727 0
1570355517251 0.02475786954164505 0
1570355519091 0.026434138417243958 0
1570355520948 0.032024458050727844 0
1570355522819 0.02876969426870346 0
1570355524669 0.02874520793557167 0
1570355526483 0.02902820147573948 0
1570355528345 0.025631994009017944 0
1570355530227 0.031987499445676804 0
1570355532084 0.03728652000427246 0
1570355533913 0.02484353817999363 0
1570355535761 0.02539944276213646 0
1570355537651 0.030109189450740814 0
1570355539526 0.03140798956155777 0
1570355541304 0.02945413440465927 0
1570355543017 0.0341218039393425 0
1570355544914 0.030597809702157974 0
1570355546752 0.030492011457681656 0
1570355548597 0.03207731246948242 0
1570355550429 0.030815327540040016 0
1570355552214 0.028155844658613205 0
1570355554044 0.030139373615384102 0
1570355555899 0.025517629459500313 0
1570355557735 0.026757795363664627 0
1570355559561 0.028252866119146347 0
1570355561389 0.030541086569428444 0
1570355563321 0.027499038726091385 0
1570355565179 0.02862999029457569 0
1570355567016 0.029031330719590187 0
1570355568845 0.02939707785844803 0
1570355570694 0.031162777915596962 0
1570355572671 0.029505178332328796 0
1570355574496 0.025252755731344223 0
1570355576352 0.02937217615544796 0
1570355578180 0.02981816977262497 0
1570355580007 0.031057458370923996 0
1570355581881 0.03405905142426491 0
1570355583702 0.025850463658571243 0
1570355585512 0.03664412349462509 0
1570355587377 0.03054160252213478 0
1570355589244 0.03134471923112869 0
1570355591107 0.025770626962184906 0
1570355593002 0.03050174191594124 0
1570355594844 0.03044314868748188 0
1570355596756 0.027111586183309555 0
1570355598599 0.02725202962756157 0
1570355600462 0.03768254816532135 0
1570355602318 0.029535211622714996 0
1570355604161 0.032832711935043335 0
1570355606024 0.03871507942676544 0
1570355607869 0.03334525600075722 0
1570355609686 0.030032126232981682 0
1570355611551 0.029745062813162804 0
1570355613433 0.03181041032075882 0
1570355615221 0.02746748924255371 0
1570355617052 0.027145348489284515 0
1570355618980 0.029774259775877 0
1570355620886 0.029647910967469215 0
1570355622768 0.02768084779381752 0
1570355624579 0.027430113404989243 0
1570355626421 0.03144916892051697 0
1570355628258 0.030873775482177734 0
1570355630088 0.03097980096936226 0
1570355631925 0.03056618571281433 0
1570355633791 0.02609524503350258 0
1570355635613 0.025968031957745552 0
1570355637506 0.029772372916340828 0
1570355639408 0.03099260851740837 0
1570355641281 0.0341733917593956 0
1570355643180 0.02586646005511284 0
1570355645006 0.02877485379576683 0
1570355646838 0.02624613791704178 0
1570355648628 0.03274935483932495 0
1570355650460 0.03819055110216141 0
1570355652176 0.02867901138961315 0
1570355654007 0.025654083117842674 0
1570355655907 0.029942872002720833 0
1570355657741 0.030892852693796158 0
1570355659591 0.027016397565603256 0
1570355661538 0.023221122100949287 0
1570355663467 0.03210701048374176 0
1570355665205 0.02465236932039261 0
1570355667057 0.027726612985134125 0
1570355668887 0.03015686571598053 0
1570355670805 0.03840787708759308 0
1570355672619 0.03125908970832825 0
1570355674387 0.026861364021897316 0
1570355676207 0.02957279607653618 0
1570355678126 0.027680808678269386 0
1570355680083 0.03084825724363327 0
1570355681915 0.028224600479006767 0
1570355683761 0.029204435646533966 0
1570355685601 0.026038704439997673 0
1570355687410 0.03215104341506958 0
1570355689230 0.02363710105419159 0
1570355691053 0.0326240099966526 0
1570355692893 0.031301550567150116 0
1570355694655 0.02894717827439308 0
1570355696448 0.022818349301815033 0
1570355698173 0.03333694860339165 0
1570355700057 0.026833225041627884 0
1570355701891 0.029376056045293808 0
1570355703670 0.030259521678090096 0
1570355705419 0.031865160912275314 0
1570355707371 0.03164412081241608 0
1570355709236 0.03417474776506424 0
1570355711121 0.025887437164783478 0
1570355712975 0.03347555547952652 0
1570355714712 0.03353496640920639 0
1570355716555 0.032640762627124786 0
1570355718385 0.02662275731563568 0
1570355720216 0.030016817152500153 0
1570355722090 0.038558170199394226 0
1570355723940 0.026196613907814026 0
1570355725767 0.03290779888629913 0
1570355727567 0.019290747120976448 0
1570355729600 0.03110862523317337 0
1570355731412 0.029645385220646858 0
1570355733182 0.028542261570692062 0
1570355735004 0.029038693755865097 0
1570355736739 0.03011096455156803 0
1570355738607 0.027098771184682846 0
1570355740428 0.037681810557842255 0
1570355742227 0.02712547406554222 0
1570355744143 0.03230360150337219 0
1570355745972 0.0385221503674984 0
1570355747830 0.02519432082772255 0
1570355749615 0.02724286913871765 0
1570355751501 0.029983554035425186 0
1570355753367 0.028433214873075485 0
1570355755233 0.026694491505622864 0
1570355757099 0.03028407320380211 0
1570355758971 0.025633450597524643 0
1570355760815 0.027705326676368713 0
1570355762727 0.02475820481777191 0
1570355764577 0.03087867796421051 0
1570355766465 0.023529209196567535 0
1570355768328 0.03294079005718231 0
1570355770202 0.025942184031009674 0
1570355772104 0.029199454933404922 0
1570355773980 0.02622276172041893 0
1570355775734 0.02700558863580227 0
1570355777455 0.02813558466732502 0
1570355779277 0.03451670706272125 0
1570355781126 0.02720017358660698 0
1570355782939 0.027727115899324417 0
1570355784795 0.03142683953046799 0
1570355786462 0.027761798352003098 0
1570355788158 0.031334925442934036 0
1570355789862 0.0293145552277565 0
1570355791662 0.024652604013681412 0
1570355793491 0.028509052470326424 0
1570355795365 0.026793546974658966 0
1570355797217 0.028936032205820084 0
1570355799094 0.026589423418045044 0
1570355800957 0.02624467760324478 0
1570355802843 0.03247321769595146 0
1570355804708 0.030558839440345764 0
1570355806542 0.026604171842336655 0
1570355808325 0.026069149374961853 0
1570355810284 0.02668648399412632 0
1570355812189 0.023172758519649506 0
1570355814017 0.026277534663677216 0
1570355815893 0.029032349586486816 0
1570355817825 0.029855359345674515 0
1570355819662 0.024708230048418045 0
1570355821523 0.02856089174747467 0
1570355823347 0.02871190756559372 0
1570355825236 0.02935037761926651 0
1570355827149 0.02370326966047287 0
1570355828987 0.033133476972579956 0
1570355830833 0.029570434242486954 0
1570355832695 0.029373399913311005 0
1570355834534 0.02743798866868019 0
1570355836401 0.03198867291212082 0
1570355838236 0.030912885442376137 0
1570355840171 0.03597664088010788 0
1570355842056 0.034209489822387695 0
1570355843913 0.03434058278799057 0
1570355845788 0.030771777033805847 0
1570355847690 0.03125596046447754 0
1570355849608 0.025048691779375076 0
1570355851497 0.024061979725956917 0
1570355853347 0.033639222383499146 0
1570355855272 0.024555753916502 0
1570355857248 0.02753881923854351 0
1570355859028 0.027819756418466568 0
1570355860903 0.027253903448581696 0
1570355862802 0.029868267476558685 0
1570355864638 0.031429655849933624 0
1570355866489 0.028052721172571182 0
1570355868353 0.02829122357070446 0
1570355870158 0.0272010937333107 0
1570355872062 0.02834739163517952 0
1570355873903 0.0321822315454483 0
1570355875766 0.028446733951568604 0
1570355877631 0.02817002311348915 0
1570355879464 0.03354713320732117 0
1570355881324 0.0332317054271698 0
1570355883175 0.029763348400592804 0
1570355885036 0.028815625235438347 0
1570355886901 0.03153999149799347 0
1570355888756 0.025561336427927017 0
1570355890627 0.026269597932696342 0
1570355892412 0.02787342667579651 0
1570355894338 0.02755778282880783 0
1570355896111 0.027922790497541428 0
1570355897925 0.024382952600717545 0
1570355899803 0.02541046217083931 0
1570355901733 0.02565721794962883 0
1570355903642 0.028742656111717224 0
1570355905530 0.02747676707804203 0
1570355907496 0.0274126585572958 0
1570355909382 0.030025072395801544 0
1570355911242 0.03690698370337486 0
1570355913120 0.03053617849946022 0
1570355915027 0.0239422507584095 0
1570355916746 0.028787052258849144 0
1570355918615 0.024020198732614517 0
1570355920501 0.027143359184265137 0
1570355922252 0.027965150773525238 0
1570355924100 0.03858611732721329 0
1570355925979 0.02616932988166809 0
1570355927808 0.031663812696933746 0
1570355929640 0.02227783203125 0
1570355931492 0.035988353192806244 0
1570355933375 0.025197084993124008 0
1570355935239 0.0334673747420311 0
1570355937108 0.028867706656455994 0
1570355938935 0.02904401905834675 0
1570355940793 0.025465093553066254 0
1570355942645 0.02639837935566902 0
1570355944497 0.024990685284137726 0
1570355946336 0.034911006689071655 0
1570355948232 0.026665329933166504 0
1570355950125 0.02767147310078144 0
1570355952114 0.029217876493930817 0
1570355954041 0.030068818479776382 0
1570355955922 0.023413676768541336 0
1570355957817 0.026436947286128998 0
1570355959798 0.02859049290418625 0
1570355961744 0.024125946685671806 0
1570355963610 0.026238705962896347 0
1570355965501 0.029438219964504242 0
1570355967504 0.02600238472223282 0
1570355969464 0.03180550038814545 0
1570355971399 0.026396241039037704 0
1570355973397 0.027095377445220947 0
1570355975377 0.029786817729473114 0
1570355977260 0.022993218153715134 0
1570355979204 0.02274371311068535 0
1570355981114 0.033730510622262955 0
1570355983038 0.026910021901130676 0
1570355984920 0.03365267068147659 0
1570355986834 0.027376297861337662 0
1570355988728 0.022763025015592575 0
1570355990635 0.02956032007932663 0
1570355992576 0.022267721593379974 0
1570355994442 0.03171893581748009 0
1570355996328 0.023951249197125435 0
1570355998270 0.021659407764673233 0
1570356000225 0.021187104284763336 0
1570356002121 0.02526167593896389 0
1570356004028 0.029681751504540443 0
1570356005978 0.02307693287730217 0
1570356007900 0.021262964233756065 0
1570356009813 0.023079410195350647 0
1570356011711 0.03543331101536751 0
1570356013688 0.02297297865152359 0
1570356015632 0.029629891738295555 0
1570356017489 0.02772638201713562 0
1570356019380 0.0275467187166214 0
1570356021379 0.022423971444368362 0
1570356023321 0.02520422823727131 0
1570356025237 0.02994592674076557 0
1570356027143 0.028556592762470245 0
1570356029127 0.023488709703087807 0
1570356031074 0.028357364237308502 0
1570356032980 0.027587583288550377 0
1570356034875 0.02339007891714573 0
1570356036843 0.029785480350255966 0
1570356038784 0.03325396776199341 0
1570356040735 0.02890845388174057 0
1570356042563 0.02597438544034958 0
1570356044374 0.02443227916955948 0
1570356046339 0.024675600230693817 0
1570356048232 0.027224387973546982 0
1570356050150 0.03055623732507229 0
1570356052138 0.024340376257896423 0
1570356054120 0.026610875502228737 0
1570356056021 0.022538822144269943 0
1570356057948 0.022241029888391495 0
1570356059940 0.02469487115740776 0
1570356061879 0.02772335335612297 0
1570356063789 0.02493910863995552 0
1570356065823 0.02693735994398594 0
1570356067712 0.028142660856246948 0
1570356069592 0.027572834864258766 0
1570356071470 0.02937529981136322 0
1570356073361 0.02489272691309452 0
1570356075230 0.03190496563911438 0
1570356077117 0.0272817425429821 0
1570356079078 0.041427068412303925 0
1570356081036 0.027628272771835327 0
1570356082820 0.02142304927110672 0
1570356084717 0.02945980429649353 0
1570356086679 0.029624804854393005 0
1570356088596 0.03165387362241745 0
1570356090555 0.028211113065481186 0
1570356092499 0.02652476727962494 0
1570356094417 0.022770367562770844 0
1570356096330 0.026834141463041306 0
1570356098241 0.025508716702461243 0
1570356100269 0.02068302035331726 0
1570356102184 0.033557623624801636 0
1570356104115 0.02878187596797943 0
1570356106090 0.027698593214154243 0
1570356108071 0.02549368143081665 0
1570356110012 0.025062397122383118 0
1570356111930 0.025093428790569305 0
1570356113854 0.028385531157255173 0
1570356115751 0.02835731953382492 0
1570356117561 0.026717254891991615 0
1570356119458 0.0237720999866724 0
1570356121395 0.025384634733200073 0
1570356123240 0.026902293786406517 0
1570356125082 0.02508959174156189 0
1570356126923 0.02537941187620163 0
1570356128872 0.02890676259994507 0
1570356130858 0.02560962550342083 0
1570356132843 0.028534986078739166 0
1570356134843 0.027171865105628967 0
1570356136735 0.02619023248553276 0
1570356138659 0.02963518723845482 0
1570356140599 0.02800879254937172 0
1570356142501 0.023341473191976547 0
1570356144444 0.023279886692762375 0
1570356146384 0.025937959551811218 0
1570356148296 0.024027185514569283 0
1570356150210 0.024385012686252594 0
1570356152219 0.02049248106777668 0
1570356154176 0.03695385158061981 0
1570356156104 0.028128065168857574 0
1570356158039 0.02753230184316635 0
1570356160132 0.024995580315589905 0
1570356162066 0.028426025062799454 0
1570356164033 0.024969711899757385 0
1570356166016 0.03126769885420799 0
1570356167958 0.023459548130631447 0
1570356169949 0.02809983491897583 0
1570356171913 0.028192197903990746 0
1570356173853 0.024599729105830193 0
1570356175784 0.023673230782151222 0
1570356177726 0.026940323412418365 0
1570356179709 0.027220983058214188 0
1570356181716 0.02620852179825306 0
1570356183711 0.03243739902973175 0
1570356185578 0.023179011419415474 0
1570356187455 0.026385461911559105 0
1570356189365 0.02928796038031578 0
1570356191332 0.025167420506477356 0
1570356193338 0.025487525388598442 0
1570356195264 0.029945164918899536 0
1570356197290 0.023260269314050674 0
1570356199256 0.024050181731581688 0
1570356201204 0.023390531539916992 0
1570356203146 0.026314344257116318 0
1570356205074 0.02458192966878414 0
1570356207113 0.02401125617325306 0
1570356209023 0.02622602880001068 0
1570356210956 0.028362581506371498 0
1570356212898 0.024429485201835632 0
1570356214876 0.03451176732778549 0
1570356216981 0.026565490290522575 0
1570356218999 0.0279768705368042 0
1570356220935 0.025955883786082268 0
1570356222937 0.02559644728899002 0
1570356224894 0.028342388570308685 0
1570356226847 0.028826020658016205 0
1570356228776 0.02645590715110302 0
1570356230757 0.027292678132653236 0
1570356232699 0.026338987052440643 0
1570356234702 0.03045792505145073 0
1570356236723 0.028244048357009888 0
1570356238621 0.026380013674497604 0
1570356240600 0.029497768729925156 0
1570356242523 0.031028226017951965 0
1570356244547 0.02383239194750786 0
1570356246596 0.022347331047058105 0
1570356248574 0.0309344120323658 0
1570356250543 0.027803722769021988 0
1570356252346 0.0336448960006237 0
1570356254252 0.02858894132077694 0
1570356256183 0.02574470080435276 0
1570356258133 0.021727722138166428 0
1570356260123 0.027243373915553093 0
1570356262102 0.020760364830493927 0
1570356264059 0.026470717042684555 0
1570356266039 0.024949004873633385 0
1570356267994 0.025154460221529007 0
1570356270107 0.02443457953631878 0
1570356272038 0.0262585561722517 0
1570356273979 0.023736342787742615 0
1570356275908 0.02402213215827942 0
1570356277996 0.028960777446627617 0
1570356280040 0.03176472708582878 0
1570356281993 0.03192185238003731 0
1570356283954 0.023715825751423836 0
1570356285973 0.02809733711183071 0
1570356287955 0.02206229418516159 0
1570356289897 0.025561045855283737 0
1570356291903 0.03140319138765335 0
1570356293900 0.026790814474225044 0
1570356295898 0.028039919212460518 0
1570356297863 0.026689987629652023 0
1570356299755 0.026333151385188103 0
1570356301642 0.028207290917634964 0
1570356303566 0.027624018490314484 0
1570356305490 0.023976437747478485 0
1570356307420 0.024530788883566856 0
1570356309342 0.025854559615254402 0
1570356311292 0.02823771722614765 0
1570356313334 0.024770500138401985 0
1570356315296 0.02366187795996666 0
1570356317292 0.026878932490944862 0
1570356319290 0.027538379654288292 0
1570356321306 0.021671433001756668 0
1570356323250 0.028406305238604546 0
1570356325208 0.021001048386096954 0
1570356327151 0.029773052781820297 0
1570356329050 0.031008973717689514 0
1570356330953 0.02450472116470337 0
1570356332856 0.029564425349235535 0
1570356334849 0.028065115213394165 0
1570356336771 0.0255596861243248 0
1570356338715 0.02354978397488594 0
1570356340733 0.029043711721897125 0
1570356342683 0.0263864416629076 0
1570356344591 0.023589113727211952 0
1570356346520 0.026069829240441322 0
1570356348484 0.03615511581301689 0
1570356350524 0.02706451341509819 0
1570356352460 0.02568284422159195 0
1570356354465 0.025242438539862633 0
1570356356411 0.02271227166056633 0
1570356358356 0.033936068415641785 0
1570356360249 0.025745423510670662 0
1570356362176 0.02347840927541256 0
1570356364144 0.023144612088799477 0
1570356366048 0.03175652027130127 0
1570356367965 0.020154129713773727 0
1570356369875 0.02840413525700569 0
1570356371861 0.02683641016483307 0
1570356373779 0.024428199976682663 0
1570356375727 0.023401834070682526 0
1570356377631 0.024801775813102722 0
1570356379569 0.02399229258298874 0
1570356381585 0.02386673353612423 0
1570356383532 0.029322052374482155 0
1570356385461 0.02734457515180111 0
1570356387483 0.024290837347507477 0
1570356389464 0.02807469852268696 0
1570356391379 0.022877195850014687 0
1570356393307 0.020713485777378082 0
1570356395263 0.02915511094033718 0
1570356397246 0.025029171258211136 0
1570356399253 0.029752228409051895 0
1570356401158 0.023562487214803696 0
1570356403163 0.030549921095371246 0
1570356405090 0.029068302363157272 0
1570356407015 0.020163677632808685 0
1570356408940 0.02429497055709362 0
1570356411045 0.03208305686712265 0
1570356412961 0.033285558223724365 0
1570356414980 0.027669250965118408 0
1570356416993 0.02186882682144642 0
1570356419047 0.025248650461435318 0
1570356421019 0.024605151265859604 0
1570356423071 0.02848149463534355 0
1570356425030 0.03203563392162323 0
1570356426997 0.02493157982826233 0
1570356428894 0.027774248272180557 0
1570356430720 0.027186430990695953 0
1570356432687 0.02690521627664566 0
1570356434726 0.022744085639715195 0
1570356436659 0.026349015533924103 0
1570356438486 0.020600492134690285 0
1570356440346 0.021458204835653305 0
1570356442325 0.02447754517197609 0
1570356444152 0.026066750288009644 0
1570356446054 0.02398667484521866 0
1570356447957 0.021549178287386894 0
1570356449944 0.024287400767207146 0
1570356451938 0.025414448231458664 0
1570356453943 0.021458808332681656 0
1570356455919 0.025461485609412193 0
1570356457912 0.02804102748632431 0
1570356459900 0.020953629165887833 0
1570356461894 0.026973076164722443 0
1570356463844 0.023755749687552452 0
1570356465834 0.03158949315547943 0
1570356467738 0.023537587374448776 0
1570356469718 0.02388741821050644 0
1570356471757 0.023870084434747696 0
1570356473738 0.018656020984053612 0
1570356475716 0.023801185190677643 0
1570356477703 0.02338075451552868 0
1570356479687 0.025094039738178253 0
1570356481654 0.02870866283774376 0
1570356483688 0.028447920456528664 0
1570356485665 0.027179302647709846 0
1570356487736 0.024766715243458748 0
1570356489812 0.02814464643597603 0
1570356491791 0.02601969614624977 0
1570356493792 0.026028212159872055 0
1570356495877 0.025556514039635658 0
1570356497866 0.022605163976550102 0
1570356499856 0.021959813311696053 0
1570356501779 0.025863733142614365 0
1570356503804 0.024625815451145172 0
1570356505777 0.01967758499085903 0
1570356507783 0.026316093280911446 0
1570356509875 0.03396662697196007 0
1570356511935 0.02572498843073845 0
1570356513865 0.019757399335503578 0
1570356515759 0.027475351467728615 0
1570356517628 0.02559100091457367 0
1570356519642 0.0217030830681324 0
1570356521636 0.02330612577497959 0
1570356523592 0.026333190500736237 0
1570356525569 0.024643216282129288 0
1570356527528 0.026512065902352333 0
1570356529500 0.02139899879693985 0
1570356531470 0.024455953389406204 0
1570356533521 0.02188709005713463 0
1570356535483 0.021183470264077187 0
1570356537469 0.0240672267973423 0
1570356539450 0.024035967886447906 0
1570356541437 0.02885916829109192 0
1570356543444 0.02617678791284561 0
1570356545421 0.026401981711387634 0
1570356547388 0.03420276194810867 0
