1570352979921 0.6848633289337158 0
1570352985724 0.5419040322303772 0
1570352989452 0.5254068970680237 0
1570352990704 0.5693167448043823 0
1570352996813 0.4096468985080719 0
1570352999176 0.46994858980178833 0
1570353001627 0.7121304273605347 0
1570353003931 0.6278258562088013 0
1570353007830 0.7390503883361816 0
1570353009133 0.5972919464111328 0
1570353010466 0.5891008377075195 0
1570353012031 0.6144241690635681 0
1570353014365 0.46246328949928284 0
1570353016661 0.3766142427921295 0
1570353018673 0.37471526861190796 0
1570353020666 0.3896564245223999 0
1570353022611 0.684356689453125 0
1570353024647 0.6142386794090271 0
1570353026828 0.44104647636413574 0
1570353029840 0.6247053146362305 0
1570353033657 0.5266781449317932 0
1570353035101 0.5151846408843994 0
1570353037235 0.48966193199157715 0
1570353039798 0.49151480197906494 0
1570353041047 0.44148892164230347 0
1570353042332 0.5016320943832397 0
1570353043978 0.5405393242835999 0
1570353045966 0.4860619902610779 0
1570353047940 0.5219188928604126 0
1570353049612 0.5809102654457092 0
1570353051278 0.4920293688774109 0
1570353053732 0.5015115737915039 0
1570353055339 0.46451592445373535 0
1570353057187 0.47471290826797485 0
1570353058804 0.5712484121322632 0
1570353061164 0.5656061172485352 0
1570353062548 0.5984562635421753 0
1570353064510 0.32534897327423096 0
1570353067198 0.6122774481773376 0
1570353068927 0.38596275448799133 0
1570353070491 0.4579465389251709 0
1570353072706 0.5516566038131714 0
1570353074339 0.6554552316665649 0
1570353075767 0.4714806079864502 0
1570353077275 0.4979647397994995 0
1570353079079 0.39877620339393616 0
1570353080678 0.506966233253479 0
1570353082221 0.4845890402793884 0
1570353083834 0.6174956560134888 0
1570353085664 0.5341402888298035 0
1570353086884 0.5871232748031616 0
1570353088685 0.4042819142341614 0
1570353090174 0.5372889041900635 0
1570353092221 0.4464346170425415 0
1570353093528 0.5004847645759583 0
1570353094795 0.63753741979599 0
1570353095994 0.48764199018478394 0
1570353097829 0.4427100121974945 0
1570353099548 0.5028040409088135 0
1570353100943 0.4259472191333771 0
1570353102473 0.5760128498077393 0
1570353104818 0.4898532032966614 0
1570353106878 0.5540443062782288 0
1570353108536 0.4844053387641907 0
1570353110074 0.5487192869186401 0
1570353111285 0.3921423554420471 0
1570353112533 0.5448145866394043 0
1570353114203 0.4963916540145874 0
1570353115457 0.5455765128135681 0
1570353116776 0.5697508454322815 0
1570353118711 0.42654070258140564 0
1570353119934 0.5619043111801147 0
1570353121210 0.5505554676055908 0
1570353122626 0.6402279138565063 0
1570353124333 0.6440093517303467 0
1570353125608 0.4588659405708313 0
1570353126867 0.4790275990962982 0
1570353128236 0.4967573583126068 0
1570353129793 0.3879455327987671 0
1570353131349 0.38947123289108276 0
1570353132690 0.50040203332901 0
1570353133988 0.5601909160614014 0
1570353135368 0.5310081243515015 0
1570353137379 0.6327825784683228 0
1570353138623 0.4629155993461609 0
1570353139859 0.41207775473594666 0
1570353141188 0.4478304386138916 0
1570353142454 0.5410419702529907 0
1570353144367 0.3947423994541168 0
1570353145869 0.5140228271484375 0
1570353147333 0.4032944440841675 0
1570353149113 0.40499886870384216 0
1570353150481 0.5596436858177185 0
1570353151710 0.4775770306587219 0
1570353153243 0.42435774207115173 0
1570353154498 0.4452185332775116 0
1570353155774 0.4908539652824402 0
1570353157061 0.4658091068267822 0
1570353158355 0.5638149380683899 0
1570353159978 0.5155177116394043 0
1570353161350 0.43714606761932373 0
1570353162619 0.5176166296005249 0
1570353163835 0.32320672273635864 0
1570353165063 0.4377017915248871 0
1570353166326 0.3415869474411011 0
1570353167704 0.4462682902812958 0
1570353169011 0.49329888820648193 0
1570353170341 0.4524605870246887 0
1570353171610 0.5326521992683411 0
1570353172943 0.34685564041137695 0
1570353174206 0.4621364176273346 0
1570353175437 0.36281490325927734 0
1570353176722 0.44797542691230774 0
1570353177986 0.37245458364486694 0
1570353179324 0.4120182693004608 0
1570353180667 0.3361951410770416 0
1570353181978 0.46445369720458984 0
1570353183305 0.5185962915420532 0
1570353184594 0.4703965187072754 0
1570353185854 0.4674117863178253 0
1570353187082 0.336313933134079 0
1570353188279 0.5307401418685913 0
1570353189526 0.49186158180236816 0
1570353190700 0.446176141500473 0
1570353192014 0.5501254200935364 0
1570353193276 0.4760831594467163 0
1570353194559 0.40053319931030273 0
1570353195879 0.375487357378006 0
1570353197162 0.37797558307647705 0
1570353198480 0.39452409744262695 0
1570353199790 0.35601919889450073 0
1570353201163 0.4346315264701843 0
1570353202410 0.38969942927360535 0
1570353203711 0.43269264698028564 0
1570353205088 0.35289067029953003 0
1570353206381 0.5569097995758057 0
1570353207607 0.43240565061569214 0
1570353208841 0.38465940952301025 0
1570353210149 0.39435333013534546 0
1570353211482 0.5146870017051697 0
1570353212753 0.4434644877910614 0
1570353214159 0.43524861335754395 0
1570353215468 0.30718111991882324 0
1570353216746 0.4100685119628906 0
1570353218066 0.4426761865615845 0
1570353219407 0.42929843068122864 0
1570353220791 0.3928403854370117 0
1570353222105 0.36434948444366455 0
1570353223429 0.4661656618118286 0
1570353224727 0.4410102367401123 0
1570353226045 0.4565123915672302 0
1570353227297 0.4485740661621094 0
1570353228551 0.44337207078933716 0
1570353229812 0.5591212511062622 0
1570353231082 0.490325003862381 0
1570353232385 0.47740253806114197 0
1570353233729 0.4625501036643982 0
1570353235033 0.4783267080783844 0
1570353236512 0.3898446559906006 0
1570353237915 0.4351562559604645 0
1570353239287 0.5773037672042847 0
1570353240666 0.45221346616744995 0
1570353241916 0.41634929180145264 0
1570353243149 0.3412016034126282 0
1570353244422 0.42000117897987366 0
1570353245718 0.3166957497596741 0
1570353247015 0.3375702202320099 0
1570353248332 0.407554566860199 0
1570353249610 0.4174618422985077 0
1570353250914 0.483271062374115 0
1570353252305 0.3438839614391327 0
1570353253651 0.4459688663482666 0
1570353254900 0.3719915449619293 0
1570353256149 0.3331960439682007 0
1570353257457 0.382617324590683 0
1570353258775 0.4017943739891052 0
1570353260159 0.3754330277442932 0
1570353261443 0.35534602403640747 0
1570353262846 0.49570220708847046 0
1570353264128 0.3776361346244812 0
1570353265499 0.3585546314716339 0
1570353266903 0.43596526980400085 0
1570353268339 0.33518922328948975 0
1570353269664 0.4535296559333801 0
1570353270902 0.37149548530578613 0
1570353272316 0.6712440252304077 0
1570353273727 0.37928247451782227 0
1570353275044 0.31304410099983215 0
1570353276317 0.5986623764038086 0
1570353277682 0.3599666655063629 0
1570353279043 0.5145902633666992 0
1570353280398 0.29469209909439087 0
1570353281841 0.3666204810142517 0
1570353283194 0.41244828701019287 0
1570353284491 0.4121173024177551 0
1570353285782 0.3226217031478882 0
1570353287157 0.40343940258026123 0
1570353288520 0.4140101671218872 0
1570353289869 0.4183734655380249 0
1570353291161 0.448202908039093 0
1570353292442 0.2879580855369568 0
1570353293812 0.44074177742004395 0
1570353295077 0.39504027366638184 0
1570353296312 0.35818421840667725 0
1570353297590 0.3496103286743164 0
1570353298883 0.36924636363983154 0
1570353300178 0.35151541233062744 0
1570353301618 0.41326528787612915 0
1570353302993 0.3506774604320526 0
1570353304366 0.3974106013774872 0
1570353305641 0.3937593400478363 0
1570353306939 0.34633922576904297 0
1570353308213 0.4392188489437103 0
1570353309631 0.3694981634616852 0
1570353310987 0.37635505199432373 0
1570353312298 0.5024615526199341 0
1570353313572 0.3317687213420868 0
1570353314953 0.4528356194496155 0
1570353316358 0.4882511496543884 0
1570353317753 0.33743396401405334 0
1570353319233 0.41738396883010864 0
1570353320663 0.4032285511493683 0
1570353322072 0.3035361170768738 0
1570353323436 0.3329637944698334 0
1570353324821 0.36841335892677307 0
1570353326245 0.49024879932403564 0
1570353327607 0.3441855311393738 0
1570353328934 0.41707244515419006 0
1570353330229 0.4913642406463623 0
1570353331493 0.4786547124385834 0
1570353332918 0.45935145020484924 0
1570353334292 0.3798474073410034 0
1570353335589 0.3617774248123169 0
1570353336859 0.3980865180492401 0
1570353338158 0.46724677085876465 0
1570353339541 0.4537982940673828 0
1570353340930 0.37332403659820557 0
1570353342200 0.3039248287677765 0
1570353343490 0.282696008682251 0
1570353344819 0.33410853147506714 0
1570353346195 0.41698482632637024 0
1570353347641 0.4299218952655792 0
1570353349101 0.3767324984073639 0
1570353350510 0.4052545130252838 0
1570353351782 0.48283302783966064 0
1570353353113 0.3748707175254822 0
1570353354428 0.42648422718048096 0
1570353355796 0.36956313252449036 0
1570353357233 0.296008825302124 0
1570353358549 0.35495367646217346 0
1570353359907 0.37691056728363037 0
1570353361325 0.41171324253082275 0
1570353362741 0.35025256872177124 0
1570353364160 0.2611244320869446 0
1570353365610 0.5370911359786987 0
1570353366976 0.36906611919403076 0
1570353368308 0.4798576831817627 0
1570353369798 0.2717023193836212 0
1570353371141 0.33379679918289185 0
1570353372474 0.49193906784057617 0
1570353373942 0.37311699986457825 0
1570353375320 0.41427624225616455 0
1570353376689 0.3815279006958008 0
1570353378002 0.36062347888946533 0
1570353379303 0.3733241558074951 0
1570353380605 0.343425989151001 0
1570353381957 0.3675083816051483 0
1570353383466 0.4147208333015442 0
1570353384858 0.3179662823677063 0
1570353386241 0.3604222536087036 0
1570353387581 0.36439049243927 0
1570353388966 0.33857399225234985 0
1570353390274 0.4010200500488281 0
1570353391625 0.4080539643764496 0
1570353393000 0.33151692152023315 0
1570353394415 0.32033300399780273 0
1570353395788 0.31795164942741394 0
1570353397076 0.42970436811447144 0
1570353398481 0.32816916704177856 0
1570353399770 0.4007002115249634 0
1570353401061 0.23522555828094482 0
1570353402455 0.3233078122138977 0
1570353403717 0.40326011180877686 0
1570353405098 0.42659991979599 0
1570353406513 0.45238569378852844 0
1570353407867 0.44375887513160706 0
1570353409187 0.32994288206100464 0
1570353410517 0.3659760355949402 0
1570353411827 0.4098012447357178 0
1570353413160 0.3468099534511566 0
1570353414540 0.37871843576431274 0
1570353415875 0.4079483151435852 0
1570353417271 0.3222196698188782 0
1570353418576 0.23526766896247864 0
1570353419980 0.4546326994895935 0
1570353421298 0.42921698093414307 0
1570353422606 0.30508193373680115 0
1570353423994 0.45732516050338745 0
1570353425388 0.39182984828948975 0
1570353426765 0.35919424891471863 0
1570353428033 0.3767696022987366 0
1570353429330 0.378750741481781 0
1570353430711 0.3832998275756836 0
1570353432078 0.3460662364959717 0
1570353433363 0.4124658703804016 0
1570353434628 0.3137698173522949 0
1570353435820 0.3250439763069153 0
1570353437111 0.4511122405529022 0
1570353438430 0.2833663821220398 0
1570353439700 0.28000226616859436 0
1570353441052 0.43402570486068726 0
1570353442367 0.3463252782821655 0
1570353443699 0.3353741765022278 0
1570353445028 0.438060998916626 0
1570353446507 0.296345591545105 0
1570353447927 0.36030110716819763 0
1570353449384 0.3676831126213074 0
1570353450737 0.47763872146606445 0
1570353452035 0.37361228466033936 0
1570353453317 0.28692924976348877 0
1570353454586 0.3805539608001709 0
1570353455846 0.35796332359313965 0
1570353457121 0.4173261523246765 0
1570353458474 0.5701813101768494 0
1570353459994 0.31606554985046387 0
1570353461333 0.4509001076221466 0
1570353462631 0.24031201004981995 0
1570353463999 0.46344560384750366 0
1570353465439 0.41811490058898926 0
1570353466882 0.3815460801124573 0
1570353468326 0.37337997555732727 0
1570353469793 0.36899781227111816 0
1570353471277 0.3543168306350708 0
1570353472713 0.35733795166015625 0
1570353474176 0.4585507810115814 0
1570353475622 0.33602267503738403 0
1570353477104 0.528451144695282 0
1570353478561 0.5263271331787109 0
1570353479999 0.4083560109138489 0
1570353481447 0.40783944725990295 0
1570353482963 0.3810322880744934 0
1570353484412 0.2968607544898987 0
1570353485811 0.35919827222824097 0
1570353487281 0.3357979655265808 0
1570353488769 0.3113594055175781 0
1570353490332 0.3986288905143738 0
1570353491885 0.25298556685447693 0
1570353493379 0.3334905505180359 0
1570353494854 0.3505091071128845 0
1570353496213 0.32524052262306213 0
1570353497636 0.47083258628845215 0
1570353498964 0.32154884934425354 0
1570353500326 0.43475428223609924 0
1570353501630 0.36999601125717163 0
1570353503152 0.3306159973144531 0
1570353504691 0.3426177501678467 0
1570353506077 0.4280867278575897 0
1570353507405 0.3856831192970276 0
1570353508741 0.3205214738845825 0
1570353510047 0.4377812147140503 0
1570353511377 0.33549875020980835 0
1570353512762 0.38223862648010254 0
1570353514135 0.4444149136543274 0
1570353515491 0.3199477791786194 0
1570353516811 0.2600465416908264 0
1570353518153 0.32850411534309387 0
1570353519598 0.3024648129940033 0
1570353520996 0.272702693939209 0
1570353522347 0.5084558725357056 0
1570353523744 0.3035758137702942 0
1570353525177 0.4435659945011139 0
1570353526588 0.4028950333595276 0
1570353527968 0.3917626738548279 0
1570353529270 0.4072435796260834 0
1570353530832 0.40157178044319153 0
1570353532302 0.2234431505203247 0
1570353533783 0.28141188621520996 0
1570353535218 0.4062275290489197 0
1570353536658 0.4006301760673523 0
1570353538135 0.40314820408821106 0
1570353539588 0.3878277540206909 0
1570353541071 0.314717561006546 0
1570353542534 0.3980278968811035 0
1570353543885 0.3791343569755554 0
1570353545227 0.33550795912742615 0
1570353546635 0.274259477853775 0
1570353548040 0.3380374014377594 0
1570353549323 0.3753051161766052 0
1570353550727 0.4213985800743103 0
1570353565722 0.3692028522491455 0
1570353567241 0.32218384742736816 0
1570353579768 0.3993147909641266 0
1570353581280 0.4513489603996277 0
1570353582690 0.24847397208213806 0
1570353584091 0.33881300687789917 0
1570353585475 0.4466644525527954 0
1570353617299 0.3654540777206421 0
1570353618750 0.2932010889053345 0
1570353620216 0.5343228578567505 0
1570353621619 0.40397751331329346 0
1570353623087 0.364925742149353 0
1570353624514 0.33301371335983276 0
1570353625948 0.3736281394958496 0
1570353627415 0.43558546900749207 0
1570353628810 0.26424360275268555 0
1570353630289 0.34826505184173584 0
1570353631609 0.5542033910751343 0
1570353651825 0.4194221496582031 0
1570353653239 0.290263295173645 0
1570353654674 0.44709768891334534 0
1570353656069 0.33923718333244324 0
1570353657505 0.3813377618789673 0
1570353658778 0.29449301958084106 0
1570353660033 0.2847279906272888 0
1570353661294 0.3970322608947754 0
1570353662656 0.3632100820541382 0
1570353663958 0.32058843970298767 0
1570353665293 0.32146626710891724 0
1570353666776 0.32327067852020264 0
1570353668169 0.31643450260162354 0
1570353669610 0.39891982078552246 0
1570353671006 0.4793064594268799 0
1570353672438 0.31177791953086853 0
1570353673765 0.3399166464805603 0
1570353675074 0.3522707223892212 0
1570353676436 0.3655465245246887 0
1570353677780 0.47351810336112976 0
1570353679097 0.3924727737903595 0
1570353680530 0.36162805557250977 0
1570353681938 0.2884264588356018 0
1570353683351 0.45769202709198 0
1570353684824 0.25375330448150635 0
1570353686075 0.36753517389297485 0
1570353687367 0.43642839789390564 0
1570353688712 0.3167561888694763 0
1570353690091 0.388637512922287 0
1570353691502 0.4363366365432739 0
1570353692942 0.4290659427642822 0
1570353694382 0.44100645184516907 0
1570353695862 0.29341351985931396 0
1570353697304 0.3405935764312744 0
1570353698727 0.44564610719680786 0
1570353700189 0.3465285003185272 0
1570353701644 0.40050557255744934 0
1570353703074 0.3581355810165405 0
1570353704523 0.37927067279815674 0
1570353705972 0.38348478078842163 0
1570353707501 0.4521041512489319 0
1570353708984 0.35689884424209595 0
1570353710428 0.18096303939819336 0
1570353711866 0.3377240300178528 0
1570353713244 0.2815936207771301 0
1570353714702 0.3752191960811615 0
1570353716155 0.30979639291763306 0
1570353717540 0.3217179775238037 0
1570353718921 0.2580275535583496 0
1570353720310 0.4450388550758362 0
1570353721698 0.4155372977256775 0
1570353723093 0.40905702114105225 0
1570353724448 0.3199520707130432 0
1570353725860 0.33631783723831177 0
1570353727216 0.37731438875198364 0
1570353728540 0.286590576171875 0
1570353729995 0.485307514667511 0
1570353731575 0.3490619659423828 0
1570353733004 0.4223136305809021 0
1570353734385 0.4948291480541229 0
1570353735761 0.3203495740890503 0
1570353737207 0.350628137588501 0
1570353738692 0.22834961116313934 0
1570353740143 0.40560752153396606 0
1570353741600 0.39289331436157227 0
1570353743064 0.34514325857162476 0
1570353744506 0.3746173083782196 0
1570353745946 0.4273308515548706 0
1570353747409 0.3459656834602356 0
1570353748865 0.33730292320251465 0
1570353750362 0.27082204818725586 0
1570353751890 0.42503905296325684 0
1570353753416 0.3192390203475952 0
1570353754919 0.4537453055381775 0
1570353756457 0.25180956721305847 0
1570353757956 0.4642591178417206 0
1570353759346 0.3529357314109802 0
1570353760762 0.3680155277252197 0
1570353762190 0.26931431889533997 0
1570353763618 0.3455522060394287 0
1570353765121 0.42595165967941284 0
1570353766553 0.38702845573425293 0
1570353767892 0.2832641303539276 0
1570353769229 0.3196623623371124 0
1570353770572 0.4185178279876709 0
1570353771964 0.30614763498306274 0
1570353773368 0.3280668258666992 0
1570353774744 0.343770831823349 0
1570353776189 0.31968533992767334 0
1570353777747 0.34416162967681885 0
1570353823162 0.3128601908683777 0
1570353824699 0.3423875868320465 0
1570353826246 0.48689502477645874 0
1570353827810 0.5005767941474915 0
1570353829165 0.2828086018562317 0
1570353830568 0.26683634519577026 0
1570353831915 0.27562564611434937 0
1570353833355 0.3183974623680115 0
1570353834771 0.43917322158813477 0
1570353836156 0.44543465971946716 0
1570353837549 0.3704645037651062 0
1570353839067 0.35634326934814453 0
1570353840540 0.33100616931915283 0
1570353841913 0.518006443977356 0
1570353843325 0.47369176149368286 0
1570353844664 0.3936603367328644 0
1570353846055 0.3406327962875366 0
1570353847466 0.39070215821266174 0
1570353848893 0.32147371768951416 0
1570353850390 0.3415408432483673 0
1570353851973 0.34626486897468567 0
1570353853457 0.3887534737586975 0
1570353854966 0.5176951885223389 0
1570353856483 0.4510664939880371 0
1570353858031 0.3812441825866699 0
1570353859547 0.41775476932525635 0
1570353860991 0.4066232740879059 0
1570353862414 0.3790416121482849 0
1570353863873 0.3921578526496887 0
1570353865335 0.33902478218078613 0
1570353866816 0.38012251257896423 0
1570353868286 0.30993643403053284 0
1570353869807 0.2837015390396118 0
1570353871327 0.3864274024963379 0
1570353872720 0.32633882761001587 0
1570353874287 0.4584639072418213 0
1570353875751 0.2989850342273712 0
1570353877137 0.3125402331352234 0
1570353878524 0.2537291347980499 0
1570353879949 0.4024583697319031 0
1570353881429 0.2874457836151123 0
1570353882793 0.31193163990974426 0
1570353884141 0.2342023402452469 0
1570353885488 0.3562483489513397 0
1570353886862 0.35082846879959106 0
1570353888267 0.3142141103744507 0
1570353889711 0.35432296991348267 0
1570353891305 0.43836164474487305 0
1570353892873 0.20165416598320007 0
1570353894411 0.3458595871925354 0
1570353895944 0.3121640980243683 0
1570353897531 0.4485812783241272 0
1570353899035 0.3658908009529114 0
1570353900521 0.2506583333015442 0
1570353901996 0.24468031525611877 0
1570353903577 0.2462989091873169 0
1570353905082 0.255027711391449 0
1570353906529 0.26432836055755615 0
1570353907870 0.36993175745010376 0
1570353909296 0.2851455509662628 0
1570353910766 0.445473849773407 0
1570353912321 0.3514784574508667 0
1570353913803 0.5331986546516418 0
1570353915281 0.3211575150489807 0
1570353916837 0.40327760577201843 0
1570353918342 0.43877512216567993 0
1570353919784 0.27906256914138794 0
1570353921327 0.3861037492752075 0
1570353922847 0.4076676368713379 0
1570353924237 0.32804495096206665 0
1570353925678 0.43012499809265137 0
1570353927064 0.21704888343811035 0
1570353928565 0.2765691876411438 0
1570353930195 0.41748958826065063 0
1570353931710 0.28613317012786865 0
1570353933257 0.3130534887313843 0
1570353934843 0.26805704832077026 0
1570353936350 0.26029840111732483 0
1570353937795 0.4148966670036316 0
1570353939177 0.2826850414276123 0
1570353940560 0.4342585802078247 0
1570353941984 0.24369649589061737 0
1570353943416 0.3143603503704071 0
1570353944810 0.28926360607147217 0
1570353946234 0.3198586702346802 0
1570353947626 0.32506081461906433 0
1570353949046 0.3346751928329468 0
1570353950534 0.3263218104839325 0
1570353952003 0.35158103704452515 0
1570353953451 0.3859262466430664 0
1570353954884 0.29094013571739197 0
1570353956366 0.39722979068756104 0
1570353957861 0.43080639839172363 0
1570353959335 0.3252250850200653 0
1570353960803 0.3880529999732971 0
1570353962357 0.42612481117248535 0
1570353963860 0.3125569820404053 0
1570353965261 0.3180890679359436 0
1570353966667 0.3216705620288849 0
1570353968075 0.2549552321434021 0
1570353969554 0.4985087513923645 0
1570353971003 0.2976130247116089 0
1570353972412 0.2867363393306732 0
1570353973942 0.45966511964797974 0
1570353975477 0.37797266244888306 0
1570353977012 0.5079861879348755 0
1570353978411 0.4411787986755371 0
1570353979845 0.31213971972465515 0
1570353981316 0.2935149073600769 0
1570353982768 0.42277753353118896 0
1570353984299 0.2942199110984802 0
1570353985819 0.27543023228645325 0
1570353987354 0.21166229248046875 0
1570353988830 0.35247355699539185 0
1570353990306 0.28480374813079834 0
1570353991837 0.3035218417644501 0
1570353993397 0.25426673889160156 0
1570353994872 0.4041142165660858 0
1570353996297 0.42752861976623535 0
1570353997726 0.4179118573665619 0
1570353999311 0.3342854678630829 0
1570354000833 0.37789300084114075 0
1570354002312 0.35555556416511536 0
1570354003835 0.3423134386539459 0
1570354005330 0.29536131024360657 0
1570354006900 0.39137953519821167 0
1570354008444 0.3748707175254822 0
1570354009937 0.3914588391780853 0
1570354011342 0.4408256411552429 0
1570354012854 0.2564626932144165 0
1570354014420 0.42630207538604736 0
1570354015858 0.3258920907974243 0
1570354017363 0.3348061442375183 0
1570354018782 0.40227386355400085 0
1570354020219 0.3667752146720886 0
1570354021652 0.3226339519023895 0
1570354023053 0.4588363766670227 0
1570354024554 0.2861911654472351 0
1570354025987 0.3276377320289612 0
1570354027468 0.25954675674438477 0
1570354029077 0.3340505361557007 0
1570354030459 0.2865141034126282 0
1570354031859 0.37343829870224 0
1570354033469 0.38950085639953613 0
1570354034983 0.33731237053871155 0
1570354036347 0.3454199433326721 0
1570354037856 0.3916807174682617 0
1570354039231 0.371055543422699 0
1570354040630 0.27408885955810547 0
1570354042015 0.2870085835456848 0
1570354043473 0.35920286178588867 0
1570354044911 0.3604746162891388 0
1570354046505 0.41419270634651184 0
1570354048055 0.26278579235076904 0
1570354049621 0.34634754061698914 0
1570354051179 0.2980723977088928 0
1570354052771 0.25719189643859863 0
1570354054307 0.24809026718139648 0
1570354055715 0.2647189199924469 0
1570354057270 0.2668842375278473 0
1570354058806 0.23278385400772095 0
1570354060406 0.40032029151916504 0
1570354061927 0.40251266956329346 0
1570354063447 0.36668673157691956 0
1570354065047 0.3838310241699219 0
1570354066589 0.32369086146354675 0
1570354068156 0.3700191378593445 0
1570354069775 0.41158467531204224 0
1570354071349 0.2745286822319031 0
1570354072912 0.43092018365859985 0
1570354074483 0.3150569200515747 0
1570354076121 0.4203058183193207 0
1570354077663 0.4034952223300934 0
1570354079129 0.4793283939361572 0
1570354080685 0.26746177673339844 0
1570354082313 0.33799266815185547 0
1570354083723 0.3194625973701477 0
1570354085124 0.29374030232429504 0
1570354086750 0.44251424074172974 0
1570354088138 0.35622507333755493 0
1570354089579 0.36567381024360657 0
1570354091030 0.33364176750183105 0
1570354092488 0.3518105745315552 0
1570354094006 0.30794185400009155 0
1570354095576 0.32924574613571167 0
1570354097128 0.4442628026008606 0
1570354098680 0.3416658639907837 0
1570354100303 0.2629164457321167 0
1570354101943 0.38534000515937805 0
1570354103516 0.35232532024383545 0
1570354105084 0.4048798084259033 0
1570354106727 0.48921507596969604 0
1570354108334 0.3183940052986145 0
1570354109908 0.2654604911804199 0
1570354111468 0.31189268827438354 0
1570354113089 0.47998952865600586 0
1570354114699 0.29830920696258545 0
1570354116161 0.26788264513015747 0
1570354117810 0.4157108664512634 0
1570354119320 0.44398215413093567 0
1570354120815 0.3501523733139038 0
1570354122400 0.273850679397583 0
1570354123964 0.2714269757270813 0
1570354125409 0.35259684920310974 0
1570354126831 0.361253023147583 0
1570354128355 0.30324476957321167 0
1570354129818 0.3184490203857422 0
1570354131322 0.3610893487930298 0
1570354133024 0.36917200684547424 0
1570354134695 0.35787707567214966 0
1570354136369 0.36357489228248596 0
1570354137942 0.34689807891845703 0
1570354139568 0.41365376114845276 0
1570354141099 0.3243791162967682 0
1570354142612 0.2852400839328766 0
1570354144183 0.4081733822822571 0
1570354145780 0.31855177879333496 0
1570354147453 0.28798216581344604 0
1570354149084 0.3281852900981903 0
1570354150661 0.4100196957588196 0
1570354152242 0.3518203794956207 0
1570354153892 0.21112799644470215 0
1570354155411 0.1982090175151825 0
1570354157057 0.38318371772766113 0
1570354158747 0.3718011975288391 0
1570354160373 0.2735443711280823 0
1570354162031 0.2878035008907318 0
1570354163654 0.35514235496520996 0
1570354165166 0.3172711730003357 0
1570354166599 0.4090278148651123 0
1570354168164 0.2670537233352661 0
1570354169748 0.4406832456588745 0
1570354171290 0.19886286556720734 0
1570354172850 0.32104793190956116 0
1570354174490 0.28626835346221924 0
1570354176095 0.2957255244255066 0
1570354177544 0.3610687851905823 0
1570354178979 0.32877588272094727 0
1570354180582 0.3293954133987427 0
1570354182049 0.3974716067314148 0
1570354183551 0.3314335346221924 0
1570354185109 0.2765846848487854 0
1570354186745 0.4079420566558838 0
1570354188461 0.2582615911960602 0
1570354190147 0.3735058903694153 0
1570354191705 0.23818457126617432 0
1570354193134 0.2670491337776184 0
1570354194595 0.31796860694885254 0
1570354196065 0.23896245658397675 0
1570354197510 0.2980573773384094 0
1570354198939 0.35029327869415283 0
1570354200558 0.3975655436515808 0
1570354202175 0.2917957901954651 0
1570354203609 0.312516987323761 0
1570354205297 0.319236159324646 0
1570354206833 0.26363077759742737 0
1570354208351 0.33866846561431885 0
1570354209829 0.2337232381105423 0
1570354211267 0.3729000389575958 0
1570354212881 0.30630284547805786 0
1570354214339 0.27656376361846924 0
1570354215787 0.3273029327392578 0
1570354217365 0.2977699637413025 0
1570354219033 0.41302794218063354 0
1570354220619 0.3305037319660187 0
1570354222249 0.3069530725479126 0
1570354223863 0.3394959568977356 0
1570354225388 0.26631927490234375 0
1570354227078 0.36524498462677 0
1570354228696 0.3425591289997101 0
1570354230241 0.2481834590435028 0
1570354231881 0.2923857867717743 0
1570354233520 0.4052553176879883 0
1570354235118 0.2976810932159424 0
1570354236727 0.47164320945739746 0
1570354238410 0.2980697751045227 0
1570354240014 0.30865830183029175 0
1570354241669 0.3865740895271301 0
1570354243285 0.4519919753074646 0
1570354244910 0.40812018513679504 0
1570354246533 0.31930410861968994 0
1570354248117 0.4353927969932556 0
1570354249738 0.31897956132888794 0
1570354251344 0.3846134543418884 0
1570354252930 0.3049843907356262 0
1570354254543 0.3253994286060333 0
1570354256120 0.3151983618736267 0
1570354257747 0.3359670042991638 0
1570354259382 0.28126388788223267 0
1570354261019 0.2814197540283203 0
1570354262630 0.45520272850990295 0
1570354264262 0.260029673576355 0
1570354265817 0.2724555730819702 0
1570354267360 0.30460619926452637 0
1570354268875 0.3435544967651367 0
1570354270357 0.2932574152946472 0
1570354271955 0.43104088306427 0
1570354273499 0.22575514018535614 0
1570354274939 0.33710888028144836 0
1570354276421 0.269839346408844 0
1570354278146 0.5033499598503113 0
1570354279716 0.4559882581233978 0
1570354281304 0.39026761054992676 0
1570354282987 0.2615545988082886 0
1570354284554 0.316972553730011 0
1570354286160 0.309175968170166 0
1570354287728 0.25092217326164246 0
1570354289316 0.3548261523246765 0
1570354290939 0.23276661336421967 0
1570354292602 0.3457033634185791 0
1570354294189 0.2756649851799011 0
1570354295856 0.35122954845428467 0
1570354297499 0.33433619141578674 0
1570354299069 0.330457866191864 0
1570354300756 0.40496155619621277 0
1570354302434 0.2389087975025177 0
1570354304147 0.25332045555114746 0
1570354305715 0.31910282373428345 0
1570354307291 0.40142548084259033 0
1570354308892 0.3774629831314087 0
1570354310597 0.23697206377983093 0
1570354312093 0.3951009511947632 0
1570354313554 0.35223546624183655 0
1570354315064 0.29713866114616394 0
1570354316515 0.32190489768981934 0
1570354317995 0.2693202495574951 0
1570354319445 0.33135101199150085 0
1570354320950 0.3464154899120331 0
1570354322442 0.37561750411987305 0
1570354324144 0.2624901235103607 0
1570354325727 0.3587101101875305 0
1570354327380 0.389501690864563 0
1570354328972 0.40769898891448975 0
1570354330617 0.4386290907859802 0
1570354332082 0.37263065576553345 0
1570354333658 0.39745834469795227 0
1570354335199 0.3953510522842407 0
1570354336674 0.3509930670261383 0
1570354338234 0.22921313345432281 0
1570354339695 0.35078805685043335 0
1570354341154 0.28499799966812134 0
1570354342612 0.32730036973953247 0
1570354344113 0.32129669189453125 0
1570354345633 0.3406338691711426 0
1570354347037 0.29694268107414246 0
1570354348647 0.34859776496887207 0
1570354350265 0.29000264406204224 0
1570354351983 0.38003939390182495 0
1570354353509 0.3371230959892273 0
1570354355114 0.3871370255947113 0
1570354356757 0.308394193649292 0
1570354358545 0.28236138820648193 0
1570354360164 0.24615851044654846 0
1570354361726 0.29447248578071594 0
1570354363302 0.3383479714393616 0
1570354364917 0.28024613857269287 0
1570354366510 0.322823166847229 0
1570354367998 0.25768139958381653 0
1570354369476 0.37102967500686646 0
1570354370927 0.34840312600135803 0
1570354372534 0.4447285830974579 0
1570354374107 0.34929823875427246 0
1570354375716 0.3532980680465698 0
1570354377409 0.2053762823343277 0
1570354379060 0.34481868147850037 0
1570354380673 0.30827730894088745 0
1570354382335 0.25237536430358887 0
1570354383938 0.339791476726532 0
1570354385541 0.29326391220092773 0
1570354387149 0.3584047555923462 0
1570354388754 0.5212647318840027 0
1570354390409 0.3203710913658142 0
1570354392127 0.21484766900539398 0
1570354393767 0.24704530835151672 0
1570354395322 0.28993165493011475 0
1570354396936 0.34374213218688965 0
1570354398601 0.34541255235671997 0
1570354400177 0.32688236236572266 0
1570354401779 0.28326332569122314 0
1570354403311 0.29868006706237793 0
1570354404864 0.3362674117088318 0
1570354406450 0.479957640171051 0
1570354408080 0.25610101222991943 0
1570354409728 0.3489994406700134 0
1570354411339 0.32041582465171814 0
1570354412943 0.2786661386489868 0
1570354414507 0.336706280708313 0
1570354416206 0.33828407526016235 0
1570354417868 0.24979950487613678 0
1570354419470 0.2126421332359314 0
1570354421049 0.22419044375419617 0
1570354422719 0.3789708912372589 0
1570354424312 0.27104651927948 0
1570354425940 0.29900556802749634 0
1570354427545 0.2962248921394348 0
1570354429292 0.35973498225212097 0
1570354430916 0.40838688611984253 0
1570354432486 0.29907768964767456 0
1570354434115 0.3261907398700714 0
1570354435744 0.35540974140167236 0
1570354437341 0.34805363416671753 0
1570354439027 0.4070953130722046 0
1570354440693 0.3210587799549103 0
1570354442406 0.27005040645599365 0
1570354444100 0.23665183782577515 0
1570354445786 0.3116595447063446 0
1570354447377 0.2997611165046692 0
1570354449065 0.40801501274108887 0
1570354450697 0.3008466362953186 0
1570354452239 0.3193820118904114 0
1570354453695 0.2884884178638458 0
1570354455173 0.2907179594039917 0
1570354456684 0.32668906450271606 0
1570354458317 0.33201104402542114 0
1570354459770 0.26681196689605713 0
1570354461217 0.3113611936569214 0
1570354462660 0.3656877875328064 0
1570354464312 0.3762463927268982 0
1570354465922 0.41485467553138733 0
1570354467514 0.1840059757232666 0
1570354469061 0.3473004102706909 0
1570354470625 0.2950964570045471 0
1570354472213 0.27356523275375366 0
1570354473792 0.3021356463432312 0
1570354475463 0.36723190546035767 0
1570354477051 0.33050835132598877 0
1570354478644 0.37162888050079346 0
1570354480227 0.3708147406578064 0
1570354481934 0.36996644735336304 0
1570354483504 0.2998631000518799 0
1570354485087 0.3032219707965851 0
1570354486709 0.4201667308807373 0
1570354488371 0.37592703104019165 0
1570354489970 0.23784875869750977 0
1570354491543 0.33832013607025146 0
1570354493245 0.33492475748062134 0
1570354494847 0.3043508231639862 0
1570354496459 0.30754101276397705 0
1570354498132 0.3802591562271118 0
1570354499680 0.28283989429473877 0
1570354501290 0.269195020198822 0
1570354502863 0.24894356727600098 0
1570354504436 0.22476574778556824 0
1570354506133 0.2894989848136902 0
1570354507809 0.3611729145050049 0
1570354509269 0.29601743817329407 0
1570354510848 0.4223172068595886 0
1570354512569 0.35025477409362793 0
1570354514297 0.27074867486953735 0
1570354515950 0.28955164551734924 0
1570354517554 0.33083558082580566 0
1570354519239 0.23453491926193237 0
1570354520872 0.36438286304473877 0
1570354522488 0.4053666591644287 0
1570354524117 0.2874877452850342 0
1570354525731 0.4166366159915924 0
1570354527379 0.33994078636169434 0
1570354529015 0.32550835609436035 0
1570354530671 0.3087625205516815 0
1570354532287 0.4386776387691498 0
1570354534044 0.22255980968475342 0
1570354535671 0.46918827295303345 0
1570354537326 0.345596581697464 0
1570354539035 0.26899799704551697 0
1570354540543 0.3692578077316284 0
1570354542088 0.16708782315254211 0
1570354543656 0.30413419008255005 0
1570354545329 0.33929455280303955 0
1570354546941 0.4030579626560211 0
1570354548497 0.27061402797698975 0
1570354550012 0.2754838466644287 0
1570354551645 0.3932094871997833 0
1570354553322 0.26850801706314087 0
1570354554966 0.3302796483039856 0
1570354556611 0.37920552492141724 0
1570354558258 0.35802289843559265 0
1570354559921 0.346515417098999 0
1570354561599 0.3220970034599304 0
1570354563252 0.31931114196777344 0
1570354565007 0.33545827865600586 0
1570354566486 0.3163920044898987 0
1570354568019 0.2921698987483978 0
1570354569631 0.2769905626773834 0
1570354571314 0.2656257748603821 0
1570354573057 0.3407488763332367 0
1570354574768 0.3751239478588104 0
1570354576348 0.1832631528377533 0
1570354577913 0.3785093128681183 0
1570354579499 0.29629209637641907 0
1570354581062 0.44697266817092896 0
1570354582591 0.2800385057926178 0
1570354584117 0.37645959854125977 0
1570354585698 0.31100136041641235 0
1570354587237 0.3317245841026306 0
1570354588708 0.26928287744522095 0
1570354590169 0.3214331865310669 0
1570354591656 0.27739784121513367 0
1570354593134 0.3808515667915344 0
1570354594689 0.3395620584487915 0
1570354596193 0.37741005420684814 0
1570354597844 0.2741399109363556 0
1570354599485 0.3500825762748718 0
1570354601062 0.3673941493034363 0
1570354602663 0.26835834980010986 0
1570354604242 0.18935230374336243 0
1570354605925 0.2942577004432678 0
1570354607505 0.3904171288013458 0
1570354609189 0.2923879027366638 0
1570354610861 0.2792229652404785 0
1570354612449 0.3266502916812897 0
1570354614050 0.37126052379608154 0
1570354615685 0.45405328273773193 0
1570354617232 0.29955124855041504 0
1570354618833 0.2792131006717682 0
1570354620470 0.29873842000961304 0
1570354622069 0.3112339377403259 0
1570354623772 0.2871549129486084 0
1570354625427 0.25289809703826904 0
1570354627013 0.3392447829246521 0
1570354628627 0.3233444094657898 0
1570354630239 0.2816993296146393 0
1570354631856 0.3536020517349243 0
1570354633520 0.3394956588745117 0
1570354635122 0.3641631603240967 0
1570354636729 0.2834612727165222 0
1570354638386 0.26313599944114685 0
1570354640021 0.23093652725219727 0
1570354641702 0.2663622498512268 0
1570354643370 0.36517107486724854 0
1570354644982 0.37146979570388794 0
1570354646557 0.41467058658599854 0
1570354648176 0.32405340671539307 0
1570354649871 0.3978457450866699 0
1570354651538 0.3073301911354065 0
1570354653291 0.25437742471694946 0
1570354654997 0.4465462565422058 0
1570354656650 0.26977020502090454 0
1570354658307 0.272217720746994 0
1570354659988 0.2999802827835083 0
1570354661677 0.36122018098831177 0
1570354663285 0.28107795119285583 0
1570354664950 0.34353673458099365 0
1570354666562 0.3631456792354584 0
1570354668159 0.28559112548828125 0
1570354669814 0.26101556420326233 0
1570354671397 0.26170945167541504 0
1570354672973 0.25242722034454346 0
1570354674533 0.3827909231185913 0
1570354676091 0.3349987864494324 0
1570354677695 0.2982732057571411 0
1570354679347 0.4026658535003662 0
1570354681031 0.2644587755203247 0
1570354682653 0.27552205324172974 0
1570354684275 0.31622833013534546 0
1570354685992 0.29719415307044983 0
1570354687619 0.2842307686805725 0
1570354689287 0.29806309938430786 0
1570354690877 0.4522813558578491 0
1570354692581 0.318915992975235 0
1570354694202 0.3660166263580322 0
1570354695832 0.2870069742202759 0
1570354697460 0.31207314133644104 0
1570354699142 0.2938588261604309 0
1570354700779 0.27173009514808655 0
1570354702385 0.36058637499809265 0
1570354703957 0.22228123247623444 0
1570354705651 0.29251256585121155 0
1570354707309 0.2642741799354553 0
1570354708877 0.24163635075092316 0
1570354710494 0.34207427501678467 0
1570354712053 0.37386149168014526 0
1570354713562 0.32784390449523926 0
1570354715284 0.3291342258453369 0
1570354716844 0.23407718539237976 0
1570354718507 0.30023467540740967 0
1570354720106 0.2461661994457245 0
1570354721822 0.40360748767852783 0
1570354723473 0.23418495059013367 0
1570354725096 0.2757225036621094 0
1570354726711 0.29325413703918457 0
1570354728359 0.3016695976257324 0
1570354729905 0.23983781039714813 0
1570354731569 0.367920845746994 0
1570354733239 0.2886415719985962 0
1570354734911 0.2721806764602661 0
1570354736578 0.3656030297279358 0
1570354738365 0.34257811307907104 0
1570354740031 0.24938857555389404 0
1570354741804 0.14972171187400818 0
1570354743504 0.1964643895626068 0
1570354745302 0.3624860942363739 0
1570354746852 0.2964439392089844 0
1570354748423 0.2708217203617096 0
1570354749981 0.2786470651626587 0
1570354751556 0.286673367023468 0
1570354753207 0.2613396644592285 0
1570354754784 0.23330733180046082 0
1570354756366 0.2896937131881714 0
1570354757960 0.3384397029876709 0
1570354759483 0.29249274730682373 0
1570354761191 0.23581722378730774 0
1570354762902 0.31745073199272156 0
1570354764532 0.28079235553741455 0
1570354766229 0.33334052562713623 0
1570354767962 0.4203210771083832 0
1570354769653 0.2406366467475891 0
1570354771454 0.28904998302459717 0
1570354773221 0.23890744149684906 0
1570354774924 0.2212321162223816 0
1570354776636 0.20817042887210846 0
1570354778463 0.3023243546485901 0
1570354780221 0.3366701006889343 0
1570354781921 0.30436116456985474 0
1570354783670 0.3301716148853302 0
1570354785393 0.3541160821914673 0
1570354787139 0.3540990948677063 0
1570354788913 0.338032066822052 0
1570354790642 0.3637733459472656 0
1570354792383 0.2658110558986664 0
1570354794063 0.3146364986896515 0
1570354795770 0.3442075252532959 0
1570354797472 0.254546582698822 0
1570354799259 0.37852728366851807 0
1570354800998 0.30333635210990906 0
1570354802766 0.3204081058502197 0
1570354804458 0.28617149591445923 0
1570354806230 0.2921649217605591 0
1570354807901 0.26163601875305176 0
1570354809590 0.37287721037864685 0
1570354811286 0.28178322315216064 0
1570354812990 0.27750229835510254 0
1570354814752 0.3504731059074402 0
1570354816458 0.3475455641746521 0
1570354818157 0.3518003225326538 0
1570354819792 0.3737577795982361 0
1570354821464 0.24771110713481903 0
1570354823002 0.2512522041797638 0
1570354824584 0.21142344176769257 0
1570354826141 0.4335356056690216 0
1570354827757 0.39286336302757263 0
1570354829498 0.28937309980392456 0
1570354831190 0.2698156237602234 0
1570354832917 0.307753324508667 0
1570354834723 0.19922471046447754 0
1570354836306 0.370546817779541 0
1570354837979 0.2429078221321106 0
1570354839730 0.32025769352912903 0
1570354841404 0.3418881893157959 0
1570354843155 0.3209889233112335 0
1570354844739 0.23215016722679138 0
1570354846360 0.2477532923221588 0
1570354848027 0.34582769870758057 0
1570354849628 0.3061601221561432 0
1570354851241 0.28142687678337097 0
1570354852908 0.3730214834213257 0
1570354854583 0.25645703077316284 0
1570354856222 0.3239445686340332 0
1570354857897 0.27371543645858765 0
1570354859577 0.34316420555114746 0
1570354861250 0.2679978013038635 0
1570354862912 0.37909770011901855 0
1570354864591 0.3172575831413269 0
1570354866270 0.337883323431015 0
1570354867992 0.35964345932006836 0
1570354869651 0.29730865359306335 0
1570354871326 0.38312095403671265 0
1570354872945 0.27215462923049927 0
1570354874630 0.27839797735214233 0
1570354876301 0.3096921443939209 0
1570354877986 0.320992112159729 0
1570354879652 0.2655438184738159 0
1570354881401 0.38713154196739197 0
1570354883116 0.2826318144798279 0
1570354884804 0.3521169424057007 0
1570354886533 0.26778146624565125 0
1570354888307 0.24734851717948914 0
1570354890026 0.3977949619293213 0
1570354891726 0.2866271734237671 0
1570354893412 0.32775479555130005 0
1570354895086 0.22456665337085724 0
1570354896797 0.3272498548030853 0
1570354898557 0.20695120096206665 0
1570354900386 0.23089753091335297 0
1570354902007 0.3266844153404236 0
1570354903660 0.21861833333969116 0
1570354905361 0.3490118682384491 0
1570354907167 0.30921071767807007 0
1570354908816 0.3018474578857422 0
1570354910461 0.34772789478302 0
1570354912006 0.3441411852836609 0
1570354913706 0.32822903990745544 0
1570354915409 0.2688291072845459 0
1570354917135 0.1941678524017334 0
1570354918868 0.2232450246810913 0
1570354920715 0.3256530165672302 0
1570354922483 0.33537012338638306 0
1570354924072 0.30454355478286743 0
1570354925639 0.2730427384376526 0
1570354927351 0.3582018315792084 0
1570354929082 0.2249869704246521 0
1570354930822 0.33706825971603394 0
1570354932530 0.42645418643951416 0
1570354934290 0.3353591561317444 0
1570354936009 0.28163230419158936 0
1570354937738 0.3012499213218689 0
1570354939440 0.21588373184204102 0
1570354941205 0.3194379508495331 0
1570354942996 0.258000910282135 0
1570354944594 0.3235767185688019 0
1570354946265 0.3113577961921692 0
1570354948059 0.3858059048652649 0
1570354949838 0.376443475484848 0
1570354951574 0.2966541051864624 0
1570354953192 0.41648080945014954 0
1570354954996 0.30399471521377563 0
1570354956696 0.3925102949142456 0
1570354958405 0.2615950107574463 0
1570354960073 0.36779308319091797 0
1570354961658 0.24463674426078796 0
1570354963357 0.2670195698738098 0
1570354965100 0.2988852262496948 0
1570354966815 0.2960742712020874 0
1570354968551 0.3118770122528076 0
1570354970356 0.3562464118003845 0
1570354972093 0.23458874225616455 0
1570354973693 0.3636293113231659 0
1570354975449 0.33857160806655884 0
1570354977144 0.25957971811294556 0
1570354978871 0.33874276280403137 0
1570354980584 0.2575759291648865 0
1570354982342 0.43730878829956055 0
1570354984091 0.4452621340751648 0
1570354985823 0.27015241980552673 0
1570354987434 0.3498942255973816 0
1570354989047 0.28161436319351196 0
1570354990786 0.37404316663742065 0
1570354992538 0.2798137068748474 0
1570354994235 0.2193543016910553 0
1570354996011 0.3320122957229614 0
1570354997715 0.24533648788928986 0
1570354999453 0.31346195936203003 0
1570355001170 0.2161039263010025 0
1570355002973 0.22974589467048645 0
1570355004707 0.3163508176803589 0
1570355006459 0.48775431513786316 0
1570355008167 0.3432958424091339 0
1570355009956 0.266481876373291 0
1570355011668 0.3480087220668793 0
1570355013360 0.40886563062667847 0
1570355015059 0.3306361436843872 0
1570355016766 0.20197159051895142 0
1570355018532 0.3085308372974396 0
1570355020292 0.30010825395584106 0
1570355021993 0.23757418990135193 0
1570355023573 0.34250307083129883 0
1570355025210 0.2876102924346924 0
1570355026914 0.3663167953491211 0
1570355028651 0.34374716877937317 0
1570355030453 0.29187583923339844 0
1570355032255 0.3691908121109009 0
1570355033972 0.3718239665031433 0
1570355035687 0.3355289697647095 0
1570355037423 0.42478203773498535 0
1570355039192 0.3251415491104126 0
1570355040891 0.28681838512420654 0
1570355042588 0.2816542983055115 0
1570355044418 0.3767337203025818 0
1570355046084 0.3948715031147003 0
1570355047737 0.3342556953430176 0
1570355049466 0.38652703166007996 0
1570355051260 0.3201022744178772 0
1570355053065 0.27526551485061646 0
1570355054792 0.26482632756233215 0
1570355056508 0.2867695689201355 0
1570355058245 0.3519322872161865 0
1570355060085 0.3009779453277588 0
1570355061814 0.27354365587234497 0
1570355063577 0.4478415846824646 0
1570355065318 0.23929397761821747 0
1570355067185 0.4074486196041107 0
1570355068952 0.2837856411933899 0
1570355070665 0.32751041650772095 0
1570355072407 0.34433799982070923 0
1570355074208 0.24607905745506287 0
1570355076068 0.2896365225315094 0
1570355077699 0.28461647033691406 0
1570355079321 0.27106592059135437 0
1570355081128 0.24605628848075867 0
1570355082866 0.332780122756958 0
1570355084541 0.3769938349723816 0
1570355086312 0.23979729413986206 0
1570355088066 0.3285430073738098 0
1570355089870 0.3358454704284668 0
1570355091671 0.31950879096984863 0
1570355093364 0.21954858303070068 0
1570355095012 0.30577051639556885 0
1570355096772 0.31282103061676025 0
1570355098505 0.36219704151153564 0
1570355100298 0.36026400327682495 0
1570355102081 0.24157780408859253 0
1570355103836 0.3156893253326416 0
1570355105560 0.40855586528778076 0
1570355107273 0.2813343405723572 0
1570355109030 0.3261603116989136 0
1570355110762 0.378603458404541 0
1570355112496 0.4018596410751343 0
1570355114089 0.24754971265792847 0
1570355115830 0.23863737285137177 0
1570355117640 0.330557644367218 0
1570355119394 0.24928393959999084 0
1570355121220 0.3702380359172821 0
1570355123031 0.27897483110427856 0
1570355124766 0.3033515214920044 0
1570355126543 0.30981212854385376 0
1570355128332 0.2943212687969208 0
1570355130071 0.27746298909187317 0
1570355131887 0.3764957785606384 0
1570355133645 0.2385140061378479 0
1570355135377 0.3333648145198822 0
1570355137216 0.27531594038009644 0
1570355138929 0.3018849194049835 0
1570355140663 0.2761967182159424 0
1570355142410 0.3017319440841675 0
1570355144178 0.33612364530563354 0
1570355145874 0.525649905204773 0
1570355147659 0.19619154930114746 0
1570355149407 0.3101787865161896 0
1570355151148 0.30005258321762085 0
1570355152872 0.2935943007469177 0
1570355154613 0.30324843525886536 0
1570355156422 0.24687039852142334 0
1570355158211 0.3606363534927368 0
1570355159954 0.4386911988258362 0
1570355161670 0.19846177101135254 0
1570355163377 0.34000760316848755 0
1570355165129 0.3005619943141937 0
1570355166888 0.39393293857574463 0
1570355168617 0.30711424350738525 0
1570355170408 0.31062763929367065 0
1570355172206 0.31166207790374756 0
1570355173938 0.2862357497215271 0
1570355175685 0.371515154838562 0
1570355177452 0.3051566183567047 0
1570355179284 0.2862362861633301 0
1570355181072 0.2662380337715149 0
1570355182830 0.3569839596748352 0
1570355184648 0.19734156131744385 0
1570355186422 0.2292131781578064 0
1570355188150 0.29062381386756897 0
1570355189926 0.3271893858909607 0
1570355191673 0.2252606302499771 0
1570355193457 0.33865684270858765 0
1570355195192 0.28699371218681335 0
1570355196953 0.27231302857398987 0
1570355198751 0.23159679770469666 0
1570355200618 0.26892369985580444 0
1570355202372 0.19355112314224243 0
1570355204040 0.44708794355392456 0
1570355205747 0.3971582055091858 0
1570355207508 0.2520863711833954 0
1570355209300 0.20882964134216309 0
1570355211066 0.4451107978820801 0
1570355212881 0.36570805311203003 0
1570355214733 0.24847526848316193 0
1570355216506 0.26688942313194275 0
1570355218333 0.2986449599266052 0
1570355220027 0.3484079837799072 0
1570355221781 0.2796446681022644 0
1570355223562 0.34131965041160583 0
1570355225272 0.310403048992157 0
1570355226944 0.26024994254112244 0
1570355228728 0.3192610442638397 0
1570355230409 0.3095211982727051 0
1570355232141 0.22851352393627167 0
1570355233969 0.26845046877861023 0
1570355235815 0.3257009983062744 0
1570355237617 0.27047714591026306 0
1570355239377 0.3891998529434204 0
1570355241164 0.3518591523170471 0
1570355242986 0.3615822196006775 0
1570355244789 0.246416836977005 0
1570355246550 0.3248821496963501 0
1570355248377 0.23987223207950592 0
1570355250203 0.37926480174064636 0
1570355251966 0.240127831697464 0
1570355253726 0.2648774981498718 0
1570355255604 0.20602825284004211 0
1570355257427 0.34903761744499207 0
1570355259273 0.2687869369983673 0
1570355260922 0.44070175290107727 0
1570355262724 0.24672606587409973 0
1570355264561 0.30741095542907715 0
1570355266313 0.3647136092185974 0
1570355268079 0.2664661407470703 0
1570355269865 0.24056777358055115 0
1570355271607 0.3400542140007019 0
1570355273309 0.28559914231300354 0
1570355275023 0.21096283197402954 0
1570355276814 0.33265718817710876 0
1570355278614 0.33659103512763977 0
1570355280429 0.31020450592041016 0
1570355282245 0.24938291311264038 0
1570355284087 0.268088698387146 0
1570355285959 0.23659874498844147 0
1570355287759 0.29032474756240845 0
1570355289511 0.35801824927330017 0
1570355291348 0.39774370193481445 0
1570355293143 0.30075299739837646 0
1570355294994 0.4346854090690613 0
1570355296786 0.24394868314266205 0
1570355298615 0.38878703117370605 0
1570355300314 0.29062730073928833 0
1570355302079 0.26349616050720215 0
1570355303808 0.26446282863616943 0
1570355305666 0.2966594398021698 0
1570355307386 0.4204822778701782 0
1570355309064 0.30101796984672546 0
1570355310779 0.22636976838111877 0
1570355312554 0.40194588899612427 0
1570355314451 0.20970705151557922 0
1570355316180 0.34740862250328064 0
1570355317998 0.2508833706378937 0
1570355319705 0.32490867376327515 0
1570355321417 0.3073824644088745 0
1570355323135 0.19947487115859985 0
1570355324843 0.2557428777217865 0
1570355326569 0.2904220223426819 0
1570355328281 0.38165152072906494 0
1570355330029 0.2771752178668976 0
1570355331813 0.30642446875572205 0
1570355333581 0.39675116539001465 0
1570355335377 0.22347521781921387 0
1570355337215 0.38537847995758057 0
1570355339007 0.3544720411300659 0
1570355340780 0.27698299288749695 0
1570355342576 0.355377733707428 0
1570355344375 0.17656680941581726 0
1570355346133 0.37215596437454224 0
1570355347929 0.30444276332855225 0
1570355349744 0.23788626492023468 0
1570355351565 0.22345349192619324 0
1570355353367 0.280440092086792 0
1570355355156 0.2259255051612854 0
1570355357072 0.2488715946674347 0
1570355358875 0.2696973383426666 0
1570355360524 0.2916277348995209 0
1570355362356 0.23915386199951172 0
1570355364125 0.22051993012428284 0
1570355365912 0.38066935539245605 0
1570355367739 0.27588579058647156 0
1570355369493 0.40874338150024414 0
1570355371308 0.4757923483848572 0
1570355373100 0.2564074993133545 0
1570355374891 0.296031653881073 0
1570355376674 0.3478955328464508 0
1570355378596 0.30535638332366943 0
1570355380353 0.3013209104537964 0
1570355382167 0.30195707082748413 0
1570355383943 0.6211621761322021 0
1570355385788 0.31538188457489014 0
1570355387565 0.2892943024635315 0
1570355389364 0.19136090576648712 0
1570355391158 0.2867605984210968 0
1570355393004 0.24962016940116882 0
1570355394781 0.2457757294178009 0
1570355396558 0.26398026943206787 0
1570355398334 0.2810794711112976 0
1570355400204 0.19226591289043427 0
1570355401988 0.21291372179985046 0
1570355403767 0.3333227038383484 0
1570355405604 0.2916286587715149 0
1570355407391 0.35451650619506836 0
1570355409227 0.25397634506225586 0
1570355411024 0.24782812595367432 0
1570355412764 0.32872992753982544 0
1570355414547 0.3032611012458801 0
1570355416433 0.3257436752319336 0
1570355418238 0.3025549650192261 0
1570355420061 0.36136308312416077 0
1570355421841 0.29392093420028687 0
1570355423634 0.24982748925685883 0
1570355425431 0.3299451172351837 0
1570355427222 0.28696924448013306 0
1570355429026 0.2602498531341553 0
1570355430817 0.337454617023468 0
1570355432613 0.24328204989433289 0
1570355434441 0.2907656729221344 0
1570355436232 0.3008999824523926 0
1570355438047 0.26272788643836975 0
1570355439818 0.3664759397506714 0
1570355441721 0.26804837584495544 0
1570355443542 0.33126580715179443 0
1570355445320 0.3372838497161865 0
1570355447069 0.28113818168640137 0
1570355448975 0.2907850742340088 0
1570355450701 0.23585425317287445 0
1570355452426 0.3289443254470825 0
1570355454207 0.24125272035598755 0
1570355455999 0.22557879984378815 0
1570355457854 0.2086983323097229 0
1570355459685 0.38654351234436035 0
1570355461493 0.322111040353775 0
1570355463370 0.2844157814979553 0
1570355465197 0.3051146864891052 0
1570355466995 0.18300142884254456 0
1570355468834 0.2658368945121765 0
1570355470668 0.23568996787071228 0
1570355472502 0.24038979411125183 0
1570355474342 0.288775771856308 0
1570355476133 0.3665722906589508 0
1570355477959 0.3464374840259552 0
1570355479817 0.2769943177700043 0
1570355481470 0.25122249126434326 0
1570355483184 0.26737797260284424 0
1570355485026 0.35933563113212585 0
1570355486795 0.3637956380844116 0
1570355488611 0.3063589930534363 0
1570355490432 0.4143849015235901 0
1570355492150 0.2511388659477234 0
1570355494020 0.30698448419570923 0
1570355495668 0.3672281503677368 0
1570355497436 0.2805487811565399 0
1570355499191 0.21551495790481567 0
1570355500947 0.3208966851234436 0
1570355502713 0.2825133204460144 0
1570355504514 0.3468746840953827 0
1570355506388 0.23177367448806763 0
1570355508202 0.36991822719573975 0
1570355509990 0.20132564008235931 0
1570355511834 0.25530946254730225 0
1570355513666 0.28721147775650024 0
1570355515610 0.27562442421913147 0
1570355517459 0.3665575385093689 0
1570355519279 0.4204425811767578 0
1570355521147 0.22893911600112915 0
1570355523029 0.30956047773361206 0
1570355524848 0.46141040325164795 0
1570355526662 0.34344252943992615 0
1570355528525 0.2368827909231186 0
1570355530405 0.30709874629974365 0
1570355532290 0.2444813847541809 0
1570355534104 0.28418290615081787 0
1570355535944 0.2872188687324524 0
1570355537838 0.1752309799194336 0
1570355539707 0.28492099046707153 0
1570355541486 0.21098969876766205 0
1570355543222 0.24634964764118195 0
1570355545094 0.28068363666534424 0
1570355546933 0.16820365190505981 0
1570355548777 0.3519517183303833 0
1570355550618 0.3747444450855255 0
1570355552429 0.34031662344932556 0
1570355554239 0.21116730570793152 0
1570355556089 0.32559651136398315 0
1570355557915 0.2661334276199341 0
1570355559743 0.300048828125 0
1570355561587 0.3943052291870117 0
1570355563511 0.28681835532188416 0
1570355565379 0.32898664474487305 0
1570355567215 0.25394096970558167 0
1570355569027 0.4290635585784912 0
1570355570890 0.16337080299854279 0
1570355572878 0.42717912793159485 0
1570355574696 0.2967830300331116 0
1570355576532 0.2555920481681824 0
1570355578372 0.31845444440841675 0
1570355580190 0.33815997838974 0
1570355582087 0.24811649322509766 0
1570355583885 0.29448482394218445 0
1570355585717 0.31282877922058105 0
1570355587579 0.20227494835853577 0
1570355589463 0.2749696373939514 0
1570355591323 0.26740700006484985 0
1570355593190 0.2923380732536316 0
1570355595047 0.3944616913795471 0
1570355596939 0.26332300901412964 0
1570355598801 0.22031378746032715 0
1570355600651 0.3247062861919403 0
1570355602501 0.24980655312538147 0
1570355604349 0.3444809317588806 0
1570355606208 0.35327696800231934 0
1570355608051 0.25143927335739136 0
1570355609869 0.2737262547016144 0
1570355611731 0.3563590943813324 0
1570355613614 0.2407858967781067 0
1570355615415 0.2057732492685318 0
1570355617235 0.24886111915111542 0
1570355619168 0.25929149985313416 0
1570355621113 0.3651832342147827 0
1570355622958 0.274728387594223 0
1570355624786 0.3148093819618225 0
1570355626626 0.20850230753421783 0
1570355628453 0.308406800031662 0
1570355630280 0.31988418102264404 0
1570355632109 0.30365633964538574 0
1570355633976 0.20630186796188354 0
1570355635831 0.43121546506881714 0
1570355637742 0.2568313777446747 0
1570355639626 0.16535234451293945 0
1570355641475 0.3337302803993225 0
1570355643364 0.2383800745010376 0
1570355645192 0.2952044904232025 0
1570355647038 0.2620413899421692 0
1570355648846 0.473239004611969 0
1570355650652 0.37230390310287476 0
1570355652366 0.3099104166030884 0
1570355654190 0.2990206182003021 0
1570355656097 0.3041257858276367 0
1570355657933 0.42138904333114624 0
1570355659840 0.23567955195903778 0
1570355661720 0.203617662191391 0
1570355663676 0.2602957487106323 0
1570355665400 0.3560826778411865 0
1570355667245 0.3068883717060089 0
1570355669077 0.3429451584815979 0
1570355670988 0.28151893615722656 0
1570355672825 0.46899694204330444 0
1570355674597 0.34158676862716675 0
1570355676391 0.3258136510848999 0
1570355678354 0.2550760507583618 0
1570355680266 0.32946813106536865 0
1570355682100 0.3090716004371643 0
1570355683946 0.3570064902305603 0
1570355685787 0.2765302062034607 0
1570355687596 0.23317866027355194 0
1570355689440 0.36356252431869507 0
1570355691259 0.3285292983055115 0
1570355693085 0.20146995782852173 0
1570355694852 0.2623244524002075 0
1570355696633 0.2541143596172333 0
1570355698379 0.290831983089447 0
1570355700259 0.22196772694587708 0
1570355702109 0.2901674807071686 0
1570355703870 0.34733086824417114 0
1570355705611 0.2375025600194931 0
1570355707578 0.30547618865966797 0
1570355709428 0.33088329434394836 0
1570355711313 0.247336745262146 0
1570355713164 0.26157110929489136 0
1570355714921 0.35655948519706726 0
1570355716740 0.25915300846099854 0
1570355718596 0.23481221497058868 0
1570355720425 0.348040372133255 0
1570355722294 0.19654031097888947 0
1570355724129 0.2627100646495819 0
1570355725954 0.30731162428855896 0
1570355727791 0.17294077575206757 0
1570355729791 0.38306179642677307 0
1570355731623 0.38226318359375 0
1570355733374 0.3364409804344177 0
1570355735194 0.2694031596183777 0
1570355736928 0.2932569980621338 0
1570355738797 0.2853487730026245 0
1570355740632 0.39729997515678406 0
1570355742422 0.21572370827198029 0
1570355744351 0.22768566012382507 0
1570355746159 0.2928827702999115 0
1570355748047 0.2854698896408081 0
1570355749808 0.3592376112937927 0
1570355751708 0.2840016484260559 0
1570355753565 0.34192541241645813 0
1570355755442 0.2054750919342041 0
1570355757305 0.33264902234077454 0
1570355759160 0.2519065737724304 0
1570355761040 0.3740944266319275 0
1570355762918 0.35422343015670776 0
1570355764778 0.23805439472198486 0
1570355766653 0.38757583498954773 0
1570355768516 0.2238553762435913 0
1570355770410 0.314887672662735 0
1570355772295 0.21500501036643982 0
1570355774168 0.223887100815773 0
1570355775942 0.39777132868766785 0
1570355777646 0.2935360372066498 0
1570355779467 0.3228442072868347 0
1570355781315 0.253073126077652 0
1570355783149 0.3187667429447174 0
1570355784991 0.3509018123149872 0
1570355786673 0.34110385179519653 0
1570355788351 0.3392069339752197 0
1570355790057 0.37054377794265747 0
1570355791860 0.20852810144424438 0
1570355793703 0.2827795743942261 0
1570355795578 0.20978295803070068 0
1570355797433 0.23306652903556824 0
1570355799306 0.2695696949958801 0
1570355801171 0.2220795750617981 0
1570355803056 0.21147431433200836 0
1570355804922 0.3469545841217041 0
1570355806758 0.264326810836792 0
1570355808519 0.23578742146492004 0
1570355810480 0.2394273728132248 0
1570355812383 0.2422679364681244 0
1570355814213 0.27501970529556274 0
1570355816083 0.218616783618927 0
1570355818049 0.2782880663871765 0
1570355819862 0.26270973682403564 0
1570355821717 0.3270210325717926 0
1570355823561 0.20234739780426025 0
1570355825439 0.27296996116638184 0
1570355827349 0.3197287321090698 0
1570355829181 0.22391602396965027 0
1570355831026 0.24194085597991943 0
1570355832886 0.24398761987686157 0
1570355834733 0.21676987409591675 0
1570355836593 0.3459257483482361 0
1570355838432 0.3310290575027466 0
1570355840364 0.37887096405029297 0
1570355842265 0.251803994178772 0
1570355844107 0.40612196922302246 0
1570355846006 0.3581383228302002 0
1570355847939 0.27556663751602173 0
1570355849825 0.2221294492483139 0
1570355851692 0.32874494791030884 0
1570355853567 0.37395399808883667 0
1570355855478 0.27170342206954956 0
1570355857468 0.33187732100486755 0
1570355859248 0.2746647894382477 0
1570355861097 0.30314919352531433 0
1570355863006 0.240251824259758 0
1570355864852 0.245762899518013 0
1570355866683 0.20229114592075348 0
1570355868547 0.29586368799209595 0
1570355870352 0.25289976596832275 0
1570355872273 0.3234547972679138 0
1570355874097 0.2078358680009842 0
1570355875977 0.33205172419548035 0
1570355877829 0.289537250995636 0
1570355879678 0.3361878991127014 0
1570355881518 0.22569559514522552 0
1570355883389 0.2368030846118927 0
1570355885246 0.26889926195144653 0
1570355887154 0.258251428604126 0
1570355888950 0.3823733925819397 0
1570355890822 0.2825377583503723 0
1570355892663 0.2654433846473694 0
1570355894533 0.27503788471221924 0
1570355896307 0.2663646340370178 0
1570355898138 0.21909010410308838 0
1570355900008 0.333929181098938 0
1570355901939 0.29206418991088867 0
1570355903847 0.28584009408950806 0
1570355905731 0.3165994882583618 0
1570355907688 0.2930011749267578 0
1570355909578 0.2608566880226135 0
1570355911465 0.35606610774993896 0
1570355913323 0.34644341468811035 0
1570355915223 0.21385841071605682 0
1570355916964 0.3780721426010132 0
1570355918811 0.2323712408542633 0
1570355920695 0.2285234034061432 0
1570355922467 0.22517713904380798 0
1570355924297 0.3228563070297241 0
1570355926177 0.29029515385627747 0
1570355928005 0.30673444271087646 0
1570355929855 0.2619658410549164 0
1570355931689 0.4758908450603485 0
1570355933572 0.3631340265274048 0
1570355935436 0.312791645526886 0
1570355937304 0.3444267213344574 0
1570355939131 0.2340710461139679 0
1570355941007 0.3061651289463043 0
1570355942843 0.34727582335472107 0
1570355944697 0.2932438850402832 0
1570355946561 0.2794516682624817 0
1570355948441 0.2850115895271301 0
1570355950340 0.2116432785987854 0
1570355952320 0.3013777732849121 0
1570355954237 0.2206404060125351 0
1570355956122 0.21006450057029724 0
1570355958040 0.2050073742866516 0
1570355959992 0.2476883977651596 0
1570355961944 0.28217676281929016 0
1570355963845 0.28648900985717773 0
1570355965756 0.2509274482727051 0
1570355967722 0.20334704220294952 0
1570355969688 0.3656272888183594 0
1570355971623 0.2426416575908661 0
1570355973592 0.33949440717697144 0
1570355975572 0.2543794810771942 0
1570355977465 0.2913428246974945 0
1570355979427 0.22624848783016205 0
1570355981312 0.2446296066045761 0
1570355983243 0.31149548292160034 0
1570355985131 0.27247288823127747 0
1570355987032 0.2433079332113266 0
1570355988933 0.2715507745742798 0
1570355990832 0.361994206905365 0
1570355992774 0.2913447916507721 0
1570355994659 0.3041703701019287 0
1570355996550 0.3430902659893036 0
1570355998467 0.26157617568969727 0
1570356000422 0.25433871150016785 0
1570356002322 0.31188642978668213 0
1570356004230 0.3748025894165039 0
1570356006179 0.32062458992004395 0
1570356008105 0.21314698457717896 0
1570356010016 0.3569478690624237 0
1570356011913 0.30320286750793457 0
1570356013887 0.28782618045806885 0
1570356015856 0.23940014839172363 0
1570356017709 0.264199435710907 0
1570356019621 0.2993330955505371 0
1570356021600 0.3199683427810669 0
1570356023543 0.2841522991657257 0
1570356025464 0.2919347882270813 0
1570356027365 0.2852048873901367 0
1570356029326 0.2611963748931885 0
1570356031295 0.3553450107574463 0
1570356033182 0.23898684978485107 0
1570356035076 0.2852787971496582 0
1570356037041 0.2487054169178009 0
1570356038984 0.36855119466781616 0
1570356040934 0.25611013174057007 0
1570356042764 0.3405736982822418 0
1570356044597 0.2661566734313965 0
1570356046546 0.2819402813911438 0
1570356048458 0.2969474792480469 0
1570356050378 0.21616175770759583 0
1570356052358 0.1844792366027832 0
1570356054342 0.2574872076511383 0
1570356056248 0.24746879935264587 0
1570356058176 0.3373408317565918 0
1570356060143 0.2789362967014313 0
1570356062094 0.2050490379333496 0
1570356064013 0.2556050419807434 0
1570356066026 0.2501000463962555 0
1570356067916 0.3743814527988434 0
1570356069797 0.28073808550834656 0
1570356071675 0.28297778964042664 0
1570356073566 0.24928906559944153 0
1570356075433 0.30819082260131836 0
1570356077378 0.27299797534942627 0
1570356079298 0.24760639667510986 0
1570356081256 0.28775569796562195 0
1570356083043 0.11574438214302063 0
1570356084929 0.2962571978569031 0
1570356086886 0.3163851201534271 0
1570356088819 0.2615530490875244 0
1570356090765 0.5105923414230347 0
1570356092724 0.3017968535423279 0
1570356094618 0.34888559579849243 0
1570356096533 0.26972901821136475 0
1570356098508 0.33388423919677734 0
1570356100471 0.2287983000278473 0
1570356102387 0.27945035696029663 0
1570356104336 0.27486535906791687 0
1570356106300 0.2432699203491211 0
1570356108271 0.375383585691452 0
1570356110216 0.2153593748807907 0
1570356112158 0.24300985038280487 0
1570356114077 0.2612770199775696 0
1570356115977 0.2895027697086334 0
1570356117787 0.2740201950073242 0
1570356119758 0.2816891074180603 0
1570356121618 0.26483768224716187 0
1570356123464 0.21401730179786682 0
1570356125310 0.3178755044937134 0
1570356127146 0.2583962082862854 0
1570356129157 0.2425149381160736 0
1570356131132 0.2853930592536926 0
1570356133064 0.267828106880188 0
1570356135046 0.2280973643064499 0
1570356136959 0.158983051776886 0
1570356138898 0.41191932559013367 0
1570356140822 0.19386400282382965 0
1570356142727 0.2663270831108093 0
1570356144672 0.30861085653305054 0
1570356146609 0.16509902477264404 0
1570356148521 0.26115456223487854 0
1570356150464 0.23562344908714294 0
1570356152448 0.30981123447418213 0
1570356154405 0.37568116188049316 0
1570356156330 0.2892853021621704 0
1570356158348 0.26641207933425903 0
1570356160364 0.2384186089038849 0
1570356162281 0.3129265308380127 0
1570356164245 0.2542308568954468 0
1570356166249 0.3310201168060303 0
1570356168161 0.2342127114534378 0
1570356170176 0.2084902822971344 0
1570356172141 0.32957205176353455 0
1570356174084 0.2522013187408447 0
1570356175992 0.3195364475250244 0
1570356177996 0.3203895092010498 0
1570356179944 0.2891947329044342 0
1570356181943 0.3342556059360504 0
1570356183916 0.3500481843948364 0
1570356185785 0.29609212279319763 0
1570356187663 0.2441936880350113 0
1570356189626 0.4241687059402466 0
1570356191559 0.3032383918762207 0
1570356193564 0.34326446056365967 0
1570356195493 0.31610530614852905 0
1570356197497 0.25263530015945435 0
1570356199468 0.32310301065444946 0
1570356201410 0.28958970308303833 0
1570356203374 0.28028538823127747 0
1570356205301 0.21790488064289093 0
1570356207338 0.20126180350780487 0
1570356209259 0.25294363498687744 0
1570356211170 0.295221209526062 0
1570356213109 0.37214547395706177 0
1570356215147 0.28488296270370483 0
1570356217261 0.24311694502830505 0
1570356219229 0.2700519859790802 0
1570356221146 0.3418658971786499 0
1570356223146 0.28889405727386475 0
1570356225105 0.30412018299102783 0
1570356227074 0.2695797383785248 0
1570356228988 0.24425168335437775 0
1570356230968 0.3751472234725952 0
1570356232978 0.29501986503601074 0
1570356234931 0.23822928965091705 0
1570356236931 0.28138428926467896 0
1570356238849 0.3027012348175049 0
1570356240831 0.27088314294815063 0
1570356242835 0.20396386086940765 0
1570356244766 0.29933929443359375 0
1570356246832 0.23593121767044067 0
1570356248785 0.3029288649559021 0
1570356250751 0.2859402000904083 0
1570356252557 0.19706594944000244 0
1570356254484 0.27332043647766113 0
1570356256419 0.24592125415802002 0
1570356258407 0.2773347496986389 0
1570356260350 0.3532387614250183 0
1570356262329 0.34247416257858276 0
1570356264287 0.2124105989933014 0
1570356266258 0.38910001516342163 0
1570356268253 0.2881970703601837 0
1570356270336 0.31420260667800903 0
1570356272275 0.30490419268608093 0
1570356274214 0.33179163932800293 0
1570356276156 0.24104607105255127 0
1570356278205 0.4246653616428375 0
1570356280249 0.4137681722640991 0
1570356282204 0.4137226343154907 0
1570356284172 0.28098830580711365 0
1570356286185 0.23190417885780334 0
1570356288164 0.33559757471084595 0
1570356290107 0.21275794506072998 0
1570356292142 0.34331393241882324 0
1570356294147 0.2873378396034241 0
1570356296109 0.32711702585220337 0
1570356298076 0.3111361861228943 0
1570356299965 0.26564037799835205 0
1570356301858 0.2991171181201935 0
1570356303778 0.22496408224105835 0
1570356305704 0.3634015917778015 0
1570356307636 0.24353402853012085 0
1570356309556 0.15139630436897278 0
1570356311558 0.3158837556838989 0
1570356313548 0.3893629312515259 0
1570356315509 0.31841883063316345 0
1570356317524 0.2774316668510437 0
1570356319508 0.2588658630847931 0
1570356321544 0.19588765501976013 0
1570356323474 0.24799573421478271 0
1570356325420 0.32410159707069397 0
1570356327380 0.2620561122894287 0
1570356329284 0.20681706070899963 0
1570356331184 0.19987836480140686 0
1570356333104 0.3270626664161682 0
1570356335060 0.2887062132358551 0
1570356337010 0.2300174981355667 0
1570356338946 0.3127436637878418 0
1570356340962 0.35227125883102417 0
1570356342912 0.3872098922729492 0
1570356344823 0.2628812789916992 0
1570356346762 0.31119123101234436 0
1570356348713 0.23547039926052094 0
1570356350775 0.33380258083343506 0
1570356352695 0.21920478343963623 0
1570356354695 0.23029854893684387 0
1570356356627 0.25965046882629395 0
1570356358584 0.30062368512153625 0
1570356360487 0.22219474613666534 0
1570356362414 0.27912333607673645 0
1570356364357 0.26854202151298523 0
1570356366267 0.3139570355415344 0
1570356368178 0.33093881607055664 0
1570356370087 0.30091869831085205 0
1570356372072 0.34582364559173584 0
1570356373991 0.29417669773101807 0
1570356375958 0.27749669551849365 0
1570356377845 0.20007310807704926 0
1570356379799 0.28860002756118774 0
1570356381823 0.30473822355270386 0
1570356383765 0.32244619727134705 0
1570356385695 0.2664106786251068 0
1570356387715 0.29657620191574097 0
1570356389696 0.2811238169670105 0
1570356391616 0.2915758490562439 0
1570356393534 0.3381597399711609 0
1570356395483 0.22551050782203674 0
1570356397494 0.3188893795013428 0
1570356399473 0.2736879587173462 0
1570356401396 0.25241830945014954 0
1570356403402 0.22379140555858612 0
1570356405326 0.35223856568336487 0
1570356407244 0.29660001397132874 0
1570356409176 0.22147870063781738 0
1570356411278 0.32356762886047363 0
1570356413195 0.28285542130470276 0
1570356415215 0.17346332967281342 0
1570356417238 0.3417244851589203 0
1570356419277 0.24497097730636597 0
1570356421263 0.22996780276298523 0
1570356423315 0.20526915788650513 0
1570356425354 0.20297160744667053 0
1570356427280 0.19692304730415344 0
1570356429122 0.35667458176612854 0
1570356430958 0.29555079340934753 0
1570356432923 0.32513976097106934 0
1570356434940 0.21296104788780212 0
1570356436887 0.290113627910614 0
1570356438720 0.2400391697883606 0
1570356440597 0.2941279113292694 0
1570356442536 0.29633939266204834 0
1570356444377 0.24372759461402893 0
1570356446298 0.21451935172080994 0
1570356448201 0.2956153154373169 0
1570356450186 0.29989495873451233 0
1570356452181 0.380079448223114 0
1570356454182 0.2139744758605957 0
1570356456155 0.27866142988204956 0
1570356458132 0.24006778001785278 0
1570356460121 0.23939839005470276 0
1570356462111 0.32794874906539917 0
1570356464062 0.34028881788253784 0
1570356466058 0.38561227917671204 0
1570356467974 0.36914780735969543 0
1570356469960 0.18977071344852448 0
1570356471997 0.2649437189102173 0
1570356473957 0.22362616658210754 0
1570356475937 0.2873157560825348 0
1570356477925 0.2106463760137558 0
1570356479933 0.2989991307258606 0
1570356481891 0.27068030834198 0
1570356483928 0.2037486433982849 0
1570356485952 0.2750623822212219 0
1570356488001 0.3504297137260437 0
1570356490032 0.4031834900379181 0
1570356492020 0.3092224597930908 0
1570356494084 0.23643216490745544 0
1570356496114 0.3554568886756897 0
1570356498107 0.2653089761734009 0
1570356500074 0.19225987792015076 0
1570356502012 0.25903552770614624 0
1570356504050 0.2694147825241089 0
1570356506013 0.3030925989151001 0
1570356508023 0.3015647232532501 0
1570356510113 0.30322694778442383 0
1570356512188 0.2661696672439575 0
1570356514109 0.19286608695983887 0
1570356516007 0.3031972646713257 0
1570356517871 0.29315420985221863 0
1570356519910 0.2785379886627197 0
1570356521877 0.24412032961845398 0
1570356523834 0.29066765308380127 0
1570356525817 0.2842409610748291 0
1570356527747 0.2182351052761078 0
1570356529742 0.32072728872299194 0
1570356531713 0.3707570433616638 0
1570356533760 0.2574760317802429 0
1570356535704 0.27634793519973755 0
1570356537689 0.319111704826355 0
1570356539673 0.30172327160835266 0
1570356541689 0.24833163619041443 0
1570356543686 0.352726012468338 0
1570356545660 0.3307192027568817 0
1570356547623 0.1883447915315628 0
