1570352979853 0.35312145948410034 0
1570352985635 0.3363550305366516 0
1570352989265 0.3269953727722168 0
1570352990639 0.3219107389450073 0
1570352996721 0.3246252238750458 0
1570352998978 0.3115028142929077 0
1570353001518 0.29895561933517456 0
1570353003860 0.2999734878540039 0
1570353007762 0.2993212640285492 0
1570353009063 0.28164756298065186 0
1570353010393 0.2807539105415344 0
1570353011947 0.26977014541625977 0
1570353014292 0.2623000144958496 0
1570353016589 0.25308188796043396 0
1570353018588 0.259975790977478 0
1570353020595 0.2636769413948059 0
1570353022527 0.2616550922393799 0
1570353024557 0.26746368408203125 0
1570353026756 0.24846510589122772 0
1570353029128 0.25513556599617004 0
1570353033149 0.25669389963150024 0
1570353035031 0.25195595622062683 0
1570353037168 0.23631340265274048 0
1570353038653 0.24379009008407593 0
1570353040954 0.22986215353012085 0
1570353042254 0.25667881965637207 0
1570353043887 0.2609659433364868 0
1570353045894 0.2373007833957672 0
1570353047863 0.2341872751712799 0
1570353049545 0.24128581583499908 0
1570353051202 0.23967328667640686 0
1570353053642 0.23941200971603394 0
1570353055268 0.22988548874855042 0
1570353057098 0.2412957400083542 0
1570353058729 0.23320157825946808 0
1570353061091 0.22822900116443634 0
1570353062463 0.22830551862716675 0
1570353064436 0.22018057107925415 0
1570353067121 0.22784961760044098 0
1570353068853 0.2163919061422348 0
1570353070399 0.22156664729118347 0
1570353072615 0.22844822704792023 0
1570353074246 0.22815480828285217 0
1570353075690 0.22687578201293945 0
1570353077191 0.2268061637878418 0
1570353079004 0.2220081388950348 0
1570353080590 0.22455385327339172 0
1570353082148 0.21091870963573456 0
1570353083757 0.22629553079605103 0
1570353085590 0.22952069342136383 0
1570353086802 0.22018373012542725 0
1570353088599 0.2092440277338028 0
1570353090103 0.21798427402973175 0
1570353092144 0.21971291303634644 0
1570353093428 0.2189595103263855 0
1570353094717 0.22097620368003845 0
1570353095915 0.2143881916999817 0
1570353097740 0.2145175188779831 0
1570353099475 0.2074793577194214 0
1570353100867 0.23781511187553406 0
1570353102395 0.21201172471046448 0
1570353104728 0.2169101983308792 0
1570353106787 0.21352562308311462 0
1570353108432 0.2086828351020813 0
1570353109973 0.21562443673610687 0
1570353111212 0.21034002304077148 0
1570353112461 0.2152947187423706 0
1570353114108 0.1949251890182495 0
1570353115383 0.20715373754501343 0
1570353116690 0.21083690226078033 0
1570353118634 0.19810175895690918 0
1570353119853 0.21070989966392517 0
1570353121133 0.2120215892791748 0
1570353122551 0.21396198868751526 0
1570353124237 0.20491796731948853 0
1570353125524 0.20905113220214844 0
1570353126784 0.206325501203537 0
1570353128159 0.21486644446849823 0
1570353129713 0.1968846321105957 0
1570353131263 0.20583173632621765 0
1570353132616 0.20447900891304016 0
1570353133887 0.20157074928283691 0
1570353135279 0.20547722280025482 0
1570353136662 0.20891731977462769 0
1570353138529 0.20679087936878204 0
1570353139759 0.20430077612400055 0
1570353141099 0.19521185755729675 0
1570353142326 0.20317380130290985 0
1570353144288 0.201165109872818 0
1570353145789 0.19614768028259277 0
1570353147257 0.20153029263019562 0
1570353149012 0.20091399550437927 0
1570353150405 0.19980624318122864 0
1570353151633 0.1963491141796112 0
1570353153150 0.1970144659280777 0
1570353154418 0.18703503906726837 0
1570353155687 0.19222521781921387 0
1570353156961 0.19593828916549683 0
1570353158236 0.2083505392074585 0
1570353159901 0.19069057703018188 0
1570353161245 0.18778224289417267 0
1570353162537 0.2072063535451889 0
1570353163758 0.20241740345954895 0
1570353164985 0.1874718964099884 0
1570353166238 0.19225168228149414 0
1570353167607 0.19867955148220062 0
1570353168910 0.1887374222278595 0
1570353170227 0.19250449538230896 0
1570353171532 0.19789868593215942 0
1570353172851 0.20035028457641602 0
1570353174110 0.1880382001399994 0
1570353175360 0.18595750629901886 0
1570353176622 0.1882043033838272 0
1570353177880 0.1813177466392517 0
1570353179176 0.18796448409557343 0
1570353180566 0.17819291353225708 0
1570353181889 0.19873005151748657 0
1570353183218 0.1899230182170868 0
1570353184485 0.21250733733177185 0
1570353185755 0.18594300746917725 0
1570353186997 0.19481930136680603 0
1570353188195 0.19563418626785278 0
1570353189443 0.18782630562782288 0
1570353190620 0.18379545211791992 0
1570353191899 0.18877778947353363 0
1570353193187 0.188023179769516 0
1570353194453 0.1804727017879486 0
1570353195799 0.1854400336742401 0
1570353197072 0.18500372767448425 0
1570353198360 0.18537086248397827 0
1570353199679 0.18150070309638977 0
1570353201057 0.1906624138355255 0
1570353202330 0.19174930453300476 0
1570353203611 0.18018729984760284 0
1570353205000 0.17871594429016113 0
1570353206289 0.1824849545955658 0
1570353207514 0.1945818066596985 0
1570353208726 0.1802181601524353 0
1570353210039 0.1813977211713791 0
1570353211389 0.19146345555782318 0
1570353212664 0.18416206538677216 0
1570353214076 0.18848085403442383 0
1570353215375 0.1759616732597351 0
1570353216649 0.18345262110233307 0
1570353217954 0.19550740718841553 0
1570353219284 0.18528464436531067 0
1570353220700 0.1814780980348587 0
1570353221998 0.1785408854484558 0
1570353223319 0.17612072825431824 0
1570353224632 0.17041873931884766 0
1570353225932 0.18878653645515442 0
1570353227205 0.18977881968021393 0
1570353228445 0.1745167076587677 0
1570353229723 0.18443407118320465 0
1570353230988 0.1791166067123413 0
1570353232295 0.17208123207092285 0
1570353233646 0.1805596947669983 0
1570353234917 0.19093750417232513 0
1570353236394 0.17207495868206024 0
1570353237799 0.1824922114610672 0
1570353239172 0.17595495283603668 0
1570353240554 0.17331945896148682 0
1570353241821 0.17374655604362488 0
1570353243057 0.1773759424686432 0
1570353244328 0.1842687875032425 0
1570353245614 0.18392547965049744 0
1570353246899 0.16513727605342865 0
1570353248236 0.1691620945930481 0
1570353249516 0.17790266871452332 0
1570353250804 0.1697036623954773 0
1570353252202 0.17360050976276398 0
1570353253544 0.17087417840957642 0
1570353254811 0.1804514229297638 0
1570353256055 0.17566607892513275 0
1570353257344 0.16738742589950562 0
1570353258636 0.16550478339195251 0
1570353260068 0.17608502507209778 0
1570353261350 0.1672869324684143 0
1570353262755 0.17578554153442383 0
1570353264030 0.1756390482187271 0
1570353265405 0.17221534252166748 0
1570353266794 0.17478419840335846 0
1570353268237 0.17247413098812103 0
1570353269558 0.17683260142803192 0
1570353270816 0.17395763099193573 0
1570353272214 0.1681508719921112 0
1570353273639 0.16411396861076355 0
1570353274947 0.16680499911308289 0
1570353276218 0.17096391320228577 0
1570353277573 0.16540418565273285 0
1570353278942 0.1734904646873474 0
1570353280303 0.1656692624092102 0
1570353281747 0.1651027947664261 0
1570353283072 0.16897770762443542 0
1570353284395 0.17116913199424744 0
1570353285681 0.16193658113479614 0
1570353287056 0.16879957914352417 0
1570353288367 0.1678789258003235 0
1570353289739 0.17005762457847595 0
1570353291063 0.1700488179922104 0
1570353292343 0.17103499174118042 0
1570353293691 0.15412196516990662 0
1570353294988 0.18231303989887238 0
1570353296220 0.1564171314239502 0
1570353297498 0.1571950912475586 0
1570353298784 0.16992303729057312 0
1570353300081 0.16442519426345825 0
1570353301495 0.16802486777305603 0
1570353302894 0.1577407717704773 0
1570353304268 0.1709967404603958 0
1570353305542 0.16251330077648163 0
1570353306842 0.1583343744277954 0
1570353308113 0.1686815321445465 0
1570353309507 0.1595771759748459 0
1570353310866 0.15770071744918823 0
1570353312174 0.1643129587173462 0
1570353313459 0.1607312560081482 0
1570353314831 0.1678268313407898 0
1570353316234 0.17274469137191772 0
1570353317654 0.15564343333244324 0
1570353319096 0.170220747590065 0
1570353320572 0.1695651113986969 0
1570353321934 0.16540572047233582 0
1570353323332 0.1520150899887085 0
1570353324722 0.15837448835372925 0
1570353326122 0.17005248367786407 0
1570353327510 0.16571246087551117 0
1570353328812 0.16531628370285034 0
1570353330140 0.16707119345664978 0
1570353331401 0.16316963732242584 0
1570353332812 0.16940414905548096 0
1570353334180 0.15862520039081573 0
1570353335485 0.15224198997020721 0
1570353336763 0.14877480268478394 0
1570353338054 0.16585153341293335 0
1570353339442 0.15686947107315063 0
1570353340822 0.15478548407554626 0
1570353342103 0.16137784719467163 0
1570353343386 0.14838171005249023 0
1570353344696 0.15564176440238953 0
1570353346061 0.14937925338745117 0
1570353347526 0.1469188630580902 0
1570353348993 0.15978163480758667 0
1570353350412 0.1629999577999115 0
1570353351679 0.16655847430229187 0
1570353352981 0.15241339802742004 0
1570353354305 0.16396848857402802 0
1570353355669 0.16277562081813812 0
1570353357127 0.15259042382240295 0
1570353358443 0.17239558696746826 0
1570353359805 0.15437553822994232 0
1570353361219 0.159518763422966 0
1570353362639 0.14802029728889465 0
1570353364059 0.15250159800052643 0
1570353365499 0.15393447875976562 0
1570353366842 0.15408068895339966 0
1570353368192 0.1664247214794159 0
1570353369669 0.16283749043941498 0
1570353371026 0.14675067365169525 0
1570353372367 0.1589685082435608 0
1570353373827 0.15699121356010437 0
1570353375225 0.15776029229164124 0
1570353376559 0.14991754293441772 0
1570353377897 0.15744537115097046 0
1570353379200 0.151080921292305 0
1570353380500 0.15402579307556152 0
1570353381850 0.15548114478588104 0
1570353383348 0.15374919772148132 0
1570353384757 0.14278720319271088 0
1570353386109 0.1495582014322281 0
1570353387476 0.15508653223514557 0
1570353388869 0.1484842300415039 0
1570353390176 0.16375771164894104 0
1570353391528 0.1444905549287796 0
1570353392871 0.14766345918178558 0
1570353394277 0.1637330949306488 0
1570353395683 0.14811646938323975 0
1570353396973 0.15811766684055328 0
1570353398362 0.14444687962532043 0
1570353399663 0.1476440578699112 0
1570353400958 0.14012384414672852 0
1570353402355 0.13694621622562408 0
1570353403612 0.1461309790611267 0
1570353404977 0.15233920514583588 0
1570353406410 0.15590867400169373 0
1570353407765 0.16502070426940918 0
1570353409083 0.1417747437953949 0
1570353410415 0.1465962827205658 0
1570353411717 0.16132953763008118 0
1570353413061 0.15551459789276123 0
1570353414429 0.15997916460037231 0
1570353415767 0.15100210905075073 0
1570353417160 0.13972638547420502 0
1570353418473 0.14222599565982819 0
1570353419874 0.143178790807724 0
1570353421188 0.15309590101242065 0
1570353422498 0.13872596621513367 0
1570353423886 0.15036961436271667 0
1570353425283 0.15086311101913452 0
1570353426647 0.14378979802131653 0
1570353427926 0.15381261706352234 0
1570353429211 0.14797189831733704 0
1570353430599 0.14485293626785278 0
1570353431966 0.1326456516981125 0
1570353433260 0.1557556390762329 0
1570353434523 0.1528662145137787 0
1570353435721 0.13894939422607422 0
1570353436999 0.1553039401769638 0
1570353438315 0.14450758695602417 0
1570353439593 0.13954994082450867 0
1570353440941 0.1577395498752594 0
1570353442262 0.15756425261497498 0
1570353443588 0.14303338527679443 0
1570353444916 0.15432856976985931 0
1570353446385 0.13652130961418152 0
1570353447821 0.1460639387369156 0
1570353449256 0.14699822664260864 0
1570353450622 0.1448475420475006 0
1570353451923 0.14686061441898346 0
1570353453205 0.1490590125322342 0
1570353454475 0.1402614563703537 0
1570353455735 0.13932585716247559 0
1570353457005 0.1580110490322113 0
1570353458365 0.156907856464386 0
1570353459852 0.14248615503311157 0
1570353461220 0.14578920602798462 0
1570353462522 0.12834453582763672 0
1570353463886 0.14374777674674988 0
1570353465326 0.15473148226737976 0
1570353466771 0.14006119966506958 0
1570353468217 0.14122119545936584 0
1570353469684 0.13838118314743042 0
1570353471170 0.13469181954860687 0
1570353472603 0.13534998893737793 0
1570353474063 0.15787746012210846 0
1570353475508 0.1368829756975174 0
1570353476994 0.15904080867767334 0
1570353478448 0.14755091071128845 0
1570353479892 0.14796194434165955 0
1570353481331 0.1553916484117508 0
1570353482822 0.1343335658311844 0
1570353484297 0.13810287415981293 0
1570353485693 0.1471269130706787 0
1570353487172 0.14411622285842896 0
1570353488657 0.13072937726974487 0
1570353490187 0.13976307213306427 0
1570353491741 0.1433562934398651 0
1570353493269 0.14422385394573212 0
1570353494729 0.1569327414035797 0
1570353496072 0.13547608256340027 0
1570353497523 0.1377277374267578 0
1570353498853 0.13864220678806305 0
1570353500197 0.1422879993915558 0
1570353501513 0.13534420728683472 0
1570353503011 0.15190847218036652 0
1570353504560 0.1408659666776657 0
1570353505928 0.14910490810871124 0
1570353507290 0.14683189988136292 0
1570353508615 0.13502109050750732 0
1570353509927 0.144120454788208 0
1570353511260 0.13242538273334503 0
1570353512623 0.12535646557807922 0
1570353513993 0.14523306488990784 0
1570353515361 0.13742955029010773 0
1570353516694 0.13804954290390015 0
1570353517989 0.15156245231628418 0
1570353519452 0.13555917143821716 0
1570353520881 0.13116785883903503 0
1570353522213 0.15036004781723022 0
1570353523605 0.14573025703430176 0
1570353525058 0.15065816044807434 0
1570353526453 0.14779818058013916 0
1570353527853 0.1483643651008606 0
1570353529154 0.1466268002986908 0
1570353530684 0.13226376473903656 0
1570353532187 0.12799830734729767 0
1570353533659 0.13916252553462982 0
1570353535098 0.13376054167747498 0
1570353536543 0.14295779168605804 0
1570353537997 0.1518445611000061 0
1570353539458 0.12755125761032104 0
1570353540906 0.1304367631673813 0
1570353542410 0.13227330148220062 0
1570353543763 0.14162677526474 0
1570353545109 0.13463261723518372 0
1570353546509 0.14016656577587128 0
1570353547919 0.12814709544181824 0
1570353549214 0.149887353181839 0
1570353550602 0.13079272210597992 0
1570353552055 0.14659741520881653 0
1570353567115 0.13201257586479187 0
1570353568584 0.12591789662837982 0
1570353581139 0.13893303275108337 0
1570353582563 0.13277706503868103 0
1570353583967 0.13183638453483582 0
1570353585362 0.1494748592376709 0
1570353586866 0.12432567030191422 0
1570353618618 0.12894123792648315 0
1570353620056 0.1438254565000534 0
1570353621498 0.15152880549430847 0
1570353622948 0.13804589211940765 0
1570353624394 0.12748105823993683 0
1570353625831 0.13886374235153198 0
1570353627300 0.1363275647163391 0
1570353628688 0.13332360982894897 0
1570353630153 0.13098135590553284 0
1570353631487 0.13694952428340912 0
1570353651705 0.13611887395381927 0
1570353653115 0.11630742251873016 0
1570353654549 0.1329277753829956 0
1570353655946 0.13950765132904053 0
1570353657378 0.1339433640241623 0
1570353658659 0.12850159406661987 0
1570353659903 0.12574675679206848 0
1570353661170 0.15025891363620758 0
1570353662527 0.1330852508544922 0
1570353663837 0.1299455761909485 0
1570353665173 0.1293969750404358 0
1570353666646 0.12805268168449402 0
1570353668020 0.1302918791770935 0
1570353669478 0.13314133882522583 0
1570353670871 0.13961875438690186 0
1570353672288 0.13561351597309113 0
1570353673644 0.13560575246810913 0
1570353674949 0.1232713907957077 0
1570353676311 0.13188010454177856 0
1570353677655 0.13639308512210846 0
1570353678978 0.12114191800355911 0
1570353680402 0.1277962028980255 0
1570353681789 0.1273248791694641 0
1570353683168 0.12862925231456757 0
1570353684690 0.12090844660997391 0
1570353685951 0.13029783964157104 0
1570353687242 0.13679775595664978 0
1570353688580 0.12808029353618622 0
1570353689963 0.13850605487823486 0
1570353691379 0.1286798119544983 0
1570353692818 0.13716022670269012 0
1570353694255 0.12754830718040466 0
1570353695726 0.12730103731155396 0
1570353697185 0.13686051964759827 0
1570353698602 0.13197538256645203 0
1570353700055 0.11879779398441315 0
1570353701520 0.13063976168632507 0
1570353702948 0.12497801333665848 0
1570353704396 0.12757405638694763 0
1570353705845 0.13073080778121948 0
1570353707354 0.1341201663017273 0
1570353708855 0.12921059131622314 0
1570353710303 0.11534469574689865 0
1570353711733 0.1283964216709137 0
1570353713083 0.11587320268154144 0
1570353714572 0.1253623515367508 0
1570353716010 0.11821354180574417 0
1570353717387 0.11918003857135773 0
1570353718768 0.1270698755979538 0
1570353720180 0.12123042345046997 0
1570353721574 0.13264428079128265 0
1570353722965 0.12449544668197632 0
1570353724315 0.12731707096099854 0
1570353725727 0.127954363822937 0
1570353727078 0.1212405264377594 0
1570353728424 0.1195492297410965 0
1570353729828 0.13705269992351532 0
1570353731422 0.11723309755325317 0
1570353732838 0.12329794466495514 0
1570353734253 0.15339446067810059 0
1570353735638 0.13279706239700317 0
1570353737082 0.15429198741912842 0
1570353738558 0.1212129145860672 0
1570353740015 0.12445059418678284 0
1570353741456 0.1364714503288269 0
1570353742934 0.11594925820827484 0
1570353744377 0.12919987738132477 0
1570353745822 0.13451585173606873 0
1570353747285 0.12104728072881699 0
1570353748736 0.13207532465457916 0
1570353750234 0.1203252449631691 0
1570353751769 0.12823563814163208 0
1570353753264 0.11437077820301056 0
1570353754789 0.13599488139152527 0
1570353756325 0.1228884607553482 0
1570353757800 0.12443923950195312 0
1570353759183 0.12478230893611908 0
1570353760638 0.14031121134757996 0
1570353762029 0.11791190505027771 0
1570353763485 0.11903028190135956 0
1570353764990 0.11822525411844254 0
1570353766429 0.11598843336105347 0
1570353767769 0.11499595642089844 0
1570353769106 0.1327478289604187 0
1570353770445 0.12500537931919098 0
1570353771838 0.11584381014108658 0
1570353773238 0.1305525004863739 0
1570353774615 0.1167134940624237 0
1570353776062 0.11541055142879486 0
1570353777580 0.13717716932296753 0
1570353823030 0.12471341341733932 0
1570353824560 0.12222332507371902 0
1570353826077 0.13916951417922974 0
1570353827669 0.12707939743995667 0
1570353829040 0.12470044195652008 0
1570353830437 0.12142074108123779 0
1570353831781 0.1104818731546402 0
1570353833200 0.12690317630767822 0
1570353834574 0.1337532103061676 0
1570353836019 0.11834631115198135 0
1570353837420 0.11607938259840012 0
1570353838915 0.12231908738613129 0
1570353840373 0.13120831549167633 0
1570353841783 0.1338997781276703 0
1570353843188 0.12590333819389343 0
1570353844532 0.1188526377081871 0
1570353845878 0.12223146855831146 0
1570353847335 0.11652951687574387 0
1570353848726 0.12419769912958145 0
1570353850257 0.11826634407043457 0
1570353851839 0.1258014738559723 0
1570353853298 0.11978010833263397 0
1570353854792 0.1309264600276947 0
1570353856347 0.11918410658836365 0
1570353857835 0.12219829857349396 0
1570353859374 0.13308414816856384 0
1570353860854 0.12751314043998718 0
1570353862284 0.1154249757528305 0
1570353863739 0.12915194034576416 0
1570353865200 0.11755478382110596 0
1570353866685 0.11152070015668869 0
1570353868151 0.12076982110738754 0
1570353869667 0.11717677116394043 0
1570353871195 0.12038248032331467 0
1570353872580 0.121228888630867 0
1570353874148 0.12831315398216248 0
1570353875609 0.12174548953771591 0
1570353877004 0.122599758207798 0
1570353878392 0.12415816634893417 0
1570353879783 0.10975693166255951 0
1570353881229 0.11435657739639282 0
1570353882654 0.11342017352581024 0
1570353884001 0.1038001999258995 0
1570353885351 0.1239829808473587 0
1570353886722 0.11065971106290817 0
1570353888128 0.12175089120864868 0
1570353889556 0.11313825845718384 0
1570353891172 0.11859098076820374 0
1570353892738 0.10636639595031738 0
1570353894276 0.10830807685852051 0
1570353895806 0.10856671631336212 0
1570353897373 0.12250929325819016 0
1570353898900 0.12769809365272522 0
1570353900382 0.11153889447450638 0
1570353901857 0.11840949952602386 0
1570353903387 0.11673238128423691 0
1570353904901 0.10574594140052795 0
1570353906350 0.13091304898262024 0
1570353907730 0.12103667855262756 0
1570353909118 0.12037282437086105 0
1570353910597 0.12935572862625122 0
1570353912143 0.11698514223098755 0
1570353913665 0.12595528364181519 0
1570353915122 0.11656484007835388 0
1570353916700 0.12524816393852234 0
1570353918196 0.12808844447135925 0
1570353919609 0.11423703283071518 0
1570353921141 0.11692313104867935 0
1570353922711 0.1097879633307457 0
1570353924098 0.12495191395282745 0
1570353925514 0.12206296622753143 0
1570353926922 0.10094010829925537 0
1570353928366 0.11127085983753204 0
1570353930031 0.11678758263587952 0
1570353931570 0.11074483394622803 0
1570353933048 0.1155153289437294 0
1570353934670 0.12758895754814148 0
1570353936176 0.10944005846977234 0
1570353937644 0.11659334599971771 0
1570353939033 0.11294205486774445 0
1570353940418 0.10616518557071686 0
1570353941838 0.11749537289142609 0
1570353943230 0.11610759049654007 0
1570353944668 0.1152285784482956 0
1570353946074 0.10486157983541489 0
1570353947457 0.12385060638189316 0
1570353948879 0.11300833523273468 0
1570353950358 0.12200130522251129 0
1570353951818 0.1203494742512703 0
1570353953269 0.12127326428890228 0
1570353954713 0.11821720004081726 0
1570353956158 0.12328504025936127 0
1570353957708 0.11254946887493134 0
1570353959199 0.10638995468616486 0
1570353960659 0.11025998741388321 0
1570353962199 0.11397815495729446 0
1570353963721 0.11833788454532623 0
1570353965114 0.10829202830791473 0
1570353966521 0.1163729578256607 0
1570353967934 0.09588658809661865 0
1570353969384 0.1264391392469406 0
1570353970855 0.1102316826581955 0
1570353972268 0.11600787937641144 0
1570353973802 0.12811776995658875 0
1570353975331 0.11845404654741287 0
1570353976868 0.11869508028030396 0
1570353978269 0.11196184903383255 0
1570353979673 0.11985661089420319 0
1570353981174 0.10657580196857452 0
1570353982616 0.10510869324207306 0
1570353984151 0.11064252257347107 0
1570353985681 0.11594370007514954 0
1570353987213 0.11202769726514816 0
1570353988693 0.12065651267766953 0
1570353990162 0.10543327778577805 0
1570353991702 0.10636235773563385 0
1570353993230 0.10934928059577942 0
1570353994734 0.11948202550411224 0
1570353996160 0.12812373042106628 0
1570353997554 0.11668442189693451 0
1570353999130 0.11805859208106995 0
1570354000689 0.10581869632005692 0
1570354002170 0.1272880882024765 0
1570354003687 0.11041679978370667 0
1570354005180 0.11394400894641876 0
1570354006719 0.11629070341587067 0
1570354008258 0.12394171208143234 0
1570354009789 0.10053050518035889 0
1570354011207 0.11342756450176239 0
1570354012712 0.1048215925693512 0
1570354014228 0.10424274206161499 0
1570354015714 0.10460744053125381 0
1570354017221 0.10766016691923141 0
1570354018642 0.11507011950016022 0
1570354020082 0.11570744216442108 0
1570354021478 0.11605200171470642 0
1570354022887 0.12179135531187057 0
1570354024406 0.10835982859134674 0
1570354025841 0.10541749000549316 0
1570354027317 0.1215701550245285 0
1570354028885 0.11166076362133026 0
1570354030313 0.11010365933179855 0
1570354031710 0.11777283996343613 0
1570354033300 0.10908789932727814 0
1570354034833 0.11734689027070999 0
1570354036196 0.10899566113948822 0
1570354037663 0.11123913526535034 0
1570354039075 0.10868681222200394 0
1570354040451 0.10422487556934357 0
1570354041862 0.10978523641824722 0
1570354043316 0.10274776816368103 0
1570354044755 0.10545811057090759 0
1570354046312 0.12089572846889496 0
1570354047880 0.11152602732181549 0
1570354049444 0.10702599585056305 0
1570354051030 0.10935533046722412 0
1570354052583 0.10748455673456192 0
1570354054148 0.0983094871044159 0
1570354055562 0.09625060856342316 0
1570354057116 0.10542912781238556 0
1570354058656 0.10448630899190903 0
1570354060232 0.11713771522045135 0
1570354061789 0.11044590175151825 0
1570354063296 0.11287511140108109 0
1570354064870 0.11636371910572052 0
1570354066438 0.10478055477142334 0
1570354068006 0.12504395842552185 0
1570354069610 0.1048089861869812 0
1570354071197 0.10437282919883728 0
1570354072757 0.12416274845600128 0
1570354074307 0.11688552051782608 0
1570354075951 0.10936042666435242 0
1570354077512 0.10851208865642548 0
1570354078979 0.11771588772535324 0
1570354080535 0.10089287161827087 0
1570354082114 0.10724232345819473 0
1570354083566 0.11299379169940948 0
1570354084970 0.09296448528766632 0
1570354086551 0.11271627247333527 0
1570354087980 0.12626925110816956 0
1570354089429 0.11301378905773163 0
1570354090875 0.10915780812501907 0
1570354092336 0.10154447704553604 0
1570354093849 0.09340348094701767 0
1570354095425 0.11923086643218994 0
1570354096974 0.11829009652137756 0
1570354098532 0.102597177028656 0
1570354100139 0.11318844556808472 0
1570354101760 0.11909819394350052 0
1570354103345 0.10679597407579422 0
1570354104930 0.11752046644687653 0
1570354106568 0.11728275567293167 0
1570354108175 0.10509436577558517 0
1570354109750 0.1050465926527977 0
1570354111319 0.10706228017807007 0
1570354112939 0.11817824095487595 0
1570354114545 0.10338820517063141 0
1570354115975 0.10259273648262024 0
1570354117566 0.11221818625926971 0
1570354119164 0.10736355185508728 0
1570354120663 0.11055228114128113 0
1570354122245 0.10706514120101929 0
1570354123803 0.09600725024938583 0
1570354125256 0.10740691423416138 0
1570354126675 0.10433453321456909 0
1570354128201 0.10218679159879684 0
1570354129665 0.09011716395616531 0
1570354131145 0.10373765975236893 0
1570354132846 0.10706980526447296 0
1570354134515 0.10570577532052994 0
1570354136171 0.10581566393375397 0
1570354137788 0.1070384681224823 0
1570354139364 0.1140691339969635 0
1570354140942 0.1041451096534729 0
1570354142460 0.09869320690631866 0
1570354143977 0.11305482685565948 0
1570354145605 0.10153046250343323 0
1570354147244 0.10268531739711761 0
1570354148941 0.10478323698043823 0
1570354150504 0.11873028427362442 0
1570354152080 0.10607442259788513 0
1570354153687 0.10430517792701721 0
1570354155253 0.10085997730493546 0
1570354156852 0.11935415118932724 0
1570354158521 0.11075326055288315 0
1570354160195 0.11370472609996796 0
1570354161822 0.0905398279428482 0
1570354163496 0.10998856276273727 0
1570354164962 0.10340898483991623 0
1570354166441 0.12058472633361816 0
1570354168010 0.10327544808387756 0
1570354169522 0.11413024365901947 0
1570354171137 0.09905731678009033 0
1570354172694 0.10661761462688446 0
1570354174295 0.10250476002693176 0
1570354175905 0.09904348850250244 0
1570354177384 0.09173361957073212 0
1570354178821 0.10320974886417389 0
1570354180382 0.10287125408649445 0
1570354181888 0.1052609384059906 0
1570354183390 0.11355903744697571 0
1570354184957 0.10495343059301376 0
1570354186554 0.10674871504306793 0
1570354188251 0.10515648126602173 0
1570354189910 0.11547866463661194 0
1570354191537 0.10288864374160767 0
1570354192968 0.09192031621932983 0
1570354194439 0.09890931844711304 0
1570354195905 0.10257169604301453 0
1570354197353 0.1027582436800003 0
1570354198773 0.12276489287614822 0
1570354200386 0.11284668743610382 0
1570354202020 0.10325050354003906 0
1570354203444 0.0981585755944252 0
1570354205059 0.09926767647266388 0
1570354206672 0.0967494398355484 0
1570354208184 0.09288161993026733 0
1570354209670 0.09723450243473053 0
1570354211108 0.10432245582342148 0
1570354212609 0.1062285378575325 0
1570354214176 0.09768228977918625 0
1570354215621 0.1048964262008667 0
1570354217204 0.10414745658636093 0
1570354218842 0.1082395538687706 0
1570354220459 0.11569274216890335 0
1570354222088 0.10124120861291885 0
1570354223675 0.09880582988262177 0
1570354225230 0.09615582972764969 0
1570354226899 0.1007140576839447 0
1570354228527 0.10905726253986359 0
1570354230081 0.10425577312707901 0
1570354231720 0.10247524082660675 0
1570354233333 0.10502337664365768 0
1570354234956 0.10019088536500931 0
1570354236564 0.11663050204515457 0
1570354238233 0.10054367780685425 0
1570354239854 0.101302370429039 0
1570354241485 0.11006808280944824 0
1570354243119 0.11553140729665756 0
1570354244706 0.09869149327278137 0
1570354246370 0.096260204911232 0
1570354247959 0.10155968368053436 0
1570354249570 0.10279279947280884 0
1570354251183 0.10033349692821503 0
1570354252766 0.10091036558151245 0
1570354254379 0.09898583590984344 0
1570354255960 0.09822884202003479 0
1570354257591 0.10305610299110413 0
1570354259194 0.1002834290266037 0
1570354260820 0.10722304880619049 0
1570354262461 0.111615389585495 0
1570354264092 0.09811656177043915 0
1570354265640 0.0999695435166359 0
1570354267201 0.09423372149467468 0
1570354268682 0.10081427544355392 0
1570354270189 0.09882435202598572 0
1570354271714 0.12246444821357727 0
1570354273332 0.09962528944015503 0
1570354274765 0.10004817694425583 0
1570354276268 0.09374001622200012 0
1570354277911 0.10210786759853363 0
1570354279555 0.10092893987894058 0
1570354281149 0.10778609663248062 0
1570354282774 0.09246167540550232 0
1570354284393 0.0920611321926117 0
1570354285966 0.09409352391958237 0
1570354287547 0.10271152853965759 0
1570354289150 0.10427460074424744 0
1570354290747 0.10236166417598724 0
1570354292438 0.10315296798944473 0
1570354294025 0.09528076648712158 0
1570354295675 0.10106196999549866 0
1570354297327 0.1060376837849617 0
1570354298911 0.09758181869983673 0
1570354300534 0.09530012309551239 0
1570354302258 0.09835203737020493 0
1570354303931 0.10240712761878967 0
1570354305550 0.09844495356082916 0
1570354307123 0.1066504642367363 0
1570354308731 0.09949708729982376 0
1570354310385 0.09550308436155319 0
1570354311924 0.1070776879787445 0
1570354313385 0.10130661725997925 0
1570354314892 0.09199097007513046 0
1570354316353 0.09304302930831909 0
1570354317833 0.09488894045352936 0
1570354319283 0.10342250019311905 0
1570354320780 0.09660705924034119 0
1570354322272 0.09452128410339355 0
1570354323932 0.08709968626499176 0
1570354325557 0.09923417866230011 0
1570354327172 0.1037830114364624 0
1570354328799 0.10495415329933167 0
1570354330408 0.09917598962783813 0
1570354331916 0.09552355855703354 0
1570354333438 0.10512717813253403 0
1570354335024 0.0965903252363205 0
1570354336484 0.08545392006635666 0
1570354338007 0.09580668807029724 0
1570354339495 0.09579645097255707 0
1570354340983 0.10137870162725449 0
1570354342445 0.09643638134002686 0
1570354343947 0.09854024648666382 0
1570354345437 0.10313631594181061 0
1570354346870 0.10148396342992783 0
1570354348484 0.0964750275015831 0
1570354350105 0.09099714457988739 0
1570354351745 0.09724782407283783 0
1570354353291 0.09503023326396942 0
1570354354946 0.11389651894569397 0
1570354356541 0.09686188399791718 0
1570354358314 0.1059919223189354 0
1570354359970 0.09512743353843689 0
1570354361561 0.08831246942281723 0
1570354363129 0.09339278191328049 0
1570354364732 0.11011998355388641 0
1570354366309 0.09472024440765381 0
1570354367823 0.10170452296733856 0
1570354369307 0.10164868831634521 0
1570354370755 0.10017596185207367 0
1570354372350 0.10422058403491974 0
1570354373931 0.09293144196271896 0
1570354375542 0.09824636578559875 0
1570354377229 0.09147046506404877 0
1570354378887 0.09604945778846741 0
1570354380503 0.0927763357758522 0
1570354382162 0.09582427144050598 0
1570354383755 0.09779413044452667 0
1570354385360 0.09600335359573364 0
1570354386978 0.09613701701164246 0
1570354388578 0.12267129123210907 0
1570354390239 0.08745633810758591 0
1570354391924 0.10678409039974213 0
1570354393588 0.09214362502098083 0
1570354395148 0.09705580770969391 0
1570354396766 0.09967653453350067 0
1570354398419 0.09183426946401596 0
1570354400003 0.10548608005046844 0
1570354401607 0.09208425879478455 0
1570354403117 0.09831515699625015 0
1570354404663 0.09974952042102814 0
1570354406270 0.09933461248874664 0
1570354407875 0.09609177708625793 0
1570354409554 0.08762341737747192 0
1570354411170 0.10008522123098373 0
1570354412745 0.09362050145864487 0
1570354414332 0.08675657212734222 0
1570354415979 0.09643062949180603 0
1570354417669 0.09224016219377518 0
1570354419299 0.09457536041736603 0
1570354420881 0.08826418220996857 0
1570354422515 0.10316107422113419 0
1570354424122 0.09883999824523926 0
1570354425745 0.08880004286766052 0
1570354427370 0.08462955057621002 0
1570354429042 0.08427061140537262 0
1570354430743 0.0927390307188034 0
1570354432308 0.09768503904342651 0
1570354433916 0.09228473901748657 0
1570354435577 0.10050181299448013 0
1570354437165 0.09544239938259125 0
1570354438820 0.12063296884298325 0
1570354440485 0.10267588496208191 0
1570354442206 0.08588927984237671 0
1570354443887 0.09761340916156769 0
1570354445590 0.09660808742046356 0
1570354447205 0.08885990083217621 0
1570354448881 0.09555643051862717 0
1570354450513 0.09576961398124695 0
1570354452061 0.10132268816232681 0
1570354453514 0.09624281525611877 0
1570354455001 0.09477312862873077 0
1570354456505 0.0926901176571846 0
1570354458126 0.08816315978765488 0
1570354459593 0.09942468255758286 0
1570354461051 0.09650002419948578 0
1570354462491 0.1020253375172615 0
1570354464142 0.09029437601566315 0
1570354465749 0.0881045013666153 0
1570354467312 0.08866462856531143 0
1570354468852 0.09442371129989624 0
1570354470453 0.09669888764619827 0
1570354472029 0.09009361267089844 0
1570354473612 0.08804865926504135 0
1570354475280 0.09226487576961517 0
1570354476855 0.09150297939777374 0
1570354478460 0.09286756813526154 0
1570354480045 0.10039922595024109 0
1570354481717 0.09164350479841232 0
1570354483322 0.08381006866693497 0
1570354484902 0.08788671344518661 0
1570354486526 0.0889149084687233 0
1570354488194 0.09902156889438629 0
1570354489797 0.10436218976974487 0
1570354491370 0.08586380630731583 0
1570354493036 0.08359435200691223 0
1570354494665 0.09208574891090393 0
1570354496279 0.09379163384437561 0
1570354497910 0.09469878673553467 0
1570354499498 0.08636299520730972 0
1570354501111 0.08923704922199249 0
1570354502683 0.08832715451717377 0
1570354504257 0.08544526994228363 0
1570354505905 0.09625664353370667 0
1570354507590 0.09454934298992157 0
1570354509085 0.09893082827329636 0
1570354510636 0.09899772703647614 0
1570354512346 0.08381638675928116 0
1570354514079 0.08350787311792374 0
1570354515732 0.09650024771690369 0
1570354517372 0.09072431176900864 0
1570354519042 0.08371951431035995 0
1570354520690 0.09638337790966034 0
1570354522311 0.09103722125291824 0
1570354523940 0.0883590579032898 0
1570354525557 0.10110744833946228 0
1570354527193 0.08915290981531143 0
1570354528829 0.0830463245511055 0
1570354530489 0.09670694172382355 0
1570354532103 0.09399516880512238 0
1570354533812 0.09169580042362213 0
1570354535490 0.10204751789569855 0
1570354537124 0.09337033331394196 0
1570354538811 0.10143429040908813 0
1570354540354 0.08454642444849014 0
1570354541908 0.08804266899824142 0
1570354543470 0.09185940027236938 0
1570354545148 0.09226447343826294 0
1570354546757 0.08639539778232574 0
1570354548311 0.08895781636238098 0
1570354549823 0.09149490296840668 0
1570354551437 0.08884389698505402 0
1570354553122 0.09100466221570969 0
1570354554775 0.0880250334739685 0
1570354556421 0.10160551220178604 0
1570354558014 0.0910755842924118 0
1570354559729 0.09439240396022797 0
1570354561416 0.08203236758708954 0
1570354563066 0.08787065744400024 0
1570354564785 0.10552607476711273 0
1570354566301 0.08834458142518997 0
1570354567838 0.09003731608390808 0
1570354569445 0.09565041959285736 0
1570354571096 0.09174426645040512 0
1570354572839 0.09329259395599365 0
1570354574580 0.07836391776800156 0
1570354576159 0.09574230015277863 0
1570354577714 0.08857566118240356 0
1570354579317 0.08850335329771042 0
1570354580860 0.10933773219585419 0
1570354582403 0.09054300934076309 0
1570354583933 0.09157513082027435 0
1570354585493 0.08942444622516632 0
1570354587049 0.0874485969543457 0
1570354588515 0.08521236479282379 0
1570354589987 0.08617464452981949 0
1570354591444 0.09077925235033035 0
1570354592931 0.10024768114089966 0
1570354594507 0.08759482949972153 0
1570354595981 0.09491321444511414 0
1570354597649 0.08913677930831909 0
1570354599277 0.083431676030159 0
1570354600863 0.09570048749446869 0
1570354602453 0.08346962928771973 0
1570354604048 0.0831165686249733 0
1570354605741 0.09826016426086426 0
1570354607316 0.10137812793254852 0
1570354608978 0.09265907853841782 0
1570354610654 0.08990404009819031 0
1570354612269 0.08651184290647507 0
1570354613844 0.0878334790468216 0
1570354615498 0.09684832394123077 0
1570354617039 0.1000024676322937 0
1570354618625 0.09236286580562592 0
1570354620282 0.0921030044555664 0
1570354621880 0.0832986980676651 0
1570354623571 0.08536657691001892 0
1570354625243 0.07911532372236252 0
1570354626818 0.08057920634746552 0
1570354628435 0.09581002593040466 0
1570354630055 0.0929131954908371 0
1570354631663 0.0801570862531662 0
1570354633339 0.09248514473438263 0
1570354634931 0.09694871306419373 0
1570354636536 0.08975145220756531 0
1570354638197 0.08370686322450638 0
1570354639835 0.0828431099653244 0
1570354641513 0.08867242187261581 0
1570354643153 0.09310735762119293 0
1570354644773 0.10155676305294037 0
1570354646361 0.09177824854850769 0
1570354647986 0.0839955285191536 0
1570354649677 0.09138398617506027 0
1570354651346 0.08786346018314362 0
1570354653067 0.08471722900867462 0
1570354654812 0.09948969632387161 0
1570354656451 0.09271402657032013 0
1570354658111 0.09910246729850769 0
1570354659792 0.08329924196004868 0
1570354661482 0.09408162534236908 0
1570354663093 0.09135345369577408 0
1570354664734 0.08068360388278961 0
1570354666370 0.08274336159229279 0
1570354667970 0.0860772579908371 0
1570354669589 0.0819525346159935 0
1570354671206 0.08983343094587326 0
1570354672776 0.08135389536619186 0
1570354674315 0.08866247534751892 0
1570354675879 0.0848357155919075 0
1570354677512 0.09463737905025482 0
1570354679157 0.08487458527088165 0
1570354680808 0.08181528747081757 0
1570354682459 0.08631188422441483 0
1570354684078 0.0896180048584938 0
1570354685779 0.09380744397640228 0
1570354687422 0.08338497579097748 0
1570354689100 0.08921408653259277 0
1570354690683 0.08676621317863464 0
1570354692390 0.09228505194187164 0
1570354694006 0.10714104026556015 0
1570354695650 0.08280393481254578 0
1570354697266 0.1009758859872818 0
1570354698941 0.08764658868312836 0
1570354700574 0.08308852463960648 0
1570354702190 0.09753205627202988 0
1570354703755 0.08319447934627533 0
1570354705416 0.08396472036838531 0
1570354707112 0.0956730842590332 0
1570354708678 0.08478564023971558 0
1570354710293 0.09071622043848038 0
1570354711853 0.08137243986129761 0
1570354713359 0.09374170005321503 0
1570354715065 0.08073198795318604 0
1570354716654 0.08632515370845795 0
1570354718323 0.08486689627170563 0
1570354719917 0.09491679072380066 0
1570354721611 0.09355287253856659 0
1570354723278 0.08745340257883072 0
1570354724897 0.0922098159790039 0
1570354726460 0.09393935650587082 0
1570354728154 0.08797182142734528 0
1570354729713 0.08344587683677673 0
1570354731380 0.09460937976837158 0
1570354733050 0.09912535548210144 0
1570354734693 0.09810484945774078 0
1570354736389 0.09614891558885574 0
1570354738126 0.08800969272851944 0
1570354739834 0.08204562216997147 0
1570354741560 0.08293506503105164 0
1570354743287 0.08431316167116165 0
1570354745083 0.088163822889328 0
1570354746658 0.08309289813041687 0
1570354748226 0.09078920632600784 0
1570354749778 0.08802171051502228 0
1570354751331 0.08765369653701782 0
1570354753008 0.08258819580078125 0
1570354754583 0.09029102325439453 0
1570354756143 0.08329255133867264 0
1570354757762 0.08598555624485016 0
1570354759273 0.087556853890419 0
1570354761003 0.08323712646961212 0
1570354762709 0.09049877524375916 0
1570354764321 0.08473105728626251 0
1570354766026 0.08015379309654236 0
1570354767725 0.08680934458971024 0
1570354769449 0.08189727365970612 0
1570354771218 0.08951833099126816 0
1570354773026 0.09077592194080353 0
1570354774723 0.08798742294311523 0
1570354776436 0.08846175670623779 0
1570354778203 0.09433594346046448 0
1570354780009 0.08344285190105438 0
1570354781693 0.08511358499526978 0
1570354783467 0.08626866340637207 0
1570354785181 0.10106662660837173 0
1570354786941 0.08448672294616699 0
1570354788643 0.1053069680929184 0
1570354790406 0.08516992628574371 0
1570354792153 0.08729909360408783 0
1570354793859 0.08687411993741989 0
1570354795555 0.08885064721107483 0
1570354797249 0.0834774523973465 0
1570354799043 0.09287906438112259 0
1570354800803 0.08574400097131729 0
1570354802514 0.09627041220664978 0
1570354804251 0.08874756097793579 0
1570354806008 0.08151541650295258 0
1570354807705 0.0771670788526535 0
1570354809391 0.09608832001686096 0
1570354811083 0.0961412638425827 0
1570354812784 0.09605000913143158 0
1570354814530 0.08318598568439484 0
1570354816258 0.09430919587612152 0
1570354817931 0.08937715739011765 0
1570354819588 0.09166621416807175 0
1570354821219 0.0735791027545929 0
1570354822794 0.08172638714313507 0
1570354824365 0.09019990265369415 0
1570354825942 0.07799145579338074 0
1570354827506 0.08685649931430817 0
1570354829298 0.08437520265579224 0
1570354830985 0.08050680160522461 0
1570354832714 0.08941718935966492 0
1570354834451 0.07508563995361328 0
1570354836100 0.10504098981618881 0
1570354837782 0.08223885297775269 0
1570354839527 0.08970244973897934 0
1570354841202 0.08839878439903259 0
1570354842887 0.09124059975147247 0
1570354844536 0.08699943125247955 0
1570354846160 0.09352748095989227 0
1570354847829 0.09443756937980652 0
1570354849423 0.0826762318611145 0
1570354851036 0.08407358825206757 0
1570354852706 0.09368446469306946 0
1570354854382 0.08321469277143478 0
1570354856024 0.08976908028125763 0
1570354857641 0.08662055432796478 0
1570354859344 0.0917636901140213 0
1570354861041 0.08669596910476685 0
1570354862706 0.09812485426664352 0
1570354864359 0.08350051194429398 0
1570354866033 0.09015766531229019 0
1570354867765 0.08600080758333206 0
1570354869444 0.07107360661029816 0
1570354871104 0.09812331199645996 0
1570354872729 0.09063997119665146 0
1570354874426 0.07979536056518555 0
1570354876089 0.0854809358716011 0
1570354877784 0.0791313499212265 0
1570354879447 0.07807719707489014 0
1570354881205 0.09579573571681976 0
1570354882908 0.0851992592215538 0
1570354884597 0.08891396969556808 0
1570354886307 0.08500969409942627 0
1570354888083 0.08609326183795929 0
1570354889783 0.09626282006502151 0
1570354891516 0.0835629403591156 0
1570354893210 0.08447237312793732 0
1570354894883 0.08738203346729279 0
1570354896583 0.0822681188583374 0
1570354898348 0.07634381204843521 0
1570354900144 0.08452266454696655 0
1570354901798 0.08481843769550323 0
1570354903462 0.07973241060972214 0
1570354905136 0.07892526686191559 0
1570354906922 0.0877341702580452 0
1570354908584 0.07640054821968079 0
1570354910225 0.0880683958530426 0
1570354911784 0.07370644807815552 0
1570354913498 0.07765600085258484 0
1570354915178 0.0901847705245018 0
1570354916931 0.08498553931713104 0
1570354918658 0.08594407141208649 0
1570354920436 0.09131172299385071 0
1570354922270 0.0842672735452652 0
1570354923837 0.09020582586526871 0
1570354925420 0.08823779225349426 0
1570354927118 0.0901411771774292 0
1570354928877 0.07295523583889008 0
1570354930620 0.08740483969449997 0
1570354932316 0.07700078934431076 0
1570354934077 0.08792553097009659 0
1570354935789 0.08043807744979858 0
1570354937506 0.07880590856075287 0
1570354939212 0.0779576450586319 0
1570354940997 0.08075043559074402 0
1570354942746 0.07836099714040756 0
1570354944346 0.07851014286279678 0
1570354946055 0.08121271431446075 0
1570354947805 0.09932301938533783 0
1570354949603 0.07886601984500885 0
1570354951357 0.08361184597015381 0
1570354952987 0.08618971705436707 0
1570354954742 0.07965392619371414 0
1570354956480 0.07624485343694687 0
1570354958196 0.08146882057189941 0
1570354959807 0.08682212233543396 0
1570354961393 0.07952702045440674 0
1570354963131 0.0803198590874672 0
1570354964894 0.08164437115192413 0
1570354966590 0.09072927385568619 0
1570354968328 0.07765977829694748 0
1570354970108 0.08997293561697006 0
1570354971882 0.08029911667108536 0
1570354973457 0.07966490089893341 0
1570354975205 0.08793456107378006 0
1570354976933 0.07989472150802612 0
1570354978655 0.07728485018014908 0
1570354980372 0.082466259598732 0
1570354982134 0.09669263660907745 0
1570354983881 0.08832778036594391 0
1570354985613 0.08327427506446838 0
1570354987223 0.07989683002233505 0
1570354988834 0.07643648236989975 0
1570354990580 0.08580765128135681 0
1570354992304 0.0796993151307106 0
1570354994004 0.07278411835432053 0
1570354995788 0.07951502501964569 0
1570354997490 0.07685691118240356 0
1570354999247 0.0796404555439949 0
1570355000936 0.08035990595817566 0
1570355002735 0.0726693719625473 0
1570355004478 0.08243826031684875 0
1570355006225 0.07481969892978668 0
1570355007955 0.0867086723446846 0
1570355009730 0.08374787122011185 0
1570355011458 0.0804121121764183 0
1570355013148 0.07991297543048859 0
1570355014846 0.07226239144802094 0
1570355016530 0.08450749516487122 0
1570355018323 0.07409471273422241 0
1570355020080 0.0824078917503357 0
1570355021754 0.07159139215946198 0
1570355023360 0.08290085196495056 0
1570355025000 0.09749284386634827 0
1570355026695 0.08897186070680618 0
1570355028441 0.07872225344181061 0
1570355030243 0.08348298072814941 0
1570355032038 0.07539860904216766 0
1570355033763 0.0802571028470993 0
1570355035478 0.07722340524196625 0
1570355037208 0.08782809972763062 0
1570355038954 0.08621105551719666 0
1570355040677 0.07839306443929672 0
1570355042379 0.07441987097263336 0
1570355044168 0.09045498818159103 0
1570355045849 0.08214785158634186 0
1570355047506 0.07308821380138397 0
1570355049238 0.09097196161746979 0
1570355051047 0.09051962196826935 0
1570355052830 0.08773142099380493 0
1570355054578 0.08199930191040039 0
1570355056283 0.07790806889533997 0
1570355058032 0.08815880119800568 0
1570355059827 0.07670716196298599 0
1570355061596 0.07565620541572571 0
1570355063357 0.08596500754356384 0
1570355065102 0.07979716360569 0
1570355066926 0.08102256059646606 0
1570355068737 0.07652188837528229 0
1570355070448 0.08568519353866577 0
1570355072188 0.07654590904712677 0
1570355073960 0.0753709077835083 0
1570355075802 0.07815511524677277 0
1570355077486 0.07977207005023956 0
1570355079101 0.07575673609972 0
1570355080911 0.08523834496736526 0
1570355082641 0.07948374003171921 0
1570355084314 0.08213374763727188 0
1570355086077 0.07367479801177979 0
1570355087828 0.08959576487541199 0
1570355089630 0.08444869518280029 0
1570355091427 0.07699069380760193 0
1570355093123 0.07384543120861053 0
1570355094760 0.08363611996173859 0
1570355096527 0.07740919291973114 0
1570355098292 0.07328027486801147 0
1570355100050 0.07816712558269501 0
1570355101842 0.07166313380002975 0
1570355103597 0.08028967678546906 0
1570355105321 0.0920557752251625 0
1570355107058 0.0776611864566803 0
1570355108811 0.07675408571958542 0
1570355110541 0.08067725598812103 0
1570355112273 0.07833048701286316 0
1570355113872 0.07222439348697662 0
1570355115602 0.06989005208015442 0
1570355117426 0.08360541611909866 0
1570355119175 0.08530113101005554 0
1570355120966 0.08395940810441971 0
1570355122789 0.08551937341690063 0
1570355124522 0.08267293125391006 0
1570355126267 0.08198234438896179 0
1570355128108 0.07595135271549225 0
1570355129845 0.08758453279733658 0
1570355131662 0.08080698549747467 0
1570355133405 0.0830894485116005 0
1570355135151 0.08445689082145691 0
1570355136966 0.07414858043193817 0
1570355138707 0.07729476690292358 0
1570355140442 0.07999293506145477 0
1570355142169 0.08165422081947327 0
1570355143937 0.08473794162273407 0
1570355145656 0.0978928953409195 0
1570355147401 0.08238595724105835 0
1570355149172 0.07745030522346497 0
1570355150905 0.07690000534057617 0
1570355152654 0.0798327848315239 0
1570355154379 0.08623598515987396 0
1570355156194 0.07774794101715088 0
1570355157971 0.0711229145526886 0
1570355159671 0.08560112863779068 0
1570355161420 0.0667160153388977 0
1570355163120 0.08783119171857834 0
1570355164905 0.08433469384908676 0
1570355166642 0.08741901814937592 0
1570355168386 0.08354488760232925 0
1570355170161 0.07675319164991379 0
1570355171990 0.0970030426979065 0
1570355173720 0.07215294241905212 0
1570355175439 0.07739930599927902 0
1570355177234 0.08275791257619858 0
1570355179041 0.07121376693248749 0
1570355180856 0.07152165472507477 0
1570355182584 0.08585228025913239 0
1570355184411 0.08283882588148117 0
1570355186203 0.08403857052326202 0
1570355187924 0.07418254762887955 0
1570355189703 0.07252935320138931 0
1570355191447 0.07844656705856323 0
1570355193233 0.08242284506559372 0
1570355194965 0.07421361654996872 0
1570355196725 0.07377465069293976 0
1570355198528 0.07591746747493744 0
1570355200359 0.08237247169017792 0
1570355202125 0.07529864460229874 0
1570355203811 0.08322092890739441 0
1570355205495 0.07873737812042236 0
1570355207278 0.07737085223197937 0
1570355209081 0.08689537644386292 0
1570355210827 0.07610820233821869 0
1570355212628 0.07651770859956741 0
1570355214459 0.06709042191505432 0
1570355216257 0.06931619346141815 0
1570355218050 0.07451224327087402 0
1570355219799 0.07998493313789368 0
1570355221561 0.07162709534168243 0
1570355223273 0.08988313376903534 0
1570355225019 0.08456983417272568 0
1570355226712 0.07401809096336365 0
1570355228504 0.07714829593896866 0
1570355230182 0.07228400558233261 0
1570355231899 0.07454411685466766 0
1570355233687 0.07185760140419006 0
1570355235592 0.08269140124320984 0
1570355237393 0.07824357599020004 0
1570355239149 0.08687977492809296 0
1570355240937 0.08141756057739258 0
1570355242739 0.07933048903942108 0
1570355244563 0.07935306429862976 0
1570355246321 0.0723148062825203 0
1570355248153 0.07363007217645645 0
1570355249931 0.0834677591919899 0
1570355251746 0.07317359000444412 0
1570355253498 0.07667919993400574 0
1570355255333 0.07749046385288239 0
1570355257165 0.0843830555677414 0
1570355259021 0.08040408790111542 0
1570355260691 0.08299277722835541 0
1570355262489 0.08062855899333954 0
1570355264334 0.07095158100128174 0
1570355266089 0.08275768160820007 0
1570355267857 0.07196483016014099 0
1570355269636 0.08113914728164673 0
1570355271383 0.08032942563295364 0
1570355273077 0.07445630431175232 0
1570355274795 0.07247082144021988 0
1570355276586 0.07815678417682648 0
1570355278374 0.08858804404735565 0
1570355280175 0.07728283107280731 0
1570355282017 0.08143256604671478 0
1570355283869 0.07522042095661163 0
1570355285731 0.08242611587047577 0
1570355287506 0.07370929419994354 0
1570355289287 0.08255258202552795 0
1570355291101 0.07602870464324951 0
1570355292915 0.06712958961725235 0
1570355294763 0.08917690813541412 0
1570355296554 0.0855761170387268 0
1570355298374 0.07457278668880463 0
1570355300072 0.07831205427646637 0
1570355301854 0.08359461277723312 0
1570355303579 0.07619932293891907 0
1570355305408 0.0930725485086441 0
1570355307155 0.08283835649490356 0
1570355308835 0.08247214555740356 0
1570355310527 0.07455195486545563 0
1570355312260 0.08674753457307816 0
1570355314169 0.07548718899488449 0
1570355315945 0.08944892883300781 0
1570355317747 0.07208229601383209 0
1570355319475 0.0819576233625412 0
1570355321192 0.07760594040155411 0
1570355322878 0.07218390703201294 0
1570355324593 0.06782656162977219 0
1570355326312 0.0695360079407692 0
1570355328027 0.07694657146930695 0
1570355329783 0.08166877925395966 0
1570355331579 0.0752963051199913 0
1570355333347 0.07095326483249664 0
1570355335138 0.07420405745506287 0
1570355336950 0.07737191766500473 0
1570355338763 0.06845957040786743 0
1570355340547 0.08267316222190857 0
1570355342305 0.07189995050430298 0
1570355344139 0.07845666259527206 0
1570355345904 0.08042646944522858 0
1570355347700 0.07022947818040848 0
1570355349494 0.07447110116481781 0
1570355351336 0.08157497644424438 0
1570355353129 0.06660079956054688 0
1570355354908 0.07010053098201752 0
1570355356742 0.06649564206600189 0
1570355358627 0.070902019739151 0
1570355360284 0.07163310050964355 0
1570355362115 0.07308271527290344 0
1570355363862 0.07429175078868866 0
1570355365650 0.075929194688797 0
1570355367482 0.0716685801744461 0
1570355369253 0.07422362267971039 0
1570355371056 0.08121220022439957 0
1570355372857 0.06790995597839355 0
1570355374632 0.07735893130302429 0
1570355376440 0.07163728773593903 0
1570355378337 0.07865586131811142 0
1570355380115 0.07247868180274963 0
1570355381918 0.077088862657547 0
1570355383704 0.0848766416311264 0
1570355385519 0.0709829330444336 0
1570355387326 0.0734923928976059 0
1570355389104 0.06637520343065262 0
1570355390897 0.07214153558015823 0
1570355392750 0.073482945561409 0
1570355394519 0.07337123155593872 0
1570355396322 0.07159379124641418 0
1570355398072 0.0682191550731659 0
1570355399947 0.06597602367401123 0
1570355401739 0.07219229638576508 0
1570355403535 0.07066303491592407 0
1570355405340 0.08086025714874268 0
1570355407134 0.06962994486093521 0
1570355408979 0.07128951698541641 0
1570355410757 0.06942978501319885 0
1570355412504 0.07045328617095947 0
1570355414280 0.06135384738445282 0
1570355416153 0.07707427442073822 0
1570355417997 0.06784843653440475 0
1570355419790 0.07447775453329086 0
1570355421596 0.06708022952079773 0
1570355423396 0.07116785645484924 0
1570355425166 0.07873174548149109 0
1570355426981 0.07077271491289139 0
1570355428769 0.07248461246490479 0
1570355430556 0.07510530948638916 0
1570355432343 0.06778928637504578 0
1570355434208 0.07379251718521118 0
1570355435995 0.07477608323097229 0
1570355437787 0.07585784792900085 0
1570355439577 0.0676376223564148 0
1570355441467 0.0701776072382927 0
1570355443285 0.07580076158046722 0
1570355445061 0.07694917917251587 0
1570355446834 0.06940257549285889 0
1570355448672 0.08077090978622437 0
1570355450438 0.06815622746944427 0
1570355452158 0.06737010180950165 0
1570355453964 0.06864552199840546 0
1570355455758 0.0685475543141365 0
1570355457604 0.0723976120352745 0
1570355459450 0.08727191388607025 0
1570355461255 0.07758130133152008 0
1570355463100 0.06908347457647324 0
1570355464921 0.07072484493255615 0
1570355466728 0.07454681396484375 0
1570355468561 0.07025885581970215 0
1570355470407 0.06327681988477707 0
1570355472263 0.07203279435634613 0
1570355474065 0.07630860060453415 0
1570355475887 0.08458998799324036 0
1570355477699 0.07287196815013885 0
1570355479573 0.06657512485980988 0
1570355481229 0.07698804885149002 0
1570355482881 0.07523028552532196 0
1570355484765 0.078938327729702 0
1570355486530 0.07520614564418793 0
1570355488367 0.0703601986169815 0
1570355490166 0.08317657560110092 0
1570355491889 0.06969199329614639 0
1570355493668 0.0691036731004715 0
1570355495408 0.0744813084602356 0
1570355497194 0.07610124349594116 0
1570355498925 0.06728024780750275 0
1570355500684 0.07672981917858124 0
1570355502474 0.0695691928267479 0
1570355504248 0.07527896761894226 0
1570355506133 0.06417277455329895 0
1570355507966 0.06950142234563828 0
1570355509680 0.07356332242488861 0
1570355511525 0.07224437594413757 0
1570355513427 0.07184040546417236 0
1570355515312 0.06825482845306396 0
1570355517179 0.06779734790325165 0
1570355519027 0.07211177051067352 0
1570355520889 0.0743277296423912 0
1570355522758 0.07094734907150269 0
1570355524606 0.07370546460151672 0
1570355526417 0.07024073600769043 0
1570355528285 0.06825409829616547 0
1570355530141 0.07671597599983215 0
1570355532024 0.08012241125106812 0
1570355533844 0.06550994515419006 0
1570355535698 0.06434187293052673 0
1570355537590 0.06668859720230103 0
1570355539464 0.07331188023090363 0
1570355541239 0.07343506813049316 0
1570355542950 0.0729474350810051 0
1570355544826 0.07600860297679901 0
1570355546690 0.07048207521438599 0
1570355548534 0.075938381254673 0
1570355550364 0.07912937551736832 0
1570355552150 0.06897126138210297 0
1570355553980 0.07724445313215256 0
1570355555837 0.06453800201416016 0
1570355557670 0.06783235818147659 0
1570355559496 0.07029560208320618 0
1570355561324 0.07313580811023712 0
1570355563261 0.06723125278949738 0
1570355565113 0.06979367136955261 0
1570355566956 0.06966347992420197 0
1570355568780 0.07605860382318497 0
1570355570609 0.06801698356866837 0
1570355572585 0.07674247026443481 0
1570355574429 0.06595148146152496 0
1570355576291 0.0700933039188385 0
1570355578090 0.06963970512151718 0
1570355579944 0.07291878759860992 0
1570355581817 0.07783263176679611 0
1570355583636 0.06946546584367752 0
1570355585446 0.08562628924846649 0
1570355587311 0.07077144086360931 0
1570355589181 0.07076956331729889 0
1570355591041 0.06910309195518494 0
1570355592928 0.06962250173091888 0
1570355594781 0.07489343732595444 0
1570355596694 0.06963479518890381 0
1570355598535 0.06631939113140106 0
1570355600370 0.08282941579818726 0
1570355602256 0.06884519755840302 0
1570355604098 0.07903619110584259 0
1570355605960 0.08424163609743118 0
1570355607798 0.0750080943107605 0
1570355609623 0.07140935957431793 0
1570355611488 0.0724581778049469 0
1570355613344 0.06982675939798355 0
1570355615157 0.06558529287576675 0
1570355616988 0.06693650037050247 0
1570355618909 0.0717841386795044 0
1570355620820 0.07097109407186508 0
1570355622704 0.07217205315828323 0
1570355624513 0.0715983659029007 0
1570355626357 0.07281183451414108 0
1570355628189 0.07179486751556396 0
1570355629999 0.07394462823867798 0
1570355631859 0.07269460707902908 0
1570355633726 0.06550562381744385 0
1570355635544 0.07076975703239441 0
1570355637441 0.06511746346950531 0
1570355639341 0.07068747282028198 0
1570355641206 0.07857479900121689 0
1570355643117 0.0654916912317276 0
1570355644943 0.07233905792236328 0
1570355646773 0.06916429102420807 0
1570355648564 0.08172807097434998 0
1570355650398 0.08231640607118607 0
1570355652112 0.0697375163435936 0
1570355653944 0.06577018648386002 0
1570355655818 0.06972804665565491 0
1570355657676 0.07623778283596039 0
1570355659528 0.06741444766521454 0
1570355661476 0.06253974139690399 0
1570355663374 0.07240704447031021 0
1570355665139 0.06858628988265991 0
1570355666996 0.06908009946346283 0
1570355668826 0.07303954660892487 0
1570355670742 0.0816536620259285 0
1570355672517 0.07691705226898193 0
1570355674325 0.06889784336090088 0
1570355676145 0.0770382434129715 0
1570355678034 0.06771820038557053 0
1570355679993 0.06991836428642273 0
1570355681849 0.07124681025743484 0
1570355683694 0.06898749619722366 0
1570355685513 0.06502707302570343 0
1570355687348 0.07500194013118744 0
1570355689162 0.06681850552558899 0
1570355690985 0.07642199099063873 0
1570355692823 0.071841761469841 0
1570355694590 0.07014437019824982 0
1570355696383 0.06394351273775101 0
1570355698104 0.07075925916433334 0
1570355699962 0.06571243703365326 0
1570355701825 0.06982231885194778 0
1570355703602 0.07319612801074982 0
1570355705350 0.07368128001689911 0
1570355707277 0.07964819669723511 0
1570355709169 0.08021211624145508 0
1570355711033 0.06733438372612 0
1570355712910 0.07737434655427933 0
1570355714647 0.08185660094022751 0
1570355716492 0.07166483998298645 0
1570355718320 0.06764043867588043 0
1570355720145 0.07200164347887039 0
1570355722025 0.0770326778292656 0
1570355723873 0.06988705694675446 0
1570355725703 0.07244635373353958 0
1570355727499 0.05666498467326164 0
1570355729514 0.07594096660614014 0
1570355731344 0.07229791581630707 0
1570355733113 0.0709511786699295 0
1570355734938 0.0658465027809143 0
1570355736674 0.07207012921571732 0
1570355738540 0.06882558017969131 0
1570355740360 0.08097733557224274 0
1570355742158 0.06794881820678711 0
1570355744080 0.07291989028453827 0
1570355745908 0.08016331493854523 0
1570355747761 0.06604516506195068 0
1570355749547 0.07125222682952881 0
1570355751409 0.06670469790697098 0
1570355753298 0.07122275978326797 0
1570355755167 0.06610928475856781 0
1570355757033 0.07785652577877045 0
1570355758881 0.06397733092308044 0
1570355760746 0.06965003907680511 0
1570355762660 0.06487983465194702 0
1570355764510 0.07165762037038803 0
1570355766379 0.061871759593486786 0
1570355768264 0.07789123058319092 0
1570355770134 0.06631705164909363 0
1570355772039 0.07229636609554291 0
1570355773915 0.07015975564718246 0
1570355775667 0.06713591516017914 0
1570355777391 0.06695903837680817 0
1570355779209 0.07964152097702026 0
1570355781035 0.06965793669223785 0
1570355782870 0.06793953478336334 0
1570355784726 0.07532797753810883 0
1570355786394 0.0677473247051239 0
1570355788092 0.07383337616920471 0
1570355789793 0.07494959235191345 0
1570355791596 0.06652675569057465 0
1570355793423 0.06834249198436737 0
1570355795296 0.06283959001302719 0
1570355797147 0.07415199279785156 0
1570355799023 0.06740923225879669 0
1570355800892 0.06683902442455292 0
1570355802777 0.0687250941991806 0
1570355804642 0.0734124481678009 0
1570355806477 0.06743907183408737 0
1570355808256 0.064849853515625 0
1570355810192 0.06458865851163864 0
1570355812098 0.06047941744327545 0
1570355813946 0.06712541729211807 0
1570355815828 0.06380273401737213 0
1570355817760 0.07538111507892609 0
1570355819591 0.06384585052728653 0
1570355821433 0.06677393615245819 0
1570355823281 0.06676110625267029 0
1570355825144 0.06826832890510559 0
1570355827085 0.06296178698539734 0
1570355828919 0.06922975182533264 0
1570355830768 0.07234801352024078 0
1570355832629 0.0692426860332489 0
1570355834462 0.06353804469108582 0
1570355836336 0.0706293135881424 0
1570355838167 0.07733479142189026 0
1570355840104 0.07151919603347778 0
1570355841988 0.07488442957401276 0
1570355843848 0.07859860360622406 0
1570355845723 0.07422143220901489 0
1570355847623 0.06859582662582397 0
1570355849538 0.06300695985555649 0
1570355851431 0.06393224745988846 0
1570355853280 0.07971226423978806 0
1570355855147 0.06417582184076309 0
1570355857173 0.06591670215129852 0
1570355858963 0.06373228132724762 0
1570355860838 0.06612992286682129 0
1570355862720 0.0705479085445404 0
1570355864572 0.06945034116506577 0
1570355866420 0.06546249985694885 0
1570355868286 0.06781063973903656 0
1570355870090 0.06869889795780182 0
1570355871981 0.07513383775949478 0
1570355873837 0.06958848983049393 0
1570355875696 0.07078689336776733 0
1570355877562 0.06832844018936157 0
1570355879395 0.07992935180664062 0
1570355881236 0.07318317890167236 0
1570355883105 0.06695317476987839 0
1570355884966 0.07092440128326416 0
1570355886836 0.06819964945316315 0
1570355888686 0.06560789048671722 0
1570355890557 0.0666821300983429 0
1570355892341 0.06693007051944733 0
1570355894248 0.0649036318063736 0
1570355896044 0.06902963668107986 0
1570355897854 0.06340751051902771 0
1570355899736 0.06846335530281067 0
1570355901666 0.06123822182416916 0
1570355903568 0.06978718191385269 0
1570355905450 0.06766989082098007 0
1570355907428 0.06928800046443939 0
1570355909312 0.07128031551837921 0
1570355911171 0.0781979188323021 0
1570355913051 0.07393547892570496 0
1570355914942 0.0630991980433464 0
1570355916673 0.07177535444498062 0
1570355918548 0.0673513412475586 0
1570355920433 0.06201215088367462 0
1570355922186 0.07027857005596161 0
1570355924029 0.08311531692743301 0
1570355925912 0.06546582281589508 0
1570355927738 0.07570985704660416 0
1570355929571 0.05921231955289841 0
1570355931419 0.08076240122318268 0
1570355933306 0.06360159814357758 0
1570355935169 0.0716613307595253 0
1570355937039 0.07172156870365143 0
1570355938869 0.07162929326295853 0
1570355940724 0.06635544449090958 0
1570355942574 0.06740012019872665 0
1570355944406 0.06025609374046326 0
1570355946265 0.07173566520214081 0
1570355948157 0.06400181353092194 0
1570355950031 0.06589999049901962 0
1570355952046 0.06992167234420776 0
1570355953974 0.06905020773410797 0
1570355955854 0.06168525665998459 0
1570355957745 0.06274520605802536 0
1570355959727 0.06638927012681961 0
1570355961676 0.05866056680679321 0
1570355963540 0.06465204060077667 0
1570355965434 0.06908990442752838 0
1570355967436 0.06110028177499771 0
1570355969396 0.07252329587936401 0
1570355971329 0.061175793409347534 0
1570355973306 0.06750674545764923 0
1570355975290 0.06747876107692719 0
1570355977188 0.05815129727125168 0
1570355979137 0.0597723089158535 0
1570355981020 0.07688050717115402 0
1570355982970 0.07051073759794235 0
1570355984852 0.06952185928821564 0
1570355986767 0.06466647237539291 0
1570355988650 0.06083428114652634 0
1570355990568 0.06722245365381241 0
1570355992508 0.058670081198215485 0
1570355994372 0.07226140797138214 0
1570355996257 0.06603129953145981 0
1570355998201 0.058502212166786194 0
1570356000159 0.05802521854639053 0
1570356002053 0.06551752239465714 0
1570356003956 0.07140906155109406 0
1570356005907 0.06096744164824486 0
1570356007807 0.06100485846400261 0
1570356009716 0.06093885749578476 0
1570356011619 0.07628372311592102 0
1570356013596 0.06012749671936035 0
1570356015545 0.06851085275411606 0
1570356017416 0.06618278473615646 0
1570356019300 0.06510545313358307 0
1570356021289 0.05884503573179245 0
1570356023248 0.06264671683311462 0
1570356025168 0.07092338800430298 0
1570356027070 0.06808681786060333 0
1570356029040 0.06237475574016571 0
1570356031006 0.06790025532245636 0
1570356032884 0.06603942811489105 0
1570356034781 0.06173542141914368 0
1570356036757 0.06895341724157333 0
1570356038691 0.07617489993572235 0
1570356040635 0.06719285249710083 0
1570356042470 0.06782554090023041 0
1570356044301 0.0611100047826767 0
1570356046245 0.06112350523471832 0
1570356048161 0.06512259691953659 0
1570356050080 0.0676354169845581 0
1570356052069 0.06325528025627136 0
1570356054051 0.06419143080711365 0
1570356055950 0.0584181547164917 0
1570356057878 0.059603504836559296 0
1570356059848 0.061912231147289276 0
1570356061811 0.06650654971599579 0
1570356063719 0.06257393956184387 0
1570356065718 0.06635123491287231 0
1570356067623 0.0659807026386261 0
1570356069506 0.06611953675746918 0
1570356071376 0.06913688033819199 0
1570356073266 0.06291700154542923 0
1570356075140 0.07176855206489563 0
1570356077023 0.0638502761721611 0
1570356079010 0.07945309579372406 0
1570356080969 0.07004666328430176 0
1570356082749 0.05968563258647919 0
1570356084643 0.07424084842205048 0
1570356086587 0.06698425114154816 0
1570356088525 0.07109016180038452 0
1570356090484 0.07184150069952011 0
1570356092429 0.06761093437671661 0
1570356094324 0.06063034012913704 0
1570356096231 0.06440304964780807 0
1570356098160 0.0606122687458992 0
1570356100175 0.05884730815887451 0
1570356102096 0.07646343857049942 0
1570356104046 0.0658009797334671 0
1570356106020 0.06417283415794373 0
1570356108002 0.062365755438804626 0
1570356109942 0.0606691837310791 0
1570356111859 0.061842236667871475 0
1570356113784 0.06592346727848053 0
1570356115678 0.06823541969060898 0
1570356117488 0.06447651982307434 0
1570356119389 0.06108006834983826 0
1570356121324 0.06391993910074234 0
1570356123169 0.06499459594488144 0
1570356125009 0.05970730260014534 0
1570356126856 0.06182137131690979 0
1570356128794 0.0714704692363739 0
1570356130780 0.06351976096630096 0
1570356132774 0.06402420997619629 0
1570356134733 0.06512761861085892 0
1570356136619 0.06514805555343628 0
1570356138582 0.07374569028615952 0
1570356140529 0.0667140781879425 0
1570356142431 0.06256501376628876 0
1570356144372 0.05738488584756851 0
1570356146313 0.0610833615064621 0
1570356148226 0.057772643864154816 0
1570356150140 0.05857757478952408 0
1570356152145 0.05782044678926468 0
1570356154105 0.08217760175466537 0
1570356156034 0.06719671189785004 0
1570356157967 0.06274282187223434 0
1570356160058 0.056997593492269516 0
1570356161990 0.06882186233997345 0
1570356163938 0.06523246318101883 0
1570356165946 0.07520532608032227 0
1570356167885 0.05530396103858948 0
1570356169879 0.06692813336849213 0
1570356171842 0.06645931303501129 0
1570356173779 0.06342148780822754 0
1570356175714 0.06127452477812767 0
1570356177655 0.06128627061843872 0
1570356179638 0.06594713777303696 0
1570356181645 0.06214490905404091 0
1570356183634 0.06900784373283386 0
1570356185507 0.059323959052562714 0
1570356187380 0.06236759200692177 0
1570356189292 0.07018939405679703 0
1570356191261 0.06386727094650269 0
1570356193270 0.06143202632665634 0
1570356195194 0.06768234074115753 0
1570356197194 0.0587569996714592 0
1570356199181 0.06123359128832817 0
1570356201116 0.06286546587944031 0
1570356203072 0.0628419741988182 0
1570356205003 0.060006942600011826 0
1570356207029 0.061715081334114075 0
1570356208918 0.06493261456489563 0
1570356210881 0.06460729986429214 0
1570356212798 0.060218870639801025 0
1570356214774 0.0752301961183548 0
1570356216873 0.06282763183116913 0
1570356218927 0.06384938955307007 0
1570356220840 0.0639243796467781 0
1570356222837 0.06301496177911758 0
1570356224825 0.0650005042552948 0
1570356226776 0.0653325617313385 0
1570356228681 0.0612487718462944 0
1570356230663 0.06668999791145325 0
1570356232603 0.06241852417588234 0
1570356234630 0.06797856092453003 0
1570356236639 0.058330975472927094 0
1570356238540 0.06366276741027832 0
1570356240522 0.07010601460933685 0
1570356242451 0.06791891902685165 0
1570356244470 0.05860981345176697 0
1570356246494 0.05540737509727478 0
1570356248496 0.0655030608177185 0
1570356250472 0.062117114663124084 0
1570356252274 0.0652419924736023 0
1570356254178 0.0675726979970932 0
1570356256097 0.061539918184280396 0
1570356258061 0.054439812898635864 0
1570356260052 0.06420913338661194 0
1570356262030 0.05742814764380455 0
1570356263987 0.06293707340955734 0
1570356265954 0.06293291598558426 0
1570356267923 0.0626753643155098 0
1570356270014 0.05795306712388992 0
1570356271961 0.06199789419770241 0
1570356273907 0.059363361448049545 0
1570356275836 0.061579927802085876 0
1570356277924 0.07243173569440842 0
1570356279969 0.06839428097009659 0
1570356281897 0.07536303997039795 0
1570356283852 0.05707705765962601 0
1570356285898 0.06599554419517517 0
1570356287882 0.05798432603478432 0
1570356289802 0.06034455820918083 0
1570356291768 0.0715288370847702 0
1570356293824 0.06107080727815628 0
1570356295818 0.06515249609947205 0
1570356297792 0.061360809952020645 0
1570356299682 0.06316094100475311 0
1570356301569 0.06450564414262772 0
1570356303471 0.06087562441825867 0
1570356305395 0.05925258249044418 0
1570356307324 0.06092143803834915 0
1570356309245 0.05742965638637543 0
1570356311175 0.06682150810956955 0
1570356313261 0.0616300143301487 0
1570356315225 0.05777285248041153 0
1570356317219 0.06084094196557999 0
1570356319193 0.06325551867485046 0
1570356321233 0.056154415011405945 0
1570356323174 0.06424512714147568 0
1570356325136 0.055370185524225235 0
1570356327077 0.06474180519580841 0
1570356328977 0.06343356519937515 0
1570356330880 0.0594794861972332 0
1570356332784 0.06964203715324402 0
1570356334776 0.06881438940763474 0
1570356336688 0.05899205431342125 0
1570356338643 0.06188208609819412 0
1570356340658 0.06720279902219772 0
1570356342610 0.06593504548072815 0
1570356344519 0.05989772081375122 0
1570356346442 0.06613300740718842 0
1570356348411 0.07554969191551208 0
1570356350417 0.06175095960497856 0
1570356352388 0.06125364825129509 0
1570356354393 0.05939870700240135 0
1570356356340 0.05748254060745239 0
1570356358286 0.06852474063634872 0
1570356360172 0.05839785933494568 0
1570356362104 0.05633847415447235 0
1570356364044 0.06190494820475578 0
1570356365975 0.06789688766002655 0
1570356367890 0.053865786641836166 0
1570356369802 0.06590445339679718 0
1570356371788 0.06622395664453506 0
1570356373681 0.06210939958691597 0
1570356375646 0.05723288655281067 0
1570356377538 0.058756109327077866 0
1570356379493 0.06004182994365692 0
1570356381511 0.056881386786699295 0
1570356383457 0.07119867205619812 0
1570356385388 0.06506283581256866 0
1570356387407 0.05942629277706146 0
1570356389392 0.05974775552749634 0
1570356391306 0.0621010921895504 0
1570356393229 0.05464114993810654 0
1570356395185 0.06713666021823883 0
1570356397171 0.06207374483346939 0
1570356399182 0.06800732761621475 0
1570356401084 0.05733867734670639 0
1570356403086 0.07127420604228973 0
1570356405016 0.06742679327726364 0
1570356406942 0.055007293820381165 0
1570356408862 0.057609979063272476 0
1570356410971 0.0664861798286438 0
1570356412885 0.07091738283634186 0
1570356414906 0.06198874115943909 0
1570356416879 0.05550181120634079 0
1570356418974 0.06238535791635513 0
1570356420936 0.0585661306977272 0
1570356422987 0.06126801669597626 0
1570356424956 0.06463455408811569 0
1570356426923 0.06085113435983658 0
1570356428819 0.06883125007152557 0
1570356430643 0.06279519200325012 0
1570356432614 0.06316882371902466 0
1570356434653 0.054301731288433075 0
1570356436586 0.06577602028846741 0
1570356438409 0.053178250789642334 0
1570356440271 0.0536763034760952 0
1570356442253 0.058739133179187775 0
1570356444068 0.06101659685373306 0
1570356445982 0.05712435394525528 0
1570356447883 0.05558212473988533 0
1570356449864 0.06117124482989311 0
1570356451862 0.06440091878175735 0
1570356453868 0.053168486803770065 0
1570356455844 0.06115218251943588 0
1570356457837 0.06219261512160301 0
1570356459825 0.05344298481941223 0
1570356461820 0.06432509422302246 0
1570356463769 0.06009737774729729 0
1570356465760 0.07252612709999084 0
1570356467663 0.060876429080963135 0
1570356469643 0.05859796330332756 0
1570356471682 0.05971033126115799 0
1570356473644 0.05085606500506401 0
1570356475618 0.05661638826131821 0
1570356477607 0.058307766914367676 0
1570356479583 0.06219427287578583 0
1570356481580 0.06315021961927414 0
1570356483614 0.06470563262701035 0
1570356485556 0.06334124505519867 0
1570356487652 0.05984476953744888 0
1570356489719 0.06595130264759064 0
1570356491707 0.06392643600702286 0
1570356493697 0.06307542324066162 0
1570356495801 0.05925151705741882 0
1570356497792 0.056163493543863297 0
1570356499774 0.05409596487879753 0
1570356501683 0.06498373299837112 0
1570356503730 0.060420431196689606 0
1570356505698 0.050975244492292404 0
1570356507699 0.0629306510090828 0
1570356509800 0.07288889586925507 0
1570356511854 0.0592292919754982 0
1570356513791 0.05185578763484955 0
1570356515679 0.06751318275928497 0
1570356517553 0.06029008701443672 0
1570356519564 0.055146474391222 0
1570356521557 0.05673748627305031 0
1570356523516 0.06110043451189995 0
1570356525493 0.06111494079232216 0
1570356527430 0.06095906347036362 0
1570356529424 0.05524292588233948 0
1570356531394 0.055786263197660446 0
1570356533446 0.05429968237876892 0
1570356535387 0.05421795696020126 0
1570356537393 0.05682515352964401 0
1570356539375 0.05701719596982002 0
1570356541333 0.06303802132606506 0
1570356543368 0.06083972379565239 0
1570356545340 0.06410852074623108 0
1570356547315 0.0664692372083664 0
