1570352979316 3.6415717601776123 0
1570352981115 3.3530592918395996 0
1570352986873 2.8626132011413574 0
1570352990543 3.1046292781829834 0
1570352992079 2.626361131668091 0
1570352998047 2.6131885051727295 0
1570353000272 3.531930446624756 0
1570353002852 3.1326935291290283 0
1570353005000 3.3667171001434326 0
1570353009011 2.967162609100342 0
1570353010334 2.8769819736480713 0
1570353011877 2.885047435760498 0
1570353014223 2.699946165084839 0
1570353016531 2.18466854095459 0
1570353018528 2.379136323928833 0
1570353020534 2.3046486377716064 0
1570353022455 3.1222949028015137 0
1570353024492 2.860313892364502 0
1570353026700 2.4200079441070557 0
1570353029078 2.8320934772491455 0
1570353033090 2.5658693313598633 0
1570353034962 2.5837390422821045 0
1570353037112 2.5301520824432373 0
1570353038581 2.579465627670288 0
1570353040882 2.3548858165740967 0
1570353042184 2.5040507316589355 0
1570353043815 2.6336474418640137 0
1570353045841 2.362924814224243 0
1570353047803 2.4941630363464355 0
1570353049491 2.688556432723999 0
1570353051130 2.470109224319458 0
1570353053571 2.375269889831543 0
1570353055212 2.334181308746338 0
1570353057023 2.390845775604248 0
1570353058667 2.551691770553589 0
1570353061032 2.6612391471862793 0
1570353062391 2.601511240005493 0
1570353064378 2.0008625984191895 0
1570353067067 2.619515895843506 0
1570353068796 2.121828556060791 0
1570353070328 2.4723503589630127 0
1570353072542 2.5615570545196533 0
1570353074174 2.671778917312622 0
1570353075628 2.384615421295166 0
1570353077129 2.3103156089782715 0
1570353078939 2.083019971847534 0
1570353080517 2.28570294380188 0
1570353082094 2.2902719974517822 0
1570353083699 2.643976926803589 0
1570353085533 2.4392952919006348 0
1570353086732 2.4638466835021973 0
1570353088536 1.9796149730682373 0
1570353090046 2.394162178039551 0
1570353092080 2.1722991466522217 0
1570353093348 2.293714761734009 0
1570353094655 2.6447737216949463 0
1570353095847 2.276416540145874 0
1570353097496 2.1574149131774902 0
1570353099413 2.2354378700256348 0
1570353100809 2.052798271179199 0
1570353102332 2.4350340366363525 0
1570353104658 2.2661266326904297 0
1570353106716 2.412321090698242 0
1570353108359 2.1927504539489746 0
1570353109882 2.3338310718536377 0
1570353111151 1.9292469024658203 0
1570353112402 2.317945957183838 0
1570353114022 2.2346739768981934 0
1570353115299 2.3599140644073486 0
1570353116625 2.387957811355591 0
1570353118567 1.9787020683288574 0
1570353119786 2.371307134628296 0
1570353121069 2.399766683578491 0
1570353122478 2.557889223098755 0
1570353124159 2.4858641624450684 0
1570353125460 2.0816497802734375 0
1570353126723 2.182513952255249 0
1570353128094 2.1813223361968994 0
1570353129650 1.8963552713394165 0
1570353131202 1.9518824815750122 0
1570353132551 2.1596226692199707 0
1570353133810 2.2774853706359863 0
1570353135220 2.255725860595703 0
1570353136598 2.3951568603515625 0
1570353138447 2.172748327255249 0
1570353139681 1.9498389959335327 0
1570353141018 2.0356969833374023 0
1570353142245 2.191749095916748 0
1570353144130 1.9214727878570557 0
1570353145712 2.1764960289001465 0
1570353147192 1.8674110174179077 0
1570353148922 1.8676068782806396 0
1570353150342 2.235891819000244 0
1570353151568 2.014039993286133 0
1570353153069 1.9460335969924927 0
1570353154353 1.9989256858825684 0
1570353155624 2.088120698928833 0
1570353156878 1.8938488960266113 0
1570353158157 2.363473415374756 0
1570353159606 2.052215814590454 0
1570353161161 1.9407206773757935 0
1570353162475 2.12668776512146 0
1570353163697 1.6777623891830444 0
1570353164913 1.903233289718628 0
1570353166174 1.674221396446228 0
1570353167414 1.9487736225128174 0
1570353168837 2.2137200832366943 0
1570353170134 1.9534285068511963 0
1570353171463 2.1755428314208984 0
1570353172769 1.7731351852416992 0
1570353174028 2.0288970470428467 0
1570353175287 1.6934207677841187 0
1570353176555 1.92997145652771 0
1570353177797 1.8069837093353271 0
1570353179104 1.7896455526351929 0
1570353180499 1.568798303604126 0
1570353181818 1.9055370092391968 0
1570353183153 2.025231122970581 0
1570353184399 2.0171146392822266 0
1570353185678 1.994006633758545 0
1570353186930 1.658286213874817 0
1570353188130 2.14064884185791 0
1570353189379 2.0626697540283203 0
1570353190551 1.8514827489852905 0
1570353191813 2.097041130065918 0
1570353193075 1.888047218322754 0
1570353194371 1.7730485200881958 0
1570353195734 1.6433122158050537 0
1570353197001 1.6938236951828003 0
1570353198270 1.6942541599273682 0
1570353199598 1.6193076372146606 0
1570353200974 1.9269750118255615 0
1570353202255 1.7404080629348755 0
1570353203515 1.768957257270813 0
1570353204923 1.5828665494918823 0
1570353206218 2.1132285594940186 0
1570353207441 1.7445613145828247 0
1570353208657 1.634364128112793 0
1570353209955 1.7118626832962036 0
1570353211319 1.9900667667388916 0
1570353212594 1.7670159339904785 0
1570353213996 1.9203064441680908 0
1570353215301 1.4544204473495483 0
1570353216566 1.6672199964523315 0
1570353217855 1.9186031818389893 0
1570353219193 1.709545373916626 0
1570353220607 1.6842480897903442 0
1570353221914 1.5424349308013916 0
1570353223232 1.8146063089370728 0
1570353224563 1.7044174671173096 0
1570353225842 1.7809444665908813 0
1570353227137 1.862135887145996 0
1570353228363 1.7360286712646484 0
1570353229653 2.180814027786255 0
1570353230917 2.0178325176239014 0
1570353232225 1.8420361280441284 0
1570353233578 1.8619818687438965 0
1570353234836 1.944963812828064 0
1570353236293 1.5137369632720947 0
1570353237717 1.8101623058319092 0
1570353239084 2.1311535835266113 0
1570353240478 1.7541316747665405 0
1570353241749 1.6607561111450195 0
1570353242987 1.4835410118103027 0
1570353244251 1.7214628458023071 0
1570353245543 1.4695494174957275 0
1570353246820 1.4675294160842896 0
1570353248164 1.6523021459579468 0
1570353249439 1.7287472486495972 0
1570353250694 1.787781834602356 0
1570353252121 1.6416490077972412 0
1570353253470 1.652082085609436 0
1570353254742 1.591529369354248 0
1570353255986 1.5840216875076294 0
1570353257276 1.5172746181488037 0
1570353258549 1.6192697286605835 0
1570353259965 1.5900667905807495 0
1570353261280 1.5471616983413696 0
1570353262647 1.8893574476242065 0
1570353263925 1.5174317359924316 0
1570353265327 1.4975101947784424 0
1570353266720 1.7105892896652222 0
1570353268142 1.4993754625320435 0
1570353269465 1.814771294593811 0
1570353270741 1.5278186798095703 0
1570353272135 2.2420568466186523 0
1570353273559 1.5439255237579346 0
1570353274869 1.4343771934509277 0
1570353276114 2.039433002471924 0
1570353277495 1.4180649518966675 0
1570353278849 1.8460164070129395 0
1570353280222 1.3272861242294312 0
1570353281670 1.517643690109253 0
1570353282998 1.6522018909454346 0
1570353284311 1.5639044046401978 0
1570353285600 1.4861953258514404 0
1570353286965 1.604945182800293 0
1570353288273 1.594199776649475 0
1570353289646 1.7206979990005493 0
1570353290978 1.766620397567749 0
1570353292264 1.3636550903320312 0
1570353293573 1.6086469888687134 0
1570353294918 1.6200145483016968 0
1570353296146 1.4054977893829346 0
1570353297420 1.4840805530548096 0
1570353298696 1.4873309135437012 0
1570353300002 1.397162675857544 0
1570353301398 1.5499061346054077 0
1570353302822 1.5665420293807983 0
1570353304155 1.7293661832809448 0
1570353305464 1.5341848134994507 0
1570353306760 1.3466583490371704 0
1570353308041 1.6622339487075806 0
1570353309427 1.4356986284255981 0
1570353310768 1.4952733516693115 0
1570353312078 1.8408386707305908 0
1570353313362 1.3399956226348877 0
1570353314735 1.7796127796173096 0
1570353316137 1.761767864227295 0
1570353317576 1.3327534198760986 0
1570353318979 1.6424331665039062 0
1570353320474 1.5339910984039307 0
1570353321836 1.2517508268356323 0
1570353323246 1.2937116622924805 0
1570353324638 1.5548447370529175 0
1570353326026 1.8002493381500244 0
1570353327430 1.5227546691894531 0
1570353328718 1.5918728113174438 0
1570353330069 1.8010096549987793 0
1570353331332 1.7651695013046265 0
1570353332734 1.8024975061416626 0
1570353334054 1.4370845556259155 0
1570353335403 1.3811657428741455 0
1570353336683 1.4929940700531006 0
1570353337975 1.73429536819458 0
1570353339361 1.685048222541809 0
1570353340729 1.4478718042373657 0
1570353342025 1.283024787902832 0
1570353343299 1.1753597259521484 0
1570353344594 1.3404461145401 0
1570353345949 1.4567797183990479 0
1570353347425 1.577372670173645 0
1570353348891 1.498430609703064 0
1570353350332 1.438339352607727 0
1570353351602 1.7908623218536377 0
1570353352882 1.418875813484192 0
1570353354192 1.6556109189987183 0
1570353355587 1.4680942296981812 0
1570353357026 1.2264928817749023 0
1570353358361 1.4482601881027222 0
1570353359723 1.406123399734497 0
1570353361139 1.451170563697815 0
1570353362558 1.3355132341384888 0
1570353363979 1.0920730829238892 0
1570353365397 1.788632869720459 0
1570353366731 1.3789860010147095 0
1570353368114 1.7814679145812988 0
1570353369566 1.1901768445968628 0
1570353370923 1.2323832511901855 0
1570353372249 1.8136518001556396 0
1570353373729 1.5330634117126465 0
1570353375140 1.4961366653442383 0
1570353376459 1.3623061180114746 0
1570353377822 1.3416850566864014 0
1570353379114 1.4447522163391113 0
1570353380417 1.4320061206817627 0
1570353381724 1.4100252389907837 0
1570353383243 1.5315203666687012 0
1570353384676 1.1946126222610474 0
1570353386010 1.3291374444961548 0
1570353387344 1.4442164897918701 0
1570353388777 1.247159719467163 0
1570353390093 1.6017587184906006 0
1570353391449 1.4599672555923462 0
1570353392768 1.321547508239746 0
1570353394174 1.337101936340332 0
1570353395607 1.2074110507965088 0
1570353396890 1.561851143836975 0
1570353398253 1.3940246105194092 0
1570353399578 1.449769377708435 0
1570353400871 1.0751179456710815 0
1570353402277 1.3251246213912964 0
1570353403535 1.4535330533981323 0
1570353404889 1.5609490871429443 0
1570353406298 1.5974098443984985 0
1570353407686 1.634382963180542 0
1570353408993 1.2063701152801514 0
1570353410299 1.4076876640319824 0
1570353411613 1.5552858114242554 0
1570353412929 1.316152811050415 0
1570353414320 1.4698220491409302 0
1570353415681 1.4710867404937744 0
1570353417071 1.1365865468978882 0
1570353418360 0.9748122096061707 0
1570353419789 1.682523250579834 0
1570353421101 1.5014317035675049 0
1570353422403 1.1630884408950806 0
1570353423801 1.5654559135437012 0
1570353425197 1.4433461427688599 0
1570353426540 1.3306950330734253 0
1570353427840 1.4476293325424194 0
1570353429118 1.3584223985671997 0
1570353430492 1.3810254335403442 0
1570353431841 1.286033272743225 0
1570353433170 1.5450854301452637 0
1570353434438 1.268209457397461 0
1570353435639 1.4075146913528442 0
1570353436909 1.6178417205810547 0
1570353438226 1.1807408332824707 0
1570353439505 1.1072129011154175 0
1570353440852 1.579517126083374 0
1570353442180 1.3331547975540161 0
1570353443464 1.3584749698638916 0
1570353444824 1.522594690322876 0
1570353446263 1.1674199104309082 0
1570353447733 1.3724172115325928 0
1570353449166 1.3225867748260498 0
1570353450533 1.609631061553955 0
1570353451831 1.4106534719467163 0
1570353453115 1.1773544549942017 0
1570353454386 1.3490965366363525 0
1570353455653 1.3138329982757568 0
1570353456916 1.5405312776565552 0
1570353458265 1.8634493350982666 0
1570353459717 1.2355815172195435 0
1570353461140 1.5167710781097412 0
1570353462430 1.0333454608917236 0
1570353463794 1.5104913711547852 0
1570353465232 1.5332770347595215 0
1570353466681 1.328830599784851 0
1570353468123 1.371061086654663 0
1570353469566 1.279223084449768 0
1570353471032 1.2748897075653076 0
1570353472514 1.2587709426879883 0
1570353473967 1.5966053009033203 0
1570353475418 1.2269986867904663 0
1570353476865 1.7764286994934082 0
1570353478359 1.7611119747161865 0
1570353479800 1.495290756225586 0
1570353481237 1.4450838565826416 0
1570353482684 1.3943959474563599 0
1570353484205 1.1960924863815308 0
1570353485601 1.208889126777649 0
1570353487083 1.2060356140136719 0
1570353488544 1.2048778533935547 0
1570353490078 1.3761283159255981 0
1570353491626 1.0916178226470947 0
1570353493181 1.2483121156692505 0
1570353494595 1.3234976530075073 0
1570353495957 1.1333519220352173 0
1570353497409 1.567973017692566 0
1570353498757 1.1909140348434448 0
1570353500074 1.4599124193191528 0
1570353501426 1.2614071369171143 0
1570353502901 1.2144707441329956 0
1570353504439 1.407576560974121 0
1570353505809 1.5243000984191895 0
1570353507200 1.2988017797470093 0
1570353508495 1.2443337440490723 0
1570353509840 1.4497007131576538 0
1570353511172 1.2180167436599731 0
1570353512497 1.2250723838806152 0
1570353513858 1.5265084505081177 0
1570353515234 1.1339033842086792 0
1570353516600 1.0855985879898071 0
1570353517899 1.2716010808944702 0
1570353519336 1.1371550559997559 0
1570353520787 1.0573136806488037 0
1570353522117 1.699491024017334 0
1570353523511 1.1414132118225098 0
1570353524951 1.6134494543075562 0
1570353526314 1.4449955224990845 0
1570353527758 1.261560320854187 0
1570353529073 1.4751207828521729 0
1570353530545 1.391013503074646 0
1570353532090 0.9515331983566284 0
1570353533541 1.1412780284881592 0
1570353534967 1.488308310508728 0
1570353536398 1.4403696060180664 0
1570353537866 1.3703969717025757 0
1570353539300 1.2767080068588257 0
1570353540789 1.1067726612091064 0
1570353542310 1.315903902053833 0
1570353543665 1.310757040977478 0
1570353545009 1.232874870300293 0
1570353546390 1.1420683860778809 0
1570353547821 1.2048215866088867 0
1570353549122 1.307860016822815 0
1570353550491 1.4496078491210938 0
1570353551938 1.3742200136184692 0
1570353566984 1.1352386474609375 0
1570353568493 1.426540493965149 0
1570353580990 1.518755316734314 0
1570353582443 0.9271183013916016 0
1570353583846 1.1957486867904663 0
1570353585252 1.5010566711425781 0
1570353586707 1.3248151540756226 0
1570353618499 1.1715623140335083 0
1570353619922 1.739693284034729 0
1570353621407 1.4775662422180176 0
1570353622830 1.2931978702545166 0
1570353624297 1.1625012159347534 0
1570353625728 1.3037688732147217 0
1570353627166 1.514201283454895 0
1570353628594 1.0499324798583984 0
1570353630006 1.2948594093322754 0
1570353631371 1.6858164072036743 0
1570353651607 1.4661647081375122 0
1570353653008 0.9782589673995972 0
1570353654426 1.4745373725891113 0
1570353655844 1.1911287307739258 0
1570353657257 1.236969232559204 0
1570353658558 1.1240118741989136 0
1570353659802 1.0731483697891235 0
1570353661077 1.4211069345474243 0
1570353662380 1.1868879795074463 0
1570353663735 1.2001389265060425 0
1570353665071 1.135697603225708 0
1570353666524 1.1555438041687012 0
1570353667919 1.1171119213104248 0
1570353669355 1.4764727354049683 0
1570353670746 1.5840288400650024 0
1570353672163 1.1032078266143799 0
1570353673527 1.1850247383117676 0
1570353674851 1.1792014837265015 0
1570353676196 1.320678949356079 0
1570353677555 1.5366630554199219 0
1570353678879 1.3117724657058716 0
1570353680278 1.196400761604309 0
1570353681640 1.0714213848114014 0
1570353683050 1.5088112354278564 0
1570353684566 0.9271095991134644 0
1570353685849 1.280259132385254 0
1570353687107 1.4257019758224487 0
1570353688456 1.1443307399749756 0
1570353689859 1.433210015296936 0
1570353691275 1.4147100448608398 0
1570353692693 1.3803532123565674 0
1570353694150 1.3921074867248535 0
1570353695582 1.0668861865997314 0
1570353697060 1.2653765678405762 0
1570353698497 1.440489649772644 0
1570353699929 1.2229057550430298 0
1570353701383 1.1958969831466675 0
1570353702844 1.2113933563232422 0
1570353704293 1.3129198551177979 0
1570353705737 1.3834902048110962 0
1570353707207 1.4557222127914429 0
1570353708725 1.219744324684143 0
1570353710195 0.726118266582489 0
1570353711627 1.1492786407470703 0
1570353712983 1.1362196207046509 0
1570353714447 1.3236390352249146 0
1570353715863 0.9910914301872253 0
1570353717287 1.1426796913146973 0
1570353718623 0.9941884279251099 0
1570353720025 1.390333652496338 0
1570353721425 1.4349122047424316 0
1570353722834 1.4290343523025513 0
1570353724187 1.1450637578964233 0
1570353725625 1.2318686246871948 0
1570353726950 1.280319094657898 0
1570353728317 1.03355073928833 0
1570353729703 1.6502591371536255 0
1570353731265 1.1521906852722168 0
1570353732712 1.4039058685302734 0
1570353734149 1.7485599517822266 0
1570353735535 1.1506338119506836 0
1570353736957 1.3232229948043823 0
1570353738426 0.8505038619041443 0
1570353739912 1.2639167308807373 0
1570353741353 1.3518867492675781 0
1570353742827 1.17143714427948 0
1570353744272 1.2739691734313965 0
1570353745720 1.4538408517837524 0
1570353747179 1.2010091543197632 0
1570353748629 1.202275276184082 0
1570353750126 1.010159969329834 0
1570353751634 1.3308813571929932 0
1570353753158 1.1022536754608154 0
1570353754682 1.5304069519042969 0
1570353756207 0.9903241395950317 0
1570353757693 1.4334170818328857 0
1570353759054 1.1814947128295898 0
1570353760538 1.3665752410888672 0
1570353761919 0.9506592750549316 0
1570353763388 1.1442629098892212 0
1570353764883 1.4590553045272827 0
1570353766273 1.227698564529419 0
1570353767669 1.1039273738861084 0
1570353769005 1.2880167961120605 0
1570353770343 1.3381990194320679 0
1570353771739 1.061580777168274 0
1570353773106 1.1570895910263062 0
1570353774508 1.1010842323303223 0
1570353775959 1.1161733865737915 0
1570353777445 1.2688769102096558 0
1570353822893 1.1117726564407349 0
1570353824450 1.1911441087722778 0
1570353825949 1.673061728477478 0
1570353827537 1.5274770259857178 0
1570353828932 1.0127832889556885 0
1570353830336 0.9935678839683533 0
1570353831676 1.0355530977249146 0
1570353833064 1.0695582628250122 0
1570353834468 1.451249122619629 0
1570353835916 1.3789700269699097 0
1570353837313 1.2501435279846191 0
1570353838749 1.1439684629440308 0
1570353840234 1.1370986700057983 0
1570353841661 1.6055399179458618 0
1570353843052 1.5665556192398071 0
1570353844419 1.3637797832489014 0
1570353845770 1.1076844930648804 0
1570353847227 1.2886676788330078 0
1570353848565 1.1235462427139282 0
1570353850145 1.1434556245803833 0
1570353851667 1.1311293840408325 0
1570353853200 1.2719253301620483 0
1570353854682 1.7194092273712158 0
1570353856235 1.3779082298278809 0
1570353857680 1.2856699228286743 0
1570353859242 1.4406205415725708 0
1570353860747 1.3522543907165527 0
1570353862174 1.2901679277420044 0
1570353863628 1.264823079109192 0
1570353865090 1.156777262687683 0
1570353866574 1.1844598054885864 0
1570353868039 1.0245519876480103 0
1570353869529 0.98268723487854 0
1570353871077 1.2727375030517578 0
1570353872466 1.153324842453003 0
1570353874011 1.561774730682373 0
1570353875430 1.08383047580719 0
1570353876896 1.2019259929656982 0
1570353878286 0.9754241704940796 0
1570353879645 1.279529333114624 0
1570353881065 0.9641337394714355 0
1570353882541 1.1239606142044067 0
1570353883891 0.8628780841827393 0
1570353885239 1.2602405548095703 0
1570353886599 1.2053276300430298 0
1570353888021 1.077130913734436 0
1570353889445 1.0570008754730225 0
1570353891040 1.5614964962005615 0
1570353892589 0.7810853123664856 0
1570353894163 1.1488200426101685 0
1570353895690 1.067498803138733 0
1570353897187 1.4287564754486084 0
1570353898787 1.2691975831985474 0
1570353900266 0.8783265948295593 0
1570353901746 0.9064788818359375 0
1570353903219 0.9724655747413635 0
1570353904764 0.9141104817390442 0
1570353906215 1.067705512046814 0
1570353907610 1.2751669883728027 0
1570353908981 1.0187935829162598 0
1570353910459 1.402335524559021 0
1570353912007 1.1528706550598145 0
1570353913551 1.77610182762146 0
1570353915008 1.1486916542053223 0
1570353916529 1.3156015872955322 0
1570353918084 1.4071952104568481 0
1570353919471 1.1554909944534302 0
1570353921032 1.2556707859039307 0
1570353922593 1.4445714950561523 0
1570353923982 1.1392889022827148 0
1570353925353 1.3340022563934326 0
1570353926805 0.8103300333023071 0
1570353928201 0.9723191857337952 0
1570353929892 1.330936074256897 0
1570353931462 0.9521676301956177 0
1570353932938 1.0615345239639282 0
1570353934555 1.0005913972854614 0
1570353936003 0.8715882897377014 0
1570353937500 1.339945673942566 0
1570353938916 1.0116809606552124 0
1570353940302 1.3687458038330078 0
1570353941676 0.9100942611694336 0
1570353943090 1.102034330368042 0
1570353944551 1.0340399742126465 0
1570353945955 1.0395333766937256 0
1570353947341 1.0729954242706299 0
1570353948765 1.0787241458892822 0
1570353950218 1.1084667444229126 0
1570353951678 1.1738919019699097 0
1570353953125 1.3974835872650146 0
1570353954572 1.0138704776763916 0
1570353956014 1.2157689332962036 0
1570353957532 1.338265299797058 0
1570353959085 1.0101661682128906 0
1570353960543 1.2632026672363281 0
1570353962021 1.4084945917129517 0
1570353963609 1.056174397468567 0
1570353964996 1.029683232307434 0
1570353966407 1.11431086063385 0
1570353967818 0.9227156043052673 0
1570353969210 1.5940487384796143 0
1570353970688 1.074805498123169 0
1570353972148 1.1049879789352417 0
1570353973685 1.5787211656570435 0
1570353975215 1.1862835884094238 0
1570353976753 1.6534817218780518 0
1570353978152 1.3905880451202393 0
1570353979553 1.0838767290115356 0
1570353981008 0.9713938236236572 0
1570353982471 1.2517045736312866 0
1570353984032 1.024943470954895 0
1570353985562 0.9401230812072754 0
1570353987098 0.7662703394889832 0
1570353988581 1.2056742906570435 0
1570353990046 0.9201393127441406 0
1570353991543 1.0780301094055176 0
1570353993085 0.8530007004737854 0
1570353994620 1.212466835975647 0
1570353996044 1.3916809558868408 0
1570353997435 1.4053068161010742 0
1570353998954 1.1279181241989136 0
1570354000573 1.1159604787826538 0
1570354002053 1.2318483591079712 0
1570354003516 1.1473218202590942 0
1570354005057 1.1099236011505127 0
1570354006576 1.3291648626327515 0
1570354008110 1.1733543872833252 0
1570354009671 1.1530871391296387 0
1570354011096 1.3687011003494263 0
1570354012590 0.8903402090072632 0
1570354014080 1.28127121925354 0
1570354015590 1.0546643733978271 0
1570354017101 1.0575491189956665 0
1570354018472 1.2742085456848145 0
1570354019950 1.2475298643112183 0
1570354021329 1.1915481090545654 0
1570354022768 1.403166651725769 0
1570354024284 0.9504985213279724 0
1570354025695 1.1130174398422241 0
1570354027118 0.9237956404685974 0
1570354028739 1.0946602821350098 0
1570354030201 1.0025830268859863 0
1570354031592 1.1611496210098267 0
1570354033118 1.2347642183303833 0
1570354034714 1.1731716394424438 0
1570354036076 1.1054469347000122 0
1570354037481 1.1818692684173584 0
1570354038951 1.145336389541626 0
1570354040328 0.9502673745155334 0
1570354041738 0.9425274729728699 0
1570354043166 1.1351969242095947 0
1570354044637 1.0845279693603516 0
1570354046164 1.3223170042037964 0
1570354047753 0.9914711713790894 0
1570354049323 1.1573103666305542 0
1570354050874 1.0644543170928955 0
1570354052429 0.9520663022994995 0
1570354054023 0.9470597505569458 0
1570354055436 0.9446635842323303 0
1570354056993 0.9314649701118469 0
1570354058534 0.8338416218757629 0
1570354060107 1.2401171922683716 0
1570354061637 1.3043667078018188 0
1570354063169 1.2681604623794556 0
1570354064709 1.230873465538025 0
1570354066316 1.057446837425232 0
1570354067880 1.2673311233520508 0
1570354069425 1.206722378730774 0
1570354071074 0.9923580288887024 0
1570354072630 1.3184128999710083 0
1570354074184 1.09354829788208 0
1570354075768 1.2701987028121948 0
1570354077363 1.2739496231079102 0
1570354078852 1.3715306520462036 0
1570354080412 0.9678679704666138 0
1570354081925 0.9941487312316895 0
1570354083441 1.0011060237884521 0
1570354084848 1.017055630683899 0
1570354086402 1.4012447595596313 0
1570354087854 1.2010271549224854 0
1570354089304 1.1316933631896973 0
1570354090747 1.050054907798767 0
1570354092205 1.0926647186279297 0
1570354093680 0.9836622476577759 0
1570354095270 1.051824927330017 0
1570354096849 1.3887525796890259 0
1570354098406 1.1152427196502686 0
1570354099960 0.89688640832901 0
1570354101634 1.3425571918487549 0
1570354103219 1.1063565015792847 0
1570354104806 1.2992773056030273 0
1570354106386 1.707781195640564 0
1570354108045 1.0706130266189575 0
1570354109624 0.9331119060516357 0
1570354111196 1.183555245399475 0
1570354112767 1.4046486616134644 0
1570354114384 1.016738772392273 0
1570354115849 0.9270576238632202 0
1570354117385 1.2591298818588257 0
1570354118991 1.391364336013794 0
1570354120537 1.094264268875122 0
1570354122086 0.912487804889679 0
1570354123674 0.9037695527076721 0
1570354125129 1.0707077980041504 0
1570354126544 1.0721136331558228 0
1570354128084 0.9697197079658508 0
1570354129500 0.9407328367233276 0
1570354130955 1.1831562519073486 0
1570354132688 1.1374181509017944 0
1570354134358 1.1475054025650024 0
1570354136038 1.252202033996582 0
1570354137660 1.168031930923462 0
1570354139207 1.2321943044662476 0
1570354140814 1.0379077196121216 0
1570354142334 0.9610834121704102 0
1570354143848 1.2097523212432861 0
1570354145444 1.0163954496383667 0
1570354147087 1.027586817741394 0
1570354148787 1.0395214557647705 0
1570354150377 1.374250054359436 0
1570354151952 1.121450662612915 0
1570354153528 0.7634450197219849 0
1570354155129 0.7572328448295593 0
1570354156660 1.1528352499008179 0
1570354158359 1.2361775636672974 0
1570354160068 0.988587498664856 0
1570354161665 0.9520155787467957 0
1570354163366 1.0576441287994385 0
1570354164804 0.9416290521621704 0
1570354166270 1.2601261138916016 0
1570354167881 0.9564952254295349 0
1570354169400 1.329010009765625 0
1570354171010 0.7022674083709717 0
1570354172568 1.0239622592926025 0
1570354174133 0.9336497187614441 0
1570354175746 0.9419391751289368 0
1570354177252 1.093881368637085 0
1570354178689 1.0427688360214233 0
1570354180193 1.105510950088501 0
1570354181757 1.2776235342025757 0
1570354183264 1.036539077758789 0
1570354184822 0.8837820887565613 0
1570354186392 1.2601933479309082 0
1570354188057 0.914325475692749 0
1570354189749 1.2127224206924438 0
1570354191407 0.891132652759552 0
1570354192837 0.9548190236091614 0
1570354194301 1.0109992027282715 0
1570354195773 0.8201425075531006 0
1570354197202 1.0005768537521362 0
1570354198642 1.2201765775680542 0
1570354200231 1.3420436382293701 0
1570354201883 0.9957863092422485 0
1570354203312 1.0999778509140015 0
1570354204896 1.0770795345306396 0
1570354206502 0.8615766763687134 0
1570354207989 0.9778457880020142 0
1570354209509 0.8103896379470825 0
1570354210974 1.1331167221069336 0
1570354212440 1.0430710315704346 0
1570354214042 0.9044657349586487 0
1570354215489 1.0823229551315308 0
1570354217070 0.9359650611877441 0
1570354218654 1.3808263540267944 0
1570354220330 1.0956083536148071 0
1570354221926 1.0274875164031982 0
1570354223545 1.0509583950042725 0
1570354225096 0.9647057056427002 0
1570354226680 1.2089821100234985 0
1570354228360 1.0813959836959839 0
1570354229952 0.8449118733406067 0
1570354231529 0.9614559412002563 0
1570354233188 1.2136540412902832 0
1570354234820 0.9839228987693787 0
1570354236404 1.3978902101516724 0
1570354238033 0.98956298828125 0
1570354239717 1.0240564346313477 0
1570354241315 1.3218201398849487 0
1570354242985 1.4022918939590454 0
1570354244574 1.2329504489898682 0
1570354246203 1.0203570127487183 0
1570354247825 1.2545926570892334 0
1570354249408 1.033107876777649 0
1570354251048 1.2615141868591309 0
1570354252632 0.9230303764343262 0
1570354254218 1.0093295574188232 0
1570354255823 1.0112218856811523 0
1570354257438 1.1369905471801758 0
1570354259058 0.9924235939979553 0
1570354260686 0.9544726610183716 0
1570354262289 1.3640906810760498 0
1570354263920 0.9389870166778564 0
1570354265477 0.8636583089828491 0
1570354267031 1.0153071880340576 0
1570354268542 1.0743464231491089 0
1570354270056 0.9802131652832031 0
1570354271547 1.385207176208496 0
1570354273202 0.7570952773094177 0
1570354274625 1.1187357902526855 0
1570354276103 0.9132398366928101 0
1570354277742 1.4130803346633911 0
1570354279422 1.4118170738220215 0
1570354280978 1.2218595743179321 0
1570354282605 0.8477405309677124 0
1570354284259 1.10052490234375 0
1570354285831 1.065245270729065 0
1570354287415 0.9076824188232422 0
1570354289013 1.1304731369018555 0
1570354290610 0.7610748410224915 0
1570354292273 1.1263666152954102 0
1570354293886 0.9565451145172119 0
1570354295478 1.1131950616836548 0
1570354297147 1.0618810653686523 0
1570354298781 1.0685557126998901 0
1570354300363 1.2897108793258667 0
1570354302032 0.9008504748344421 0
1570354303736 0.9074372053146362 0
1570354305417 1.053953766822815 0
1570354306985 1.2236849069595337 0
1570354308554 1.0660531520843506 0
1570354310180 0.829596996307373 0
1570354311764 1.117379903793335 0
1570354313242 1.084452748298645 0
1570354314730 1.0109297037124634 0
1570354316218 1.1154282093048096 0
1570354317702 0.9868835806846619 0
1570354319149 1.0469229221343994 0
1570354320598 1.0182762145996094 0
1570354322108 1.0787702798843384 0
1570354323734 0.9070389270782471 0
1570354325418 1.1265422105789185 0
1570354327001 1.2623202800750732 0
1570354328658 1.3218165636062622 0
1570354330239 1.2880326509475708 0
1570354331743 1.1165319681167603 0
1570354333255 1.301958441734314 0
1570354334888 1.2277631759643555 0
1570354336346 1.0893285274505615 0
1570354337828 0.8567377328872681 0
1570354339356 1.0811583995819092 0
1570354340810 0.945918083190918 0
1570354342305 1.0965514183044434 0
1570354343766 0.9645552039146423 0
1570354345254 1.1219184398651123 0
1570354346732 0.9668506979942322 0
1570354348314 1.0543148517608643 0
1570354349936 0.906213641166687 0
1570354351570 1.1744751930236816 0
1570354353086 1.0308231115341187 0
1570354354789 1.254146933555603 0
1570354356408 1.001330018043518 0
1570354358137 0.918624222278595 0
1570354359799 0.8370850682258606 0
1570354361414 1.0088175535202026 0
1570354362996 1.0310230255126953 0
1570354364592 0.9512574076652527 0
1570354366170 1.0992792844772339 0
1570354367680 0.8293430805206299 0
1570354369141 1.0666199922561646 0
1570354370617 1.0384275913238525 0
1570354372171 1.3108144998550415 0
1570354373792 1.0938254594802856 0
1570354375406 1.1085301637649536 0
1570354377002 0.6968857645988464 0
1570354378725 1.1990926265716553 0
1570354380366 0.8982024788856506 0
1570354382022 0.8292255997657776 0
1570354383553 1.1490662097930908 0
1570354385188 0.9436758756637573 0
1570354386798 1.118512749671936 0
1570354388437 1.622931718826294 0
1570354390045 1.0577030181884766 0
1570354391688 0.7522788643836975 0
1570354393423 0.7868459224700928 0
1570354395007 0.9879728555679321 0
1570354396602 1.1379129886627197 0
1570354398190 1.1188403367996216 0
1570354399860 1.1059390306472778 0
1570354401465 0.8753240704536438 0
1570354402932 0.9434847235679626 0
1570354404469 1.0403118133544922 0
1570354406126 1.5297009944915771 0
1570354407732 0.8897846341133118 0
1570354409346 1.1304728984832764 0
1570354410992 0.9842410683631897 0
1570354412604 0.9762465357780457 0
1570354414192 0.9614220857620239 0
1570354415797 1.171852946281433 0
1570354417486 0.8169732093811035 0
1570354419133 0.7675740718841553 0
1570354420736 0.75249844789505 0
1570354422312 1.0411465167999268 0
1570354423979 0.9115058779716492 0
1570354425605 0.8954581618309021 0
1570354427223 0.8710196614265442 0
1570354428812 1.1431602239608765 0
1570354430542 1.224379539489746 0
1570354432180 0.9244451522827148 0
1570354433766 1.0658228397369385 0
1570354435390 1.104299545288086 0
1570354437022 1.1055748462677002 0
1570354438636 1.3662681579589844 0
1570354440302 1.1604490280151367 0
1570354442022 0.8246691226959229 0
1570354443677 0.8198188543319702 0
1570354445442 1.018330454826355 0
1570354447066 1.0327435731887817 0
1570354448649 1.1873546838760376 0
1570354450309 0.9702759981155396 0
1570354451916 1.0051977634429932 0
1570354453342 0.9841058254241943 0
1570354454818 0.9599247574806213 0
1570354456358 1.0578540563583374 0
1570354457927 1.0204055309295654 0
1570354459452 1.0329102277755737 0
1570354460912 1.0157808065414429 0
1570354462350 1.1022611856460571 0
1570354463957 1.136277675628662 0
1570354465601 1.327100396156311 0
1570354467110 0.6231623291969299 0
1570354468702 1.134680151939392 0
1570354470282 0.9496006965637207 0
1570354471876 0.8538194298744202 0
1570354473463 0.8843615651130676 0
1570354475062 1.0984331369400024 0
1570354476704 1.04491126537323 0
1570354478305 1.153737187385559 0
1570354479894 1.0872937440872192 0
1570354481500 1.0812857151031494 0
1570354483178 0.9082587957382202 0
1570354484750 0.9641609191894531 0
1570354486349 1.2116258144378662 0
1570354487959 1.2014877796173096 0
1570354489642 0.9514769911766052 0
1570354491217 1.0454224348068237 0
1570354492790 0.9970164895057678 0
1570354494485 1.0232137441635132 0
1570354496133 0.9186028242111206 0
1570354497711 1.096403956413269 0
1570354499317 0.9541382193565369 0
1570354500931 0.8410835266113281 0
1570354502535 0.8211760520935059 0
1570354504109 0.7851415276527405 0
1570354505688 1.001013994216919 0
1570354507377 1.1145122051239014 0
1570354508940 1.0247828960418701 0
1570354510458 1.2805343866348267 0
1570354512123 1.1093119382858276 0
1570354513848 0.8706398606300354 0
1570354515577 0.8925248384475708 0
1570354517225 1.030626654624939 0
1570354518823 0.7979523539543152 0
1570354520535 1.1557667255401611 0
1570354522159 1.209093451499939 0
1570354523761 0.9366100430488586 0
1570354525395 1.2851041555404663 0
1570354527006 1.071323275566101 0
1570354528680 1.1019504070281982 0
1570354530313 1.070666790008545 0
1570354531953 1.270771861076355 0
1570354533596 0.7236749529838562 0
1570354535322 1.3565384149551392 0
1570354536971 1.1111654043197632 0
1570354538597 1.0151259899139404 0
1570354540198 1.0420700311660767 0
1570354541757 0.608234703540802 0
1570354543259 0.974471390247345 0
1570354544934 0.9942466616630554 0
1570354546606 1.153257966041565 0
1570354548119 0.9526805877685547 0
1570354549667 0.9033451676368713 0
1570354551287 1.1407115459442139 0
1570354552960 0.897507905960083 0
1570354554616 1.0682752132415771 0
1570354556268 1.2057130336761475 0
1570354557860 1.062253475189209 0
1570354559551 1.0591325759887695 0
1570354561232 0.9870034456253052 0
1570354562909 0.9573360085487366 0
1570354564563 1.016252875328064 0
1570354566146 1.021828532218933 0
1570354567685 0.9515145421028137 0
1570354569292 0.945667564868927 0
1570354570927 0.8995988965034485 0
1570354572682 1.0421340465545654 0
1570354574358 1.0178165435791016 0
1570354576003 0.6667314171791077 0
1570354577517 1.1466124057769775 0
1570354579159 0.9008863568305969 0
1570354580701 1.3467130661010742 0
1570354582209 0.888882577419281 0
1570354583716 1.1947680711746216 0
1570354585309 0.8998011946678162 0
1570354586892 0.994010865688324 0
1570354588360 0.8297036290168762 0
1570354589829 0.9980912208557129 0
1570354591289 0.9462802410125732 0
1570354592776 1.2050731182098389 0
1570354594282 1.021528959274292 0
1570354595778 1.2217336893081665 0
1570354597495 0.9423835873603821 0
1570354599120 1.148573398590088 0
1570354600707 1.0453139543533325 0
1570354602294 0.8962855339050293 0
1570354603893 0.6733516454696655 0
1570354605521 0.8929606676101685 0
1570354607162 1.2860617637634277 0
1570354608770 0.8658369779586792 0
1570354610467 0.8351490497589111 0
1570354612111 1.0505598783493042 0
1570354613685 1.0992997884750366 0
1570354615333 1.4181091785430908 0
1570354616882 1.0072295665740967 0
1570354618407 0.8962258696556091 0
1570354620098 0.9560069441795349 0
1570354621722 0.967216432094574 0
1570354623346 0.8879265785217285 0
1570354625046 0.8956201672554016 0
1570354626619 1.1000535488128662 0
1570354628237 1.042943000793457 0
1570354629898 0.9519777297973633 0
1570354631502 1.0716043710708618 0
1570354633142 1.1488367319107056 0
1570354634773 1.061521053314209 0
1570354636378 0.8424360156059265 0
1570354637979 0.8550980687141418 0
1570354639673 0.8684835433959961 0
1570354641290 0.8774213194847107 0
1570354642962 1.1253550052642822 0
1570354644570 1.136659026145935 0
1570354646158 1.2391273975372314 0
1570354647830 0.9771326184272766 0
1570354649455 1.1797772645950317 0
1570354651156 1.0635666847229004 0
1570354652835 0.8247566223144531 0
1570354654599 1.3513836860656738 0
1570354656290 0.9704139232635498 0
1570354657951 0.8818482160568237 0
1570354659595 0.9273474216461182 0
1570354661260 1.1306265592575073 0
1570354662933 0.8663561344146729 0
1570354664542 1.0542126893997192 0
1570354666211 1.1023015975952148 0
1570354667811 0.8963655233383179 0
1570354669426 0.831993043422699 0
1570354671021 0.8257754445075989 0
1570354672577 0.8178159594535828 0
1570354674153 1.267684817314148 0
1570354675715 0.9539957642555237 0
1570354677314 0.9814375638961792 0
1570354678972 1.1710379123687744 0
1570354680610 0.8670061826705933 0
1570354682303 0.9010392427444458 0
1570354683923 1.0397143363952637 0
1570354685548 0.9788321256637573 0
1570354687259 0.874050498008728 0
1570354688908 0.9293043613433838 0
1570354690519 1.3389708995819092 0
1570354692134 1.0139988660812378 0
1570354693844 1.142370581626892 0
1570354695450 0.9682807326316833 0
1570354697077 1.1074960231781006 0
1570354698715 0.9584108591079712 0
1570354700414 0.8528255224227905 0
1570354701992 1.2052782773971558 0
1570354703564 0.7112761735916138 0
1570354705221 0.9134953618049622 0
1570354706907 0.9325146079063416 0
1570354708515 0.8185257911682129 0
1570354710078 1.099302887916565 0
1570354711653 1.159949779510498 0
1570354713196 1.066482663154602 0
1570354714810 1.0438425540924072 0
1570354716490 0.7904353737831116 0
1570354718128 0.9055625200271606 0
1570354719712 0.830389142036438 0
1570354721377 1.1857380867004395 0
1570354723075 0.7617088556289673 0
1570354724672 0.874719500541687 0
1570354726295 0.9839198589324951 0
1570354727902 0.9982811212539673 0
1570354729556 0.7250758409500122 0
1570354731196 1.1595239639282227 0
1570354732869 0.9306216239929199 0
1570354734529 0.9088508486747742 0
1570354736231 1.2060610055923462 0
1570354737889 0.9934066534042358 0
1570354739675 0.7891457676887512 0
1570354741354 0.5186002850532532 0
1570354743124 0.6829233169555664 0
1570354744818 1.0705221891403198 0
1570354746493 0.967992901802063 0
1570354748038 0.8540778756141663 0
1570354749611 0.9133185148239136 0
1570354751170 0.9402970671653748 0
1570354752770 0.8391545414924622 0
1570354754420 0.7857535481452942 0
1570354755979 1.015625 0
1570354757559 1.1179728507995605 0
1570354759111 0.8869532346725464 0
1570354760803 0.9266747832298279 0
1570354762499 0.9554012417793274 0
1570354764083 0.8649701476097107 0
1570354765840 1.0759025812149048 0
1570354767560 1.2232502698898315 0
1570354769283 0.8112481832504272 0
1570354770987 0.8754964470863342 0
1570354772762 0.8859260082244873 0
1570354774533 0.7656965255737305 0
1570354776241 0.7507224678993225 0
1570354777944 1.2166132926940918 0
1570354779772 1.0984398126602173 0
1570354781525 0.8894622921943665 0
1570354783304 1.0990688800811768 0
1570354784978 1.1216745376586914 0
1570354786708 1.0483142137527466 0
1570354788436 1.1533104181289673 0
1570354790236 1.1288567781448364 0
1570354791948 0.8673802614212036 0
1570354793691 0.9433261752128601 0
1570354795387 1.108778715133667 0
1570354797079 0.8160892724990845 0
1570354798812 1.152513027191162 0
1570354800571 0.9973279237747192 0
1570354802306 1.025550365447998 0
1570354804083 0.9032946825027466 0
1570354805808 0.9182012677192688 0
1570354807538 0.8597654700279236 0
1570354809224 1.1571179628372192 0
1570354810917 0.9750584959983826 0
1570354812615 0.9165779948234558 0
1570354814369 1.1104170083999634 0
1570354816089 1.1169555187225342 0
1570354817770 1.1483309268951416 0
1570354819348 1.186436653137207 0
1570354821010 0.7776007056236267 0
1570354822625 0.7733968496322632 0
1570354824179 0.6945093274116516 0
1570354825773 1.1307432651519775 0
1570354827336 1.1336781978607178 0
1570354829089 0.988430380821228 0
1570354830814 0.9308347702026367 0
1570354832544 1.0280821323394775 0
1570354834216 0.663833737373352 0
1570354835890 1.121815800666809 0
1570354837613 0.7886472940444946 0
1570354839318 1.007095456123352 0
1570354840966 1.0519887208938599 0
1570354842648 1.0204524993896484 0
1570354844367 0.7937279343605042 0
1570354845965 0.820022463798523 0
1570354847600 1.1488388776779175 0
1570354849257 0.964583158493042 0
1570354850869 0.978898823261261 0
1570354852470 1.1066092252731323 0
1570354854171 0.8081895709037781 0
1570354855833 0.9685261249542236 0
1570354857425 0.8799017071723938 0
1570354859142 1.0628987550735474 0
1570354860841 0.9065491557121277 0
1570354862535 1.1794408559799194 0
1570354864183 0.9537081122398376 0
1570354865861 1.058508276939392 0
1570354867591 1.0990519523620605 0
1570354869269 0.9192179441452026 0
1570354870932 1.2986716032028198 0
1570354872514 0.8690176606178284 0
1570354874232 0.8503395318984985 0
1570354875922 1.0349256992340088 0
1570354877591 1.017980694770813 0
1570354879277 0.8604065179824829 0
1570354880976 1.1921441555023193 0
1570354882699 0.8919394612312317 0
1570354884424 1.0225508213043213 0
1570354886131 0.8739466667175293 0
1570354887869 0.8593825697898865 0
1570354889615 1.1513456106185913 0
1570354891348 0.8462465405464172 0
1570354893043 0.9940606951713562 0
1570354894701 0.8056246638298035 0
1570354896384 1.0253970623016357 0
1570354898144 0.7450573444366455 0
1570354899866 0.8661764860153198 0
1570354901582 1.0247998237609863 0
1570354903217 0.6612119674682617 0
1570354904942 0.961732804775238 0
1570354906655 1.0668081045150757 0
1570354908340 0.8502729535102844 0
1570354909982 1.1196001768112183 0
1570354911610 1.057633876800537 0
1570354913322 0.9690380096435547 0
1570354914990 0.9871618747711182 0
1570354916726 0.7418280243873596 0
1570354918483 0.8076326251029968 0
1570354920186 0.97201007604599 0
1570354922019 1.0489704608917236 0
1570354923662 0.9492365717887878 0
1570354925245 0.946372389793396 0
1570354926942 1.105800986289978 0
1570354928637 0.7200011014938354 0
1570354930377 1.0824133157730103 0
1570354932141 1.1533102989196777 0
1570354933860 1.072024941444397 0
1570354935596 0.8870313763618469 0
1570354937322 0.9366578459739685 0
1570354939034 0.6899012327194214 0
1570354940752 0.9938051700592041 0
1570354942498 0.7621933817863464 0
1570354944170 1.0449609756469727 0
1570354945878 0.9528070688247681 0
1570354947548 1.2695374488830566 0
1570354949361 1.197404384613037 0
1570354951122 0.9695668816566467 0
1570354952780 1.1848827600479126 0
1570354954499 0.8908557295799255 0
1570354956260 1.1139287948608398 0
1570354958000 0.8626348376274109 0
1570354959587 1.092955231666565 0
1570354961212 0.81650310754776 0
1570354962933 0.8123635053634644 0
1570354964639 1.021615743637085 0
1570354966407 1.0064070224761963 0
1570354968120 0.9323410987854004 0
1570354969859 1.003147840499878 0
1570354971654 0.7396292090415955 0
1570354973277 1.108972430229187 0
1570354974990 1.0678691864013672 0
1570354976755 0.8000491261482239 0
1570354978477 0.9481788277626038 0
1570354980168 0.8164286613464355 0
1570354981916 1.381476640701294 0
1570354983649 1.237990140914917 0
1570354985435 0.8844746947288513 0
1570354987042 1.0560129880905151 0
1570354988632 0.9307007789611816 0
1570354990354 1.1148056983947754 0
1570354992085 0.8518569469451904 0
1570354993833 0.7343735694885254 0
1570354995534 0.9722394943237305 0
1570354997312 0.72879558801651 0
1570354999045 1.0635377168655396 0
1570355000759 0.7174747586250305 0
1570355002480 0.670245885848999 0
1570355004273 0.9506505727767944 0
1570355006013 1.4304630756378174 0
1570355007751 0.9641603827476501 0
1570355009473 0.8738259077072144 0
1570355011255 1.0695327520370483 0
1570355012970 1.1782066822052002 0
1570355014667 1.0017951726913452 0
1570355016353 0.7383158802986145 0
1570355018088 0.9129785895347595 0
1570355019866 0.868594229221344 0
1570355021504 0.7789099812507629 0
1570355023136 0.9835798144340515 0
1570355024747 0.9860934019088745 0
1570355026515 1.075107455253601 0
1570355028257 1.1418437957763672 0
1570355029999 1.0341157913208008 0
1570355031773 1.0812402963638306 0
1570355033585 1.0729953050613403 0
1570355035299 1.0462799072265625 0
1570355036994 1.2216516733169556 0
1570355038757 1.0051435232162476 0
1570355040495 0.8584423661231995 0
1570355042202 0.7997986674308777 0
1570355043919 1.172682523727417 0
1570355045628 1.178748607635498 0
1570355047288 1.0698045492172241 0
1570355048963 1.1161003112792969 0
1570355050809 1.0368403196334839 0
1570355052605 0.9444540143013 0
1570355054395 0.877251148223877 0
1570355056101 0.9185775518417358 0
1570355057847 1.1024569272994995 0
1570355059574 0.9687680602073669 0
1570355061413 0.8534451127052307 0
1570355063171 1.2986118793487549 0
1570355064898 0.8160921335220337 0
1570355066663 1.2028310298919678 0
1570355068524 0.9128173589706421 0
1570355070270 0.9857900142669678 0
1570355072003 1.0643876791000366 0
1570355073720 0.7850836515426636 0
1570355075542 0.8240628242492676 0
1570355077275 0.8821821808815002 0
1570355078916 0.9264658093452454 0
1570355080688 0.8474653363227844 0
1570355082458 0.9759294986724854 0
1570355084125 1.1708648204803467 0
1570355085873 0.7013599872589111 0
1570355087644 0.9804449677467346 0
1570355089393 1.0929313898086548 0
1570355091195 0.9484279155731201 0
1570355092906 0.7400029301643372 0
1570355094579 1.0004452466964722 0
1570355096338 0.9473844766616821 0
1570355098110 1.105940580368042 0
1570355099820 1.003971815109253 0
1570355101619 0.7373237609863281 0
1570355103411 0.961136519908905 0
1570355105135 1.4579201936721802 0
1570355106878 0.938571035861969 0
1570355108592 1.0047459602355957 0
1570355110356 1.1360881328582764 0
1570355112088 1.1670793294906616 0
1570355113682 0.8035654425621033 0
1570355115343 0.762764573097229 0
1570355117164 1.1092203855514526 0
1570355118986 0.8066927790641785 0
1570355120726 1.130460500717163 0
1570355122538 0.8651033043861389 0
1570355124334 0.9058017134666443 0
1570355126080 0.8840468525886536 0
1570355127880 0.884634792804718 0
1570355129659 0.8951112627983093 0
1570355131432 1.154292106628418 0
1570355133214 0.7721705436706543 0
1570355134971 1.0112589597702026 0
1570355136718 0.8860965967178345 0
1570355138475 0.9125494360923767 0
1570355140228 0.9007390737533569 0
1570355141977 0.8831812739372253 0
1570355143726 0.9630702137947083 0
1570355145475 1.5992896556854248 0
1570355147170 0.676058292388916 0
1570355148917 0.8990868330001831 0
1570355150691 1.0468647480010986 0
1570355152472 0.8572776913642883 0
1570355154198 1.0068531036376953 0
1570355155946 0.7607403993606567 0
1570355157744 1.0548158884048462 0
1570355159403 1.3138675689697266 0
1570355161232 0.6174803972244263 0
1570355162929 1.0128636360168457 0
1570355164673 0.9881772398948669 0
1570355166451 1.2733838558197021 0
1570355168201 1.0635679960250854 0
1570355169970 0.9024533629417419 0
1570355171743 1.0565094947814941 0
1570355173533 0.8902791142463684 0
1570355175251 1.148447871208191 0
1570355177003 1.034163236618042 0
1570355178786 0.8878211975097656 0
1570355180604 0.8625174164772034 0
1570355182398 1.0166633129119873 0
1570355184151 0.7259972095489502 0
1570355185971 0.7569829821586609 0
1570355187742 0.9175065159797668 0
1570355189488 0.9558725357055664 0
1570355191262 0.7663211822509766 0
1570355193017 1.0210763216018677 0
1570355194776 0.9195786118507385 0
1570355196509 0.8865628838539124 0
1570355198295 0.7580867409706116 0
1570355200092 0.8098505139350891 0
1570355201935 0.5871046781539917 0
1570355203631 1.2634625434875488 0
1570355205236 1.0876035690307617 0
1570355207078 0.8831866979598999 0
1570355208844 0.7169605493545532 0
1570355210637 1.2166016101837158 0
1570355212332 1.0899665355682373 0
1570355214189 0.8897108435630798 0
1570355216045 0.8195374608039856 0
1570355217815 0.9725107550621033 0
1570355219607 1.03780198097229 0
1570355221333 0.911650538444519 0
1570355223079 1.148610234260559 0
1570355224826 0.9717333316802979 0
1570355226477 0.8612455725669861 0
1570355228284 0.9167678356170654 0
1570355229993 0.9927626848220825 0
1570355231706 0.7550866007804871 0
1570355233390 0.8322345018386841 0
1570355235326 0.975725531578064 0
1570355237156 0.7620218396186829 0
1570355238957 1.266981840133667 0
1570355240714 1.2258230447769165 0
1570355242507 1.1676173210144043 0
1570355244306 0.8289953470230103 0
1570355246133 0.9755731225013733 0
1570355247891 0.8203940987586975 0
1570355249701 1.144765853881836 0
1570355251535 0.7068721055984497 0
1570355253283 0.8408004641532898 0
1570355255052 0.6807214021682739 0
1570355256924 1.092698574066162 0
1570355258750 0.95453280210495 0
1570355260496 1.3184577226638794 0
1570355262216 0.7456904649734497 0
1570355264078 1.0265361070632935 0
1570355265896 1.096573829650879 0
1570355267665 0.8072160482406616 0
1570355269412 0.9226564764976501 0
1570355271196 0.9923855066299438 0
1570355272847 1.021742582321167 0
1570355274603 0.7874964475631714 0
1570355276352 1.0030821561813354 0
1570355278187 1.1462063789367676 0
1570355279966 0.9460572600364685 0
1570355281797 0.792797863483429 0
1570355283596 0.844251811504364 0
1570355285461 0.7687657475471497 0
1570355287308 0.8731222152709961 0
1570355289098 1.079488754272461 0
1570355290865 1.0750592947006226 0
1570355292700 1.001170039176941 0
1570355294492 1.2171173095703125 0
1570355296361 0.8180462121963501 0
1570355298145 1.1861333847045898 0
1570355299832 0.9242533445358276 0
1570355301613 0.830787718296051 0
1570355303364 0.8061982989311218 0
1570355305136 1.0363268852233887 0
1570355306962 1.2670801877975464 0
1570355308615 0.9498494267463684 0
1570355310332 0.7573303580284119 0
1570355311982 1.281935214996338 0
1570355313879 0.6834396719932556 0
1570355315751 1.1613703966140747 0
1570355317505 0.82028728723526 0
1570355319263 1.0316606760025024 0
1570355320974 0.9356287717819214 0
1570355322684 0.7358607649803162 0
1570355324402 0.7307528853416443 0
1570355326115 0.8469053506851196 0
1570355327839 1.1007169485092163 0
1570355329582 0.8707625865936279 0
1570355331389 0.8545226454734802 0
1570355333155 1.1483176946640015 0
1570355334915 0.7662389278411865 0
1570355336693 1.1601250171661377 0
1570355338539 1.0826480388641357 0
1570355340324 0.926487922668457 0
1570355342106 1.1382436752319336 0
1570355343905 0.606810986995697 0
1570355345697 1.164648413658142 0
1570355347480 0.887744128704071 0
1570355349263 0.7092110514640808 0
1570355351085 0.7707961201667786 0
1570355352932 0.8339094519615173 0
1570355354708 0.6908825039863586 0
1570355356499 0.8059466481208801 0
1570355358354 0.8294228315353394 0
1570355360059 0.9203640818595886 0
1570355361879 0.8854108452796936 0
1570355363663 0.7051295638084412 0
1570355365448 1.0847641229629517 0
1570355367253 0.8240386247634888 0
1570355369032 1.1752660274505615 0
1570355370817 1.3220018148422241 0
1570355372617 0.870944619178772 0
1570355374405 0.9434541463851929 0
1570355376219 0.9280359745025635 0
1570355378000 0.9236729741096497 0
1570355379920 0.919305145740509 0
1570355381671 0.8674293756484985 0
1570355383480 1.7290114164352417 0
1570355385269 1.007116436958313 0
1570355387120 0.9179703593254089 0
1570355388904 0.6537270545959473 0
1570355390698 0.8759791851043701 0
1570355392494 0.765141487121582 0
1570355394322 0.7987259030342102 0
1570355396096 0.8524923324584961 0
1570355397874 0.8718720078468323 0
1570355399663 0.6443917155265808 0
1570355401542 0.7105597257614136 0
1570355403320 0.9943253397941589 0
1570355405111 0.9616454243659973 0
1570355406937 1.0553655624389648 0
1570355408710 0.834811806678772 0
1570355410526 0.7656236886978149 0
1570355412310 1.0291097164154053 0
1570355414046 1.0087172985076904 0
1570355415866 1.0172042846679688 0
1570355417772 0.8674386143684387 0
1570355419586 1.0612784624099731 0
1570355421396 0.854702353477478 0
1570355423194 0.9083156585693359 0
1570355424965 0.956886887550354 0
1570355426779 0.8697512149810791 0
1570355428549 0.8432900309562683 0
1570355430346 1.0955976247787476 0
1570355432141 0.7928443551063538 0
1570355433964 0.9439417719841003 0
1570355435769 0.9263288378715515 0
1570355437562 0.8313882946968079 0
1570355439379 1.0335988998413086 0
1570355441171 0.8921971321105957 0
1570355443043 0.9443230032920837 0
1570355444860 1.1164473295211792 0
1570355446639 0.8832950592041016 0
1570355448388 0.9822649955749512 0
1570355450237 0.8336274027824402 0
1570355451931 0.897362470626831 0
1570355453762 0.7886663675308228 0
1570355455530 0.7369078397750854 0
1570355457327 0.6674589514732361 0
1570355459212 1.1287111043930054 0
1570355461026 1.034153699874878 0
1570355462865 0.8265436887741089 0
1570355464710 0.9173861145973206 0
1570355466541 0.6690606474876404 0
1570355468353 0.8528571128845215 0
1570355470180 0.7022756338119507 0
1570355472010 0.7426488995552063 0
1570355473862 0.9403577446937561 0
1570355475658 1.1068108081817627 0
1570355477497 1.0970796346664429 0
1570355479319 0.7877040505409241 0
1570355481024 0.8518710136413574 0
1570355482676 0.8341754674911499 0
1570355484536 1.147386908531189 0
1570355486330 1.1400905847549438 0
1570355488127 0.8288426995277405 0
1570355489962 1.2072235345840454 0
1570355491657 0.8623315691947937 0
1570355493373 0.9333826899528503 0
1570355495200 1.0609339475631714 0
1570355496986 0.8734069466590881 0
1570355498717 0.6539390683174133 0
1570355500479 0.9615565538406372 0
1570355502231 0.8872759342193604 0
1570355504008 1.0530847311019897 0
1570355505845 0.7080097198486328 0
1570355507733 1.0575114488601685 0
1570355509448 0.7361675500869751 0
1570355511324 0.7633482217788696 0
1570355513205 0.8465580344200134 0
1570355515003 0.8290647268295288 0
1570355516955 1.0730570554733276 0
1570355518796 1.1704590320587158 0
1570355520642 0.9115924835205078 0
1570355522515 0.967997670173645 0
1570355524398 1.2515127658843994 0
1570355526206 0.9682958722114563 0
1570355528018 0.7606748938560486 0
1570355529891 0.9363932609558105 0
1570355531776 0.8626276850700378 0
1570355533636 0.9572135806083679 0
1570355535461 0.8455345630645752 0
1570355537292 0.657824695110321 0
1570355539238 0.906169593334198 0
1570355541031 0.6997542381286621 0
1570355542743 0.7756001949310303 0
1570355544571 0.8572179079055786 0
1570355546457 0.6379907727241516 0
1570355548269 0.9655526876449585 0
1570355550137 1.0495694875717163 0
1570355551912 0.9119760990142822 0
1570355553771 0.7260347008705139 0
1570355555566 0.9280757308006287 0
1570355557463 0.8599985241889954 0
1570355559261 0.8344665765762329 0
1570355561092 1.2133705615997314 0
1570355562951 0.8516567349433899 0
1570355564882 0.9698021411895752 0
1570355566713 0.7157617807388306 0
1570355568571 1.2025799751281738 0
1570355570401 0.60270756483078 0
1570355572261 1.2066059112548828 0
1570355574221 0.8935984969139099 0
1570355576034 0.83099764585495 0
1570355577881 0.9972316026687622 0
1570355579736 0.9338705539703369 0
1570355581528 0.7995794415473938 0
1570355583429 0.9372857809066772 0
1570355585234 0.9170037508010864 0
1570355587083 0.6752873659133911 0
1570355588928 0.9001864194869995 0
1570355590832 0.8634095191955566 0
1570355592685 0.89696204662323 0
1570355594549 1.1899833679199219 0
1570355596402 0.7695971727371216 0
1570355598298 0.689458966255188 0
1570355600158 0.9865245223045349 0
1570355602042 0.7828985452651978 0
1570355603859 1.2116483449935913 0
1570355605722 1.1694327592849731 0
1570355607575 0.8288182020187378 0
1570355609390 0.8497114181518555 0
1570355611215 0.9641150236129761 0
1570355613136 0.7644249200820923 0
1570355614946 0.6349051594734192 0
1570355616783 0.7262656688690186 0
1570355618596 0.7847909331321716 0
1570355620540 1.0931978225708008 0
1570355622489 0.8279415965080261 0
1570355624304 0.9739368557929993 0
1570355626124 0.6465603709220886 0
1570355627977 0.9295825958251953 0
1570355629783 0.9037050008773804 0
1570355631651 0.8584634065628052 0
1570355633475 0.6642666459083557 0
1570355635329 1.2655068635940552 0
1570355637225 0.8442757725715637 0
1570355639096 0.5835282206535339 0
1570355640965 1.0549722909927368 0
1570355642814 0.7668220400810242 0
1570355644704 0.9003503918647766 0
1570355646534 0.7779633402824402 0
1570355648329 1.4441378116607666 0
1570355650144 1.2652236223220825 0
1570355651880 0.884472131729126 0
1570355653718 0.8576899170875549 0
1570355655513 0.9652649760246277 0
1570355657435 1.2721930742263794 0
1570355659315 0.7548263669013977 0
1570355661240 0.7331982254981995 0
1570355663068 0.8292019963264465 0
1570355664903 0.9787554740905762 0
1570355666742 0.9226175546646118 0
1570355668591 1.0560182332992554 0
1570355670424 0.9047033786773682 0
1570355672303 1.2521202564239502 0
1570355674120 0.9284229874610901 0
1570355675839 0.9577702283859253 0
1570355677734 0.8189851641654968 0
1570355679678 1.1189204454421997 0
1570355681598 0.9809521436691284 0
1570355683455 1.1109178066253662 0
1570355685300 0.8681303262710571 0
1570355687138 0.871575117111206 0
1570355688948 1.0606591701507568 0
1570355690774 1.0648161172866821 0
1570355692586 0.6265961527824402 0
1570355694374 0.8435941934585571 0
1570355696151 0.7896465063095093 0
1570355697889 0.9863964319229126 0
1570355699629 0.6706530451774597 0
1570355701613 0.8786147236824036 0
1570355703387 1.0320792198181152 0
1570355705137 0.7363630533218384 0
1570355706981 0.9416372776031494 0
1570355708955 1.024963617324829 0
1570355710814 0.7903810739517212 0
1570355712692 0.8563355207443237 0
1570355714386 1.038779616355896 0
1570355716261 0.8043740391731262 0
1570355718085 0.8307098150253296 0
1570355719937 1.0506312847137451 0
1570355721752 0.6777442097663879 0
1570355723632 0.8135307431221008 0
1570355725484 0.8816155195236206 0
1570355727283 0.6039592027664185 0
1570355729267 1.0636258125305176 0
1570355731101 1.124780535697937 0
1570355732895 1.0240222215652466 0
1570355734691 0.8098312020301819 0
1570355736431 0.877041220664978 0
1570355738303 0.9284216165542603 0
1570355740142 1.273308277130127 0
1570355741942 0.7949680685997009 0
1570355743776 0.8385639190673828 0
1570355745691 0.9950774908065796 0
1570355747493 0.8890925049781799 0
1570355749330 1.0605616569519043 0
1570355751077 0.8340266942977905 0
1570355753058 0.9885573983192444 0
1570355754946 0.6855976581573486 0
1570355756816 0.9646314978599548 0
1570355758665 0.8309148550033569 0
1570355760528 1.0527336597442627 0
1570355762421 1.0026661157608032 0
1570355764292 0.9007813334465027 0
1570355766169 0.9835834503173828 0
1570355768024 0.7276617288589478 0
1570355769887 0.9406229257583618 0
1570355771798 0.6731003522872925 0
1570355773661 0.7237653732299805 0
1570355775443 1.1199734210968018 0
1570355777169 0.9157257676124573 0
1570355778995 1.0299978256225586 0
1570355780816 0.7854092717170715 0
1570355782656 0.9693120121955872 0
1570355784473 1.2046983242034912 0
1570355786172 0.981968104839325 0
1570355787873 0.982714056968689 0
1570355789524 1.1229816675186157 0
1570355791376 0.695749044418335 0
1570355793204 0.899652898311615 0
1570355795037 0.6223713159561157 0
1570355796927 0.8592029213905334 0
1570355798802 0.7413081526756287 0
1570355800649 0.7080577611923218 0
1570355802516 0.7026948928833008 0
1570355804401 1.096014380455017 0
1570355806261 0.8646823167800903 0
1570355808031 0.8093425035476685 0
1570355809824 0.7706778645515442 0
1570355811821 0.6758901476860046 0
1570355813699 0.9254282116889954 0
1570355815584 0.7162143588066101 0
1570355817455 0.8686912655830383 0
1570355819373 0.8213061690330505 0
1570355821212 0.8725690841674805 0
1570355823036 0.6038307547569275 0
1570355824880 0.8108228445053101 0
1570355826826 0.9283544421195984 0
1570355828696 0.6943684816360474 0
1570355830549 0.8018505573272705 0
1570355832318 0.7874502539634705 0
1570355834214 0.6743872761726379 0
1570355836100 1.0030124187469482 0
1570355837949 1.0212701559066772 0
1570355839808 1.1708091497421265 0
1570355841747 0.844368040561676 0
1570355843639 1.2162567377090454 0
1570355845500 1.1119742393493652 0
1570355847375 0.8527100086212158 0
1570355849318 0.7772446274757385 0
1570355851191 0.9847347140312195 0
1570355853058 1.1661708354949951 0
1570355854933 0.8651124238967896 0
1570355856865 0.9579240679740906 0
1570355858747 0.948543131351471 0
1570355860605 0.9398504495620728 0
1570355862466 0.7166464924812317 0
1570355864290 0.7779440879821777 0
1570355866204 0.6862605810165405 0
1570355868066 0.8695117831230164 0
1570355869869 0.7312691807746887 0
1570355871680 0.9096922278404236 0
1570355873623 0.7121214866638184 0
1570355875444 0.9975306391716003 0
1570355877315 0.8037400245666504 0
1570355879170 1.1057642698287964 0
1570355881018 0.7659732103347778 0
1570355882881 0.7842485904693604 0
1570355884726 0.8495518565177917 0
1570355886610 0.7823156118392944 0
1570355888464 1.1543710231781006 0
1570355890308 0.8562619090080261 0
1570355892122 0.8234657645225525 0
1570355893995 0.8781245350837708 0
1570355895825 0.8278619647026062 0
1570355897627 0.6344744563102722 0
1570355899473 0.976375937461853 0
1570355901366 0.9200728535652161 0
1570355903314 0.8492287397384644 0
1570355905198 0.9531241655349731 0
1570355907125 0.887812077999115 0
1570355909046 0.9091182351112366 0
1570355910951 1.1305326223373413 0
1570355912828 0.9954615831375122 0
1570355914678 0.6915673613548279 0
1570355916444 1.0790379047393799 0
1570355918324 0.7051575779914856 0
1570355920206 0.7316659688949585 0
1570355921916 0.739312469959259 0
1570355923804 1.0905157327651978 0
1570355925664 0.8951502442359924 0
1570355927511 0.9125925302505493 0
1570355929343 0.7647547721862793 0
1570355931192 1.4247615337371826 0
1570355933059 1.0650914907455444 0
1570355934947 1.0182552337646484 0
1570355936792 1.0650330781936646 0
1570355938651 0.7643484473228455 0
1570355940500 0.8771499395370483 0
1570355942353 1.0382349491119385 0
1570355944181 0.8527581691741943 0
1570355946038 0.934063196182251 0
1570355947928 0.8891306519508362 0
1570355949805 0.6405802369117737 0
1570355951727 0.90854811668396 0
1570355953705 0.6615188717842102 0
1570355955599 0.6634251475334167 0
1570355957515 0.6970849633216858 0
1570355959403 0.841901421546936 0
1570355961374 0.8169205784797668 0
1570355963292 0.8856272101402283 0
1570355965211 0.7941029667854309 0
1570355967131 0.7032116651535034 0
1570355969090 1.0838350057601929 0
1570355971097 0.7961730360984802 0
1570355973041 1.0496025085449219 0
1570355974984 0.8558104038238525 0
1570355976920 0.9342589378356934 0
1570355978864 0.6615701913833618 0
1570355980797 0.7899757623672485 0
1570355982688 0.9207813739776611 0
1570355984598 0.9373742341995239 0
1570355986513 0.7411444187164307 0
1570355988405 0.7986897826194763 0
1570355990290 1.1269316673278809 0
1570355992218 0.8315241932868958 0
1570355994145 0.9861419796943665 0
1570355996031 1.0019112825393677 0
1570355997908 0.8363319635391235 0
1570355999832 0.7591505646705627 0
1570356001808 0.856989860534668 0
1570356003698 1.0410619974136353 0
1570356005604 1.0731226205825806 0
1570356007572 0.721157968044281 0
1570356009482 1.0591113567352295 0
1570356011387 1.0637365579605103 0
1570356013285 0.9667737483978271 0
1570356015253 0.7442265748977661 0
1570356017187 0.7583686113357544 0
1570356019068 0.92295241355896 0
1570356021016 1.0027786493301392 0
1570356022965 0.8911094665527344 0
1570356024939 0.9261360764503479 0
1570356026837 0.9285086989402771 0
1570356028731 0.7416290640830994 0
1570356030697 1.0639442205429077 0
1570356032656 0.724745512008667 0
1570356034550 0.8752415776252747 0
1570356036445 0.8730264902114868 0
1570356038381 1.1274988651275635 0
1570356040344 0.8716930150985718 0
1570356042242 1.116601586341858 0
1570356044076 0.7772258520126343 0
1570356045951 0.858197033405304 0
1570356047928 0.8620923757553101 0
1570356049846 0.6692642569541931 0
1570356051771 0.6158953905105591 0
1570356053743 0.8234562873840332 0
1570356055716 0.8626576066017151 0
1570356057644 0.9997429847717285 0
1570356059611 0.8585763573646545 0
1570356061543 0.6531074643135071 0
1570356063491 0.7252750992774963 0
1570356065419 0.7644732594490051 0
1570356067387 1.198861002922058 0
1570356069275 0.8981257081031799 0
1570356071147 0.8312239050865173 0
1570356073036 0.8670065999031067 0
1570356074910 0.9492669701576233 0
1570356076788 0.787773847579956 0
1570356078724 0.8006733655929565 0
1570356080709 0.9097265601158142 0
1570356082490 0.4177345335483551 0
1570356084382 0.9464462995529175 0
1570356086317 0.9611935615539551 0
1570356088269 0.8267574906349182 0
1570356090176 1.5363144874572754 0
1570356092136 0.868225634098053 0
1570356094090 1.018865942955017 0
1570356095993 0.8145112991333008 0
1570356097925 0.9670515060424805 0
1570356099905 0.85506272315979 0
1570356101866 0.990678608417511 0
1570356103787 0.9249294996261597 0
1570356105699 0.8079580068588257 0
1570356107680 1.0796804428100586 0
1570356109663 0.8130959272384644 0
1570356111603 0.7076348662376404 0
1570356113524 0.899254560470581 0
1570356115421 0.8617424368858337 0
1570356117219 0.7720780968666077 0
1570356119158 0.7528653740882874 0
1570356121065 0.8024296760559082 0
1570356122919 0.6761425137519836 0
1570356124753 1.0519200563430786 0
1570356126600 0.8319194912910461 0
1570356128469 0.8186495304107666 0
1570356130544 0.9020500779151917 0
1570356132513 0.8946677446365356 0
1570356134434 0.7339673042297363 0
1570356136388 0.540055513381958 0
1570356138324 1.2818598747253418 0
1570356140271 0.6230756044387817 0
1570356142198 0.8640930652618408 0
1570356144103 0.9958209991455078 0
1570356146029 0.6061992049217224 0
1570356147967 0.8505125045776367 0
1570356149882 0.727416455745697 0
1570356151817 0.9869159460067749 0
1570356153841 1.1853517293930054 0
1570356155776 0.8646194934844971 0
1570356157703 0.8833532929420471 0
1570356159737 0.6894583106040955 0
1570356161732 0.8903450965881348 0
1570356163658 0.8066571354866028 0
1570356165687 0.9826018214225769 0
1570356167624 0.7433860301971436 0
1570356169548 0.7054424285888672 0
1570356171574 1.001792073249817 0
1570356173520 0.7851727604866028 0
1570356175465 0.955923855304718 0
1570356177394 0.9301838874816895 0
1570356179380 0.9302846789360046 0
1570356181313 0.9641191959381104 0
1570356183306 1.0643285512924194 0
1570356185250 0.8341231942176819 0
1570356187121 0.7555415034294128 0
1570356189033 1.2239116430282593 0
1570356190967 0.9103725552558899 0
1570356192962 1.1134132146835327 0
1570356194929 0.9185556173324585 0
1570356196962 0.7907002568244934 0
1570356198883 0.9386310577392578 0
1570356200832 0.88465416431427 0
1570356202811 0.8958328366279602 0
1570356204743 0.698534369468689 0
1570356206671 0.6440619230270386 0
1570356208582 0.7317811846733093 0
1570356210614 0.8854060173034668 0
1570356212562 1.0542577505111694 0
1570356214484 0.9876661896705627 0
1570356216511 0.7500733733177185 0
1570356218662 0.8330838680267334 0
1570356220603 1.0151396989822388 0
1570356222536 0.8333225250244141 0
1570356224555 0.9649343490600586 0
1570356226494 0.8385501503944397 0
1570356228435 0.7551935315132141 0
1570356230380 1.1263689994812012 0
1570356232362 0.8263511061668396 0
1570356234362 0.7931207418441772 0
1570356236307 0.8456945419311523 0
1570356238284 0.8963848352432251 0
1570356240186 0.9294524788856506 0
1570356242187 0.6330960392951965 0
1570356244204 0.8940780758857727 0
1570356246173 0.6903508305549622 0
1570356248226 0.9685810208320618 0
1570356250197 0.8570851683616638 0
1570356252015 0.5995005965232849 0
1570356253941 0.8531598448753357 0
1570356255860 0.8649765849113464 0
1570356257778 0.8556151986122131 0
1570356259790 1.041885495185852 0
1570356261790 1.026443600654602 0
1570356263742 0.7190074920654297 0
1570356265682 1.1168330907821655 0
1570356267655 0.9227839708328247 0
1570356269645 1.0305613279342651 0
1570356271721 0.9088810086250305 0
1570356273666 0.9168443083763123 0
1570356275602 0.8204854130744934 0
1570356277568 1.2328264713287354 0
1570356279630 1.1944661140441895 0
1570356281652 1.2438441514968872 0
1570356283607 0.8746166229248047 0
1570356285572 0.7513624429702759 0
1570356287573 1.0203886032104492 0
1570356289562 0.6381697058677673 0
1570356291508 1.0388274192810059 0
1570356293555 0.8713973760604858 0
1570356295521 0.9816818833351135 0
1570356297529 0.9583819508552551 0
1570356299420 0.798759400844574 0
1570356301233 0.9649337530136108 0
1570356303225 0.7125686407089233 0
1570356305153 1.05584716796875 0
1570356307074 0.8024019002914429 0
1570356308997 0.5521668195724487 0
1570356310923 0.9656375646591187 0
1570356312993 1.1378650665283203 0
1570356314958 1.0240769386291504 0
1570356316920 0.8939368724822998 0
1570356318902 0.7737060189247131 0
1570356320920 0.7146453857421875 0
1570356322892 0.7279871106147766 0
1570356324830 0.9197805523872375 0
1570356326777 0.8068788647651672 0
1570356328706 0.6897127032279968 0
1570356330612 0.6504439115524292 0
1570356332522 0.9747281074523926 0
1570356334440 0.7779511213302612 0
1570356336415 0.7567371129989624 0
1570356338373 0.9409550428390503 0
1570356340293 1.1735587120056152 0
1570356342309 1.2027709484100342 0
1570356344250 0.7216686606407166 0
1570356346171 0.956300675868988 0
1570356348109 0.8885793685913086 0
1570356350067 1.0754201412200928 0
1570356352124 0.7313651442527771 0
1570356354078 0.748695433139801 0
1570356356044 0.8867509961128235 0
1570356357987 0.9001806974411011 0
1570356359929 0.7482128739356995 0
1570356361863 0.8611428141593933 0
1570356363777 0.7994486689567566 0
1570356365719 1.0025490522384644 0
1570356367625 0.9133488535881042 0
1570356369536 0.837651789188385 0
1570356371474 1.09367835521698 0
1570356373437 0.8601687550544739 0
1570356375367 0.8043078780174255 0
1570356377296 0.6987141966819763 0
1570356379197 0.9196968674659729 0
1570356381151 0.8966096639633179 0
1570356383187 0.9392427802085876 0
1570356385121 0.8907619118690491 0
1570356387057 0.89691561460495 0
1570356389062 0.818492591381073 0
1570356391028 0.8161616325378418 0
1570356392958 0.9599790573120117 0
1570356394890 0.7903344631195068 0
1570356396840 0.9941330552101135 0
1570356398879 0.9439057111740112 0
1570356400836 0.7204914689064026 0
1570356402768 0.772936999797821 0
1570356404747 1.032198429107666 0
1570356406666 0.8827973008155823 0
1570356408585 0.7094326019287109 0
1570356410678 0.9684315919876099 0
1570356412585 0.9178396463394165 0
1570356414608 0.6039916276931763 0
1570356416603 0.9792569875717163 0
1570356418694 0.7959741950035095 0
1570356420624 0.7461618781089783 0
1570356422611 0.669501781463623 0
1570356424693 0.7315614223480225 0
1570356426659 0.6308640241622925 0
1570356428556 1.0772576332092285 0
1570356430373 0.9758231043815613 0
1570356432320 0.9855638146400452 0
1570356434329 0.6674162149429321 0
1570356436302 0.8589419722557068 0
1570356438165 0.6918932795524597 0
1570356440031 0.831015408039093 0
1570356441961 0.918277382850647 0
1570356443800 0.7328272461891174 0
1570356445643 0.694338858127594 0
1570356447607 0.894827127456665 0
1570356449584 0.8825463652610779 0
1570356451568 1.0375863313674927 0
1570356453573 0.75184565782547 0
1570356455564 0.848300039768219 0
1570356457543 0.690238893032074 0
1570356459548 0.709740400314331 0
1570356461537 0.9597976207733154 0
1570356463467 0.9743218421936035 0
1570356465489 1.1509722471237183 0
1570356467351 1.0353087186813354 0
1570356469364 0.6019858121871948 0
1570356471372 0.8332135677337646 0
1570356473391 0.6510074734687805 0
1570356475363 0.9066867828369141 0
1570356477356 0.6656044721603394 0
1570356479330 0.9557941555976868 0
1570356481309 0.8884285092353821 0
1570356483266 0.6321502923965454 0
1570356485301 0.8853380680084229 0
1570356487332 1.0286189317703247 0
1570356489432 1.1303349733352661 0
1570356491431 0.9135275483131409 0
1570356493439 0.7933006286621094 0
1570356495485 0.9469088315963745 0
1570356497518 0.8301617503166199 0
1570356499472 0.6036537289619446 0
1570356501380 0.7257195711135864 0
1570356503410 0.8476359844207764 0
1570356505429 0.9368904232978821 0
1570356507422 1.0388253927230835 0
1570356509421 1.0104353427886963 0
1570356511498 0.8515809178352356 0
1570356513546 0.5656923055648804 0
1570356515427 0.8837904930114746 0
1570356517298 0.815971314907074 0
1570356519280 0.8234689831733704 0
1570356521280 0.7968831062316895 0
1570356523247 1.0154736042022705 0
1570356525210 0.9049087166786194 0
1570356527181 0.6842672228813171 0
1570356529141 0.9184682965278625 0
1570356531113 1.1166507005691528 0
1570356533102 0.7919132113456726 0
1570356535135 0.8981372714042664 0
1570356537089 0.8231865167617798 0
1570356539067 0.8784212470054626 0
1570356541079 0.7647327780723572 0
1570356543068 0.9946818947792053 0
1570356545077 0.9529750943183899 0
1570356547066 0.6723932027816772 0
