1570352979887 0.08880233764648438 0
1570352985680 0.06344171613454819 0
1570352989409 0.06831973791122437 0
1570352990672 0.07812032103538513 0
1570352996756 0.06998501718044281 0
1570352999138 0.06747536361217499 0
1570353001551 0.0649677962064743 0
1570353003897 0.075315922498703 0
1570353007796 0.06838929653167725 0
1570353009098 0.07028622925281525 0
1570353010428 0.06419696658849716 0
1570353011990 0.06585961580276489 0
1570353014330 0.05475078523159027 0
1570353016627 0.04924444109201431 0
1570353018633 0.05075763165950775 0
1570353020632 0.05284126102924347 0
1570353022569 0.06872635334730148 0
1570353024602 0.058828894048929214 0
1570353026790 0.05259763449430466 0
1570353029161 0.06234939396381378 0
1570353033612 0.057863473892211914 0
1570353035069 0.04400240629911423 0
1570353037201 0.052307888865470886 0
1570353039751 0.046329695731401443 0
1570353041000 0.04198075830936432 0
1570353042294 0.06267908960580826 0
1570353043930 0.05240536853671074 0
1570353045931 0.050709318369627 0
1570353047902 0.052114807069301605 0
1570353049579 0.058102741837501526 0
1570353051240 0.03797079622745514 0
1570353053687 0.05095279589295387 0
1570353055302 0.05445948988199234 0
1570353057143 0.044004473835229874 0
1570353058767 0.046296168118715286 0
1570353061128 0.051579054445028305 0
1570353062509 0.05355638265609741 0
1570353064471 0.032729826867580414 0
1570353067158 0.050135161727666855 0
1570353068890 0.04455471783876419 0
1570353070445 0.05555421859025955 0
1570353072660 0.04678203910589218 0
1570353074292 0.05880279839038849 0
1570353075727 0.05068723112344742 0
1570353077229 0.04522184282541275 0
1570353079042 0.03281206265091896 0
1570353080637 0.03494904935359955 0
1570353082185 0.04621746018528938 0
1570353083795 0.05510985851287842 0
1570353085627 0.049419838935136795 0
1570353086846 0.04746721684932709 0
1570353088637 0.036629825830459595 0
1570353090139 0.04444184899330139 0
1570353092182 0.04276898130774498 0
1570353093480 0.04292035475373268 0
1570353094757 0.05350077897310257 0
1570353095955 0.04752182960510254 0
1570353097790 0.04500073194503784 0
1570353099511 0.0480867400765419 0
1570353100905 0.04295338690280914 0
1570353102434 0.05463014170527458 0
1570353104773 0.03874247148633003 0
1570353106833 0.054034385830163956 0
1570353108488 0.04045442119240761 0
1570353110027 0.04371348395943642 0
1570353111248 0.03459600359201431 0
1570353112496 0.03792908415198326 0
1570353114155 0.04601295292377472 0
1570353115420 0.05147561430931091 0
1570353116736 0.055877070873975754 0
1570353118672 0.03765367716550827 0
1570353119893 0.050392039120197296 0
1570353121170 0.03905892372131348 0
1570353122589 0.05151793733239174 0
1570353124285 0.03480697423219681 0
1570353125565 0.04583947733044624 0
1570353126825 0.04691635072231293 0
1570353128198 0.037625208497047424 0
1570353129752 0.03610987216234207 0
1570353131306 0.04800806939601898 0
1570353132653 0.039136238396167755 0
1570353133939 0.04601161181926727 0
1570353135329 0.04738525301218033 0
1570353136699 0.04468034207820892 0
1570353138578 0.0533144474029541 0
1570353139810 0.0416036993265152 0
1570353141147 0.04722755402326584 0
1570353142408 0.04028069227933884 0
1570353144327 0.040262140333652496 0
1570353145829 0.042628213763237 0
1570353147297 0.0352088026702404 0
1570353149063 0.03428054228425026 0
1570353150443 0.04346192628145218 0
1570353151671 0.043562062084674835 0
1570353153201 0.04569943994283676 0
1570353154456 0.04515371471643448 0
1570353155731 0.04474452883005142 0
1570353157012 0.028020218014717102 0
1570353158293 0.04967530444264412 0
1570353159939 0.038684308528900146 0
1570353161300 0.043891362845897675 0
1570353162578 0.039113134145736694 0
1570353163797 0.03136410564184189 0
1570353165024 0.045384183526039124 0
1570353166283 0.03307194262742996 0
1570353167657 0.03796060383319855 0
1570353168959 0.0486883744597435 0
1570353170290 0.03669963404536247 0
1570353171571 0.04413127899169922 0
1570353172901 0.04801163449883461 0
1570353174162 0.04193263128399849 0
1570353175398 0.032432589679956436 0
1570353176670 0.039324674755334854 0
1570353177938 0.04014504700899124 0
1570353179220 0.03392787650227547 0
1570353180616 0.03224436566233635 0
1570353181933 0.04347521811723709 0
1570353183261 0.033616989850997925 0
1570353184537 0.03711297735571861 0
1570353185810 0.04359057545661926 0
1570353187039 0.03541772812604904 0
1570353188241 0.04925994575023651 0
1570353189486 0.04603967443108559 0
1570353190660 0.03692880645394325 0
1570353191974 0.04120323807001114 0
1570353193237 0.032923877239227295 0
1570353194506 0.03832110017538071 0
1570353195839 0.03278619796037674 0
1570353197118 0.03329577296972275 0
1570353198421 0.0414101779460907 0
1570353199738 0.033540189266204834 0
1570353201111 0.04206684231758118 0
1570353202370 0.0336785688996315 0
1570353203668 0.03570067510008812 0
1570353205044 0.03127506002783775 0
1570353206335 0.048047006130218506 0
1570353207560 0.0352652370929718 0
1570353208770 0.03127670660614967 0
1570353210094 0.03174012526869774 0
1570353211437 0.04421824961900711 0
1570353212709 0.03255002200603485 0
1570353214118 0.03839413821697235 0
1570353215421 0.02975684031844139 0
1570353216700 0.026473041623830795 0
1570353218010 0.04337306320667267 0
1570353219343 0.03510281443595886 0
1570353220750 0.033481892198324203 0
1570353222051 0.02787051722407341 0
1570353223374 0.03900323063135147 0
1570353224678 0.034175388514995575 0
1570353226001 0.0344819575548172 0
1570353227252 0.04674803838133812 0
1570353228496 0.0363515205681324 0
1570353229767 0.04350663721561432 0
1570353231035 0.046215545386075974 0
1570353232341 0.039109792560338974 0
1570353233688 0.04236800968647003 0
1570353234969 0.04066378250718117 0
1570353236457 0.02744421362876892 0
1570353237865 0.03770001232624054 0
1570353239230 0.040343426167964935 0
1570353240610 0.028679031878709793 0
1570353241869 0.031707316637039185 0
1570353243103 0.035957835614681244 0
1570353244375 0.028673404827713966 0
1570353245665 0.03340432047843933 0
1570353246959 0.03784627839922905 0
1570353248284 0.03924039751291275 0
1570353249563 0.037066880613565445 0
1570353250857 0.03621373325586319 0
1570353252251 0.032357245683670044 0
1570353253588 0.03123808279633522 0
1570353254855 0.03531415015459061 0
1570353256101 0.030944256111979485 0
1570353257399 0.030864723026752472 0
1570353258708 0.034286946058273315 0
1570353260116 0.03387635573744774 0
1570353261396 0.04052913933992386 0
1570353262801 0.03598523139953613 0
1570353264079 0.028308145701885223 0
1570353265452 0.031440190970897675 0
1570353266846 0.03550341725349426 0
1570353268295 0.029124531894922256 0
1570353269616 0.030024267733097076 0
1570353270859 0.03446216136217117 0
1570353272269 0.04386981576681137 0
1570353273683 0.029304157942533493 0
1570353274995 0.036066025495529175 0
1570353276271 0.037226513028144836 0
1570353277632 0.029719527810811996 0
1570353279000 0.03961368650197983 0
1570353280351 0.02249312587082386 0
1570353281795 0.0353626050055027 0
1570353283136 0.03590647876262665 0
1570353284443 0.030550304800271988 0
1570353285732 0.03436495363712311 0
1570353287113 0.0374784991145134 0
1570353288444 0.029532581567764282 0
1570353289808 0.03509311005473137 0
1570353291111 0.037201277911663055 0
1570353292392 0.03318116068840027 0
1570353293752 0.028902212157845497 0
1570353295030 0.036694422364234924 0
1570353296266 0.029104262590408325 0
1570353297545 0.03302930295467377 0
1570353298833 0.03220921754837036 0
1570353300130 0.026017766445875168 0
1570353301559 0.031786758452653885 0
1570353302943 0.034683819860219955 0
1570353304317 0.041250355541706085 0
1570353305591 0.03187040984630585 0
1570353306891 0.021968945860862732 0
1570353308162 0.037632547318935394 0
1570353309571 0.029297057539224625 0
1570353310926 0.02830490842461586 0
1570353312237 0.040585607290267944 0
1570353313520 0.03150201588869095 0
1570353314892 0.042860034853219986 0
1570353316295 0.034419648349285126 0
1570353317704 0.029062502086162567 0
1570353319157 0.03975435346364975 0
1570353320617 0.03126322478055954 0
1570353322008 0.0271458737552166 0
1570353323385 0.02589820884168148 0
1570353324773 0.03634876012802124 0
1570353326183 0.04116983711719513 0
1570353327560 0.026511162519454956 0
1570353328874 0.03261470049619675 0
1570353330185 0.029208075255155563 0
1570353331448 0.03801644966006279 0
1570353332863 0.041057735681533813 0
1570353334231 0.03210365027189255 0
1570353335538 0.028917253017425537 0
1570353336813 0.02485230565071106 0
1570353338107 0.036313459277153015 0
1570353339491 0.03395434468984604 0
1570353340880 0.03333931788802147 0
1570353342151 0.03190586715936661 0
1570353343438 0.025565769523382187 0
1570353344760 0.030432168394327164 0
1570353346142 0.02769354358315468 0
1570353347589 0.028257004916667938 0
1570353349051 0.03451372683048248 0
1570353350462 0.021552184596657753 0
1570353351730 0.036172352731227875 0
1570353353046 0.03141307085752487 0
1570353354369 0.036492254585027695 0
1570353355731 0.028077727183699608 0
1570353357187 0.029017573222517967 0
1570353358495 0.03385784476995468 0
1570353359856 0.03119354322552681 0
1570353361272 0.026348892599344254 0
1570353362690 0.021588843315839767 0
1570353364110 0.019477680325508118 0
1570353365555 0.03338789939880371 0
1570353366906 0.025346646085381508 0
1570353368245 0.03686441108584404 0
1570353369734 0.0262842308729887 0
1570353371091 0.029151223599910736 0
1570353372422 0.043350912630558014 0
1570353373890 0.033220324665308 0
1570353375273 0.021597115322947502 0
1570353376624 0.027119971811771393 0
1570353377948 0.029771149158477783 0
1570353379252 0.03164741024374962 0
1570353380553 0.024291275069117546 0
1570353381904 0.02952226810157299 0
1570353383412 0.035162173211574554 0
1570353384809 0.01938561722636223 0
1570353386175 0.023378679528832436 0
1570353387529 0.03135301172733307 0
1570353388918 0.027376282960176468 0
1570353390224 0.03367028012871742 0
1570353391576 0.029213320463895798 0
1570353392935 0.02532828599214554 0
1570353394346 0.026427196338772774 0
1570353395732 0.026897862553596497 0
1570353397025 0.029080383479595184 0
1570353398428 0.0284257885068655 0
1570353399717 0.025693487375974655 0
1570353401010 0.026064127683639526 0
1570353402405 0.030741140246391296 0
1570353403667 0.028668111190199852 0
1570353405028 0.03297401964664459 0
1570353406463 0.028479356318712234 0
1570353407816 0.029528791084885597 0
1570353409136 0.0226452499628067 0
1570353410467 0.026909250766038895 0
1570353411775 0.03054257482290268 0
1570353413111 0.030767004936933517 0
1570353414491 0.031782496720552444 0
1570353415820 0.02938665635883808 0
1570353417213 0.022930368781089783 0
1570353418523 0.021694380789995193 0
1570353419928 0.02743348851799965 0
1570353421243 0.03206002712249756 0
1570353422548 0.027210798114538193 0
1570353423941 0.030920086428523064 0
1570353425336 0.02347293123602867 0
1570353426711 0.030765172094106674 0
1570353427980 0.03109806589782238 0
1570353429274 0.028272606432437897 0
1570353430656 0.029695652425289154 0
1570353432022 0.020168296992778778 0
1570353433313 0.03450658172369003 0
1570353434576 0.02720644883811474 0
1570353435771 0.03064110316336155 0
1570353437056 0.033972933888435364 0
1570353438377 0.032610051333904266 0
1570353439647 0.021467143669724464 0
1570353440997 0.024870458990335464 0
1570353442315 0.028102729469537735 0
1570353443648 0.0245828814804554 0
1570353444969 0.02657793089747429 0
1570353446452 0.02067628875374794 0
1570353447877 0.03617996722459793 0
1570353449310 0.024240730330348015 0
1570353450680 0.02934570610523224 0
1570353451980 0.03238070756196976 0
1570353453262 0.021423542872071266 0
1570353454531 0.028543667867779732 0
1570353455791 0.02644205093383789 0
1570353457064 0.032719165086746216 0
1570353458420 0.0332380011677742 0
1570353459924 0.032384976744651794 0
1570353461276 0.028209412470459938 0
1570353462576 0.022468114271759987 0
1570353463944 0.03126955032348633 0
1570353465384 0.03427175432443619 0
1570353466827 0.02174423635005951 0
1570353468273 0.025786520913243294 0
1570353469738 0.026267748326063156 0
1570353471222 0.023562796413898468 0
1570353472659 0.02242770604789257 0
1570353474119 0.035242337733507156 0
1570353475564 0.01977936364710331 0
1570353477050 0.03840145468711853 0
1570353478505 0.030087869614362717 0
1570353479945 0.03068816289305687 0
1570353481390 0.02618619054555893 0
1570353482895 0.027466077357530594 0
1570353484355 0.024974429979920387 0
1570353485751 0.026480240747332573 0
1570353487226 0.02298683114349842 0
1570353488713 0.023872660472989082 0
1570353490260 0.02630804106593132 0
1570353491814 0.025502856820821762 0
1570353493324 0.024480875581502914 0
1570353494800 0.02681887149810791 0
1570353496144 0.021239325404167175 0
1570353497582 0.026961658149957657 0
1570353498909 0.0249253548681736 0
1570353500269 0.026975281536579132 0
1570353501571 0.02351081371307373 0
1570353503082 0.02596275508403778 0
1570353504631 0.030269131064414978 0
1570353506004 0.03191410005092621 0
1570353507348 0.02624286711215973 0
1570353508683 0.023290246725082397 0
1570353509988 0.028874702751636505 0
1570353511320 0.028580032289028168 0
1570353512705 0.022570690140128136 0
1570353514073 0.028255505487322807 0
1570353515434 0.020377302542328835 0
1570353516754 0.02553977631032467 0
1570353518073 0.027296677231788635 0
1570353519526 0.01840510591864586 0
1570353520939 0.025860805064439774 0
1570353522271 0.031279176473617554 0
1570353523667 0.022043492645025253 0
1570353525119 0.02772931009531021 0
1570353526511 0.03295866400003433 0
1570353527907 0.02306254394352436 0
1570353529211 0.03383760154247284 0
1570353530759 0.028473541140556335 0
1570353532245 0.01992708444595337 0
1570353533726 0.02768651396036148 0
1570353535158 0.023713162168860435 0
1570353536602 0.028440535068511963 0
1570353538072 0.029791414737701416 0
1570353539530 0.021443357691168785 0
1570353540983 0.022696031257510185 0
1570353542474 0.02341121807694435 0
1570353543825 0.026920974254608154 0
1570353545169 0.02667119726538658 0
1570353546578 0.023644238710403442 0
1570353547979 0.02536996454000473 0
1570353549269 0.03070116974413395 0
1570353550668 0.025411169975996017 0
1570353565643 0.027248766273260117 0
1570353567176 0.024067502468824387 0
1570353579711 0.02651676908135414 0
1570353581216 0.02567591518163681 0
1570353582630 0.016631094738841057 0
1570353584033 0.026494231075048447 0
1570353585418 0.02922629565000534 0
1570353586951 0.02388596534729004 0
1570353618689 0.02494519017636776 0
1570353620146 0.025070134550333023 0
1570353621559 0.027210082858800888 0
1570353623025 0.023649023845791817 0
1570353624455 0.018139515072107315 0
1570353625890 0.028419028967618942 0
1570353627359 0.031177310273051262 0
1570353628750 0.021939903497695923 0
1570353630228 0.028148069977760315 0
1570353631549 0.027684330940246582 0
1570353651765 0.0293219443410635 0
1570353653177 0.016204914078116417 0
1570353654617 0.02250545844435692 0
1570353656008 0.02684861235320568 0
1570353657448 0.020189285278320312 0
1570353658718 0.02303716354072094 0
1570353659968 0.025696247816085815 0
1570353661233 0.030012447386980057 0
1570353662598 0.021741021424531937 0
1570353663899 0.023103564977645874 0
1570353665233 0.024997301399707794 0
1570353666720 0.0241999588906765 0
1570353668083 0.022015051916241646 0
1570353669553 0.025744639337062836 0
1570353670947 0.027096757665276527 0
1570353672357 0.020908497273921967 0
1570353673705 0.021776381880044937 0
1570353675013 0.020058268681168556 0
1570353676374 0.025535129010677338 0
1570353677719 0.027759887278079987 0
1570353679038 0.020946970209479332 0
1570353680471 0.02129567228257656 0
1570353681860 0.023086603730916977 0
1570353683280 0.024891190230846405 0
1570353684761 0.020761409774422646 0
1570353686015 0.02669130638241768 0
1570353687307 0.024439767003059387 0
1570353688645 0.02503025159239769 0
1570353690028 0.027724772691726685 0
1570353691441 0.02542119286954403 0
1570353692878 0.027407437562942505 0
1570353694318 0.026133466511964798 0
1570353695804 0.023936785757541656 0
1570353697246 0.02631845325231552 0
1570353698665 0.027292311191558838 0
1570353700126 0.01833965629339218 0
1570353701582 0.01921265944838524 0
1570353703011 0.018175501376390457 0
1570353704460 0.021926086395978928 0
1570353705909 0.024929553270339966 0
1570353707439 0.022785760462284088 0
1570353708922 0.02189728431403637 0
1570353710367 0.015671173110604286 0
1570353711797 0.024269949644804 0
1570353713179 0.02230527065694332 0
1570353714637 0.024650517851114273 0
1570353716091 0.019519824534654617 0
1570353717476 0.024158870801329613 0
1570353718855 0.022888697683811188 0
1570353720245 0.022717049345374107 0
1570353721638 0.027445469051599503 0
1570353723030 0.027356823906302452 0
1570353724383 0.022344572469592094 0
1570353725789 0.028059840202331543 0
1570353727151 0.02199174277484417 0
1570353728482 0.020614920184016228 0
1570353729912 0.03383025527000427 0
1570353731503 0.01875259354710579 0
1570353732919 0.028428494930267334 0
1570353734315 0.03468209505081177 0
1570353735699 0.023676440119743347 0
1570353737144 0.02650015987455845 0
1570353738628 0.019705533981323242 0
1570353740078 0.01867387443780899 0
1570353741518 0.024073129519820213 0
1570353743000 0.022280849516391754 0
1570353744442 0.021146714687347412 0
1570353745885 0.03101878985762596 0
1570353747349 0.02211594581604004 0
1570353748803 0.02254953235387802 0
1570353750300 0.019548475742340088 0
1570353751830 0.02159648761153221 0
1570353753351 0.016926828771829605 0
1570353754855 0.028647830709815025 0
1570353756394 0.024939699098467827 0
1570353757880 0.025225698947906494 0
1570353759265 0.022323280572891235 0
1570353760700 0.027753587812185287 0
1570353762126 0.01755746826529503 0
1570353763554 0.025231530889868736 0
1570353765056 0.02421589195728302 0
1570353766493 0.02045663446187973 0
1570353767831 0.021347826346755028 0
1570353769169 0.02706122398376465 0
1570353770509 0.02012486755847931 0
1570353771901 0.018100447952747345 0
1570353773305 0.026150034740567207 0
1570353774682 0.016349533572793007 0
1570353776125 0.022991785779595375 0
1570353777664 0.028088126331567764 0
1570353823102 0.02433820441365242 0
1570353824632 0.02303169295191765 0
1570353826162 0.03058484196662903 0
1570353827737 0.025674927979707718 0
1570353829103 0.02622995898127556 0
1570353830503 0.01968396268785 0
1570353831848 0.01720753312110901 0
1570353833291 0.017882071435451508 0
1570353834682 0.027829669415950775 0
1570353836089 0.014218611642718315 0
1570353837485 0.022025704383850098 0
1570353839003 0.0243665911257267 0
1570353840458 0.024706203490495682 0
1570353841849 0.021082380786538124 0
1570353843260 0.02640201710164547 0
1570353844598 0.022229304537177086 0
1570353845947 0.02199024334549904 0
1570353847403 0.020826837047934532 0
1570353848814 0.023164138197898865 0
1570353850324 0.018542863428592682 0
1570353851906 0.020838700234889984 0
1570353853390 0.021743757650256157 0
1570353854880 0.028711464256048203 0
1570353856414 0.02253403514623642 0
1570353857953 0.022779274731874466 0
1570353859460 0.028261452913284302 0
1570353860923 0.029521211981773376 0
1570353862351 0.017645159736275673 0
1570353863808 0.027655186131596565 0
1570353865269 0.021305333822965622 0
1570353866751 0.018316607922315598 0
1570353868219 0.020341631025075912 0
1570353869738 0.01950104534626007 0
1570353871261 0.0272220466285944 0
1570353872650 0.020302243530750275 0
1570353874225 0.027590284124016762 0
1570353875687 0.01925898715853691 0
1570353877070 0.025578618049621582 0
1570353878458 0.019156713038682938 0
1570353879852 0.018998093903064728 0
1570353881315 0.017290271818637848 0
1570353882724 0.02487097680568695 0
1570353884071 0.017886776477098465 0
1570353885421 0.02868599072098732 0
1570353886789 0.02156836725771427 0
1570353888198 0.024200165644288063 0
1570353889626 0.01712188497185707 0
1570353891239 0.025824593380093575 0
1570353892806 0.014785957522690296 0
1570353894343 0.017327627167105675 0
1570353895876 0.017190929502248764 0
1570353897464 0.026582105085253716 0
1570353898968 0.027376990765333176 0
1570353900451 0.021101482212543488 0
1570353901927 0.018583359196782112 0
1570353903508 0.019928041845560074 0
1570353904993 0.01952381059527397 0
1570353906442 0.02296220138669014 0
1570353907801 0.026385270059108734 0
1570353909207 0.022210022434592247 0
1570353910666 0.023112613707780838 0
1570353912232 0.0190245620906353 0
1570353913736 0.029763445258140564 0
1570353915194 0.018089354038238525 0
1570353916771 0.018314063549041748 0
1570353918268 0.024461742490530014 0
1570353919699 0.018300814554095268 0
1570353921209 0.02125817909836769 0
1570353922782 0.021484505385160446 0
1570353924170 0.02299455925822258 0
1570353925610 0.019491752609610558 0
1570353926993 0.01551954448223114 0
1570353928460 0.02112463116645813 0
1570353930122 0.020818030461668968 0
1570353931640 0.019700508564710617 0
1570353933166 0.01751052774488926 0
1570353934768 0.022006483748555183 0
1570353936268 0.015144056640565395 0
1570353937726 0.022216279059648514 0
1570353939106 0.023033421486616135 0
1570353940490 0.016445577144622803 0
1570353941912 0.016267642378807068 0
1570353943323 0.017751310020685196 0
1570353944740 0.022898484021425247 0
1570353946144 0.016539644449949265 0
1570353947557 0.01958155259490013 0
1570353948977 0.017793752253055573 0
1570353950449 0.025408325716853142 0
1570353951909 0.021695375442504883 0
1570353953361 0.025201203301548958 0
1570353954803 0.02045257017016411 0
1570353956250 0.01893327385187149 0
1570353957795 0.02126903086900711 0
1570353959268 0.014673858880996704 0
1570353960730 0.02160162664949894 0
1570353962268 0.019446399062871933 0
1570353963790 0.023978341370821 0
1570353965188 0.017168933525681496 0
1570353966595 0.01757011190056801 0
1570353968006 0.016606738790869713 0
1570353969489 0.021986832842230797 0
1570353970932 0.01983230747282505 0
1570353972342 0.025362208485603333 0
1570353973874 0.027549615129828453 0
1570353975405 0.020099271088838577 0
1570353976940 0.02593419887125492 0
1570353978339 0.019522270187735558 0
1570353979773 0.02221168950200081 0
1570353981250 0.01737857423722744 0
1570353982702 0.014632589183747768 0
1570353984226 0.016547635197639465 0
1570353985749 0.02072102203965187 0
1570353987284 0.018309079110622406 0
1570353988762 0.020562883466482162 0
1570353990234 0.01658530905842781 0
1570353991770 0.020488355308771133 0
1570353993301 0.018245086073875427 0
1570353994803 0.018957700580358505 0
1570353996230 0.022070327773690224 0
1570353997644 0.023748064413666725 0
1570353999223 0.019073639065027237 0
1570354000764 0.01735697314143181 0
1570354002239 0.02057339996099472 0
1570354003764 0.015982553362846375 0
1570354005255 0.026012707501649857 0
1570354006804 0.02265709638595581 0
1570354008353 0.02292633056640625 0
1570354009864 0.015100146643817425 0
1570354011274 0.019490346312522888 0
1570354012785 0.013737717643380165 0
1570354014325 0.01820691116154194 0
1570354015785 0.01694268360733986 0
1570354017292 0.015299513936042786 0
1570354018714 0.021194949746131897 0
1570354020150 0.019793078303337097 0
1570354021575 0.022603794932365417 0
1570354022963 0.020465731620788574 0
1570354024480 0.015028245747089386 0
1570354025915 0.019262081012129784 0
1570354027397 0.019723037257790565 0
1570354028981 0.020512789487838745 0
1570354030384 0.01947576180100441 0
1570354031785 0.021112095564603806 0
1570354033396 0.02205333113670349 0
1570354034907 0.022466149181127548 0
1570354036271 0.018806874752044678 0
1570354037760 0.018475821241736412 0
1570354039154 0.020536746829748154 0
1570354040528 0.018884340301156044 0
1570354041940 0.020532917231321335 0
1570354043397 0.01754528097808361 0
1570354044833 0.018936000764369965 0
1570354046409 0.022864606231451035 0
1570354047956 0.017626715824007988 0
1570354049522 0.020827408879995346 0
1570354051104 0.019424859434366226 0
1570354052681 0.014438234269618988 0
1570354054224 0.016899775713682175 0
1570354055642 0.016812575981020927 0
1570354057193 0.019298750907182693 0
1570354058733 0.016633598133921623 0
1570354060331 0.017715226858854294 0
1570354061860 0.02051110565662384 0
1570354063375 0.02416185662150383 0
1570354064968 0.019801653921604156 0
1570354066516 0.016734175384044647 0
1570354068081 0.025708289816975594 0
1570354069702 0.01691557839512825 0
1570354071271 0.022991418838500977 0
1570354072835 0.025665178894996643 0
1570354074407 0.016392989084124565 0
1570354076044 0.023370802402496338 0
1570354077588 0.021012112498283386 0
1570354079054 0.02197999693453312 0
1570354080610 0.018466638401150703 0
1570354082215 0.016734493896365166 0
1570354083646 0.016363825649023056 0
1570354085048 0.015983348712325096 0
1570354086650 0.02358948439359665 0
1570354088062 0.02076360210776329 0
1570354089507 0.02149996906518936 0
1570354090954 0.017730167135596275 0
1570354092413 0.016547206789255142 0
1570354093928 0.014273805543780327 0
1570354095505 0.0206141360104084 0
1570354097053 0.020664088428020477 0
1570354098608 0.016154585406184196 0
1570354100225 0.016629725694656372 0
1570354101866 0.02355434000492096 0
1570354103442 0.01956515945494175 0
1570354105009 0.019865822046995163 0
1570354106654 0.028224091976881027 0
1570354108255 0.016860801726579666 0
1570354109831 0.01799526810646057 0
1570354111395 0.021645773202180862 0
1570354113017 0.02276802808046341 0
1570354114623 0.016273997724056244 0
1570354116053 0.02022896520793438 0
1570354117664 0.022721290588378906 0
1570354119244 0.020726533606648445 0
1570354120742 0.019102787598967552 0
1570354122325 0.020377924665808678 0
1570354123885 0.013771293684840202 0
1570354125332 0.018592409789562225 0
1570354126754 0.015840033069252968 0
1570354128277 0.016409052535891533 0
1570354129742 0.012586081400513649 0
1570354131241 0.02208213321864605 0
1570354132949 0.017424605786800385 0
1570354134591 0.02345225028693676 0
1570354136252 0.02146730199456215 0
1570354137868 0.023316506296396255 0
1570354139467 0.01674395427107811 0
1570354141023 0.020187806338071823 0
1570354142538 0.017978612333536148 0
1570354144058 0.015819018706679344 0
1570354145689 0.018350962549448013 0
1570354147353 0.02042321301996708 0
1570354149012 0.017647944390773773 0
1570354150585 0.021562103182077408 0
1570354152162 0.01667172834277153 0
1570354153789 0.015451427549123764 0
1570354155332 0.016545288264751434 0
1570354156955 0.02172405645251274 0
1570354158652 0.02148940972983837 0
1570354160296 0.020569875836372375 0
1570354161927 0.015471374616026878 0
1570354163576 0.01633039116859436 0
1570354165064 0.015500223264098167 0
1570354166522 0.02098347619175911 0
1570354168089 0.01547393761575222 0
1570354169655 0.020689332857728004 0
1570354171215 0.014007597230374813 0
1570354172771 0.020423341542482376 0
1570354174399 0.014050601981580257 0
1570354176009 0.015930723398923874 0
1570354177467 0.01765861175954342 0
1570354178900 0.01668136939406395 0
1570354180486 0.01595669612288475 0
1570354181969 0.016856687143445015 0
1570354183473 0.024306325241923332 0
1570354185035 0.016214128583669662 0
1570354186635 0.01783500611782074 0
1570354188356 0.024250231683254242 0
1570354190016 0.0224385317414999 0
1570354191620 0.02162560261785984 0
1570354193051 0.013830898329615593 0
1570354194520 0.01620669662952423 0
1570354195985 0.011753840371966362 0
1570354197434 0.014332002028822899 0
1570354198858 0.02256348915398121 0
1570354200461 0.018649160861968994 0
1570354202096 0.015859076753258705 0
1570354203527 0.01789606176316738 0
1570354205166 0.017773332074284554 0
1570354206755 0.015093731693923473 0
1570354208276 0.012641964480280876 0
1570354209750 0.01523627806454897 0
1570354211187 0.016692612320184708 0
1570354212776 0.014615010470151901 0
1570354214259 0.015457241795957088 0
1570354215706 0.021068129688501358 0
1570354217285 0.015531658194959164 0
1570354218940 0.018574483692646027 0
1570354220538 0.017846442759037018 0
1570354222171 0.017114201560616493 0
1570354223759 0.017465826123952866 0
1570354225311 0.016114231199026108 0
1570354226992 0.017767921090126038 0
1570354228612 0.02109047770500183 0
1570354230163 0.01622529700398445 0
1570354231804 0.014293599873781204 0
1570354233441 0.018555201590061188 0
1570354235040 0.017920460551977158 0
1570354236647 0.025756711140275 0
1570354238327 0.018818054348230362 0
1570354239937 0.014993764460086823 0
1570354241590 0.020070776343345642 0
1570354243203 0.01964571326971054 0
1570354244787 0.019478226080536842 0
1570354246454 0.01559951901435852 0
1570354248038 0.017994774505496025 0
1570354249657 0.01764974743127823 0
1570354251266 0.01880510337650776 0
1570354252849 0.014347150921821594 0
1570354254464 0.019139472395181656 0
1570354256042 0.017082931473851204 0
1570354257669 0.015958551317453384 0
1570354259301 0.01943061873316765 0
1570354260918 0.01693997159600258 0
1570354262554 0.017667796462774277 0
1570354264179 0.019371647387742996 0
1570354265741 0.016438355669379234 0
1570354267283 0.01589440181851387 0
1570354268795 0.019887931644916534 0
1570354270274 0.016375545412302017 0
1570354271824 0.025581683963537216 0
1570354273415 0.01368425041437149 0
1570354274853 0.0165061317384243 0
1570354276344 0.014529808424413204 0
1570354278053 0.0161322932690382 0
1570354279637 0.017055336385965347 0
1570354281227 0.019082656130194664 0
1570354282885 0.012928756885230541 0
1570354284473 0.0143201295286417 0
1570354286053 0.015645351260900497 0
1570354287631 0.015312302857637405 0
1570354289236 0.021092932671308517 0
1570354290856 0.016079463064670563 0
1570354292522 0.017587633803486824 0
1570354294109 0.015910472720861435 0
1570354295776 0.016874846071004868 0
1570354297411 0.019853878766298294 0
1570354298990 0.015535104088485241 0
1570354300645 0.020190821960568428 0
1570354302354 0.015930701047182083 0
1570354304043 0.019546402618288994 0
1570354305634 0.01591339521110058 0
1570354307210 0.018328674137592316 0
1570354308811 0.017532654106616974 0
1570354310497 0.015081996098160744 0
1570354312008 0.015863481909036636 0
1570354313470 0.017665095627307892 0
1570354314979 0.01630198024213314 0
1570354316437 0.013862606137990952 0
1570354317915 0.019201509654521942 0
1570354319366 0.018483631312847137 0
1570354320867 0.017182443290948868 0
1570354322358 0.013906057924032211 0
1570354324044 0.013965178281068802 0
1570354325646 0.020775549113750458 0
1570354327278 0.017450042068958282 0
1570354328886 0.019553178921341896 0
1570354330520 0.015817172825336456 0
1570354332000 0.014360273256897926 0
1570354333545 0.01705227419734001 0
1570354335113 0.01683478243649006 0
1570354336570 0.012753589078783989 0
1570354338119 0.016331752762198448 0
1570354339585 0.01532928366214037 0
1570354341070 0.01629619300365448 0
1570354342530 0.01780211552977562 0
1570354344031 0.015603825449943542 0
1570354345549 0.016505151987075806 0
1570354346957 0.018457133322954178 0
1570354348567 0.01735292375087738 0
1570354350185 0.011886341497302055 0
1570354351858 0.015751779079437256 0
1570354353427 0.015623052604496479 0
1570354355031 0.02564818039536476 0
1570354356644 0.016866356134414673 0
1570354358431 0.019978022202849388 0
1570354360082 0.0129866236820817 0
1570354361646 0.013932827860116959 0
1570354363217 0.012828237377107143 0
1570354364821 0.01644655503332615 0
1570354366398 0.017605314031243324 0
1570354367912 0.011936601251363754 0
1570354369392 0.019233524799346924 0
1570354370841 0.018966082483530045 0
1570354372453 0.017660323530435562 0
1570354374024 0.0156562440097332 0
1570354375629 0.013826514594256878 0
1570354377326 0.014776554889976978 0
1570354378974 0.0182135421782732 0
1570354380591 0.013743802905082703 0
1570354382250 0.01296432688832283 0
1570354383856 0.016216058284044266 0
1570354385455 0.013649649918079376 0
1570354387067 0.01769425719976425 0
1570354388667 0.0250718854367733 0
1570354390327 0.011887602508068085 0
1570354392032 0.013219639658927917 0
1570354393679 0.010937768965959549 0
1570354395236 0.014727643691003323 0
1570354396852 0.017313510179519653 0
1570354398518 0.015530049800872803 0
1570354400091 0.019855733960866928 0
1570354401695 0.015257449820637703 0
1570354403228 0.01605088636279106 0
1570354404759 0.015582595951855183 0
1570354406361 0.020161116495728493 0
1570354407965 0.017841961234807968 0
1570354409647 0.015231238678097725 0
1570354411253 0.021065495908260345 0
1570354412834 0.018162265419960022 0
1570354414420 0.01344859879463911 0
1570354416120 0.018951985985040665 0
1570354417774 0.012642642483115196 0
1570354419387 0.01668352633714676 0
1570354420966 0.013789862394332886 0
1570354422632 0.017772730439901352 0
1570354424207 0.016308806836605072 0
1570354425834 0.013211114332079887 0
1570354427459 0.010491741821169853 0
1570354429189 0.01356943417340517 0
1570354430832 0.017621666193008423 0
1570354432403 0.014296889305114746 0
1570354434005 0.016772432252764702 0
1570354435660 0.01964973285794258 0
1570354437254 0.016179382801055908 0
1570354438937 0.019320346415042877 0
1570354440603 0.01855110004544258 0
1570354442322 0.012170476838946342 0
1570354444006 0.020191438496112823 0
1570354445680 0.017994720488786697 0
1570354447293 0.014064133167266846 0
1570354448975 0.015397142618894577 0
1570354450612 0.016332708299160004 0
1570354452154 0.020560741424560547 0
1570354453607 0.018490560352802277 0
1570354455088 0.014503511600196362 0
1570354456596 0.019317805767059326 0
1570354458237 0.012096874415874481 0
1570354459683 0.02172762155532837 0
1570354461136 0.018334127962589264 0
1570354462577 0.017055252566933632 0
1570354464227 0.016463661566376686 0
1570354465838 0.014916729182004929 0
1570354467429 0.010405882261693478 0
1570354468970 0.017046231776475906 0
1570354470539 0.014422325417399406 0
1570354472123 0.012686394155025482 0
1570354473704 0.01229863427579403 0
1570354475377 0.015206998214125633 0
1570354476966 0.013847044669091702 0
1570354478553 0.016272755339741707 0
1570354480137 0.01443459466099739 0
1570354481838 0.01297842524945736 0
1570354483415 0.012629593722522259 0
1570354484995 0.015447249636054039 0
1570354486620 0.013900920748710632 0
1570354488286 0.017990022897720337 0
1570354489884 0.022541014477610588 0
1570354491458 0.014475656673312187 0
1570354493156 0.00959638599306345 0
1570354494758 0.014831818640232086 0
1570354496370 0.011919696815311909 0
1570354498038 0.013065002858638763 0
1570354499592 0.017160551622509956 0
1570354501203 0.011782320216298103 0
1570354502774 0.013602977618575096 0
1570354504347 0.011108939535915852 0
1570354506033 0.01409582607448101 0
1570354507710 0.018218059092760086 0
1570354509177 0.016831863671541214 0
1570354510762 0.016267359256744385 0
1570354512467 0.013927662745118141 0
1570354514211 0.011806001886725426 0
1570354515824 0.01760842651128769 0
1570354517465 0.014978996478021145 0
1570354519148 0.011653843335807323 0
1570354520784 0.016591176390647888 0
1570354522401 0.016487445682287216 0
1570354524030 0.015094194561243057 0
1570354525645 0.02039589360356331 0
1570354527286 0.017336228862404823 0
1570354528923 0.0143931545317173 0
1570354530583 0.015575260855257511 0
1570354532198 0.015770019963383675 0
1570354533936 0.013327430933713913 0
1570354535583 0.01703895628452301 0
1570354537238 0.016129113733768463 0
1570354538934 0.019686810672283173 0
1570354540451 0.010843719355762005 0
1570354542001 0.01505493838340044 0
1570354543569 0.015676990151405334 0
1570354545241 0.013307949528098106 0
1570354546851 0.01571556180715561 0
1570354548407 0.01746152713894844 0
1570354549920 0.01410839892923832 0
1570354551532 0.013759163208305836 0
1570354553234 0.0172470323741436 0
1570354554872 0.014623748138546944 0
1570354556516 0.017796622589230537 0
1570354558144 0.013231697492301464 0
1570354559825 0.01644306629896164 0
1570354561510 0.016052469611167908 0
1570354563161 0.016507498919963837 0
1570354564884 0.01695908047258854 0
1570354566395 0.013167557306587696 0
1570354567929 0.01409822516143322 0
1570354569539 0.013308069668710232 0
1570354571200 0.01601942628622055 0
1570354572930 0.01656315103173256 0
1570354574680 0.008981022983789444 0
1570354576253 0.015205777250230312 0
1570354577816 0.014569313265383244 0
1570354579410 0.01581568270921707 0
1570354580958 0.018464505672454834 0
1570354582497 0.01610080897808075 0
1570354584028 0.02071984112262726 0
1570354585589 0.012478332966566086 0
1570354587148 0.014109845273196697 0
1570354588614 0.01266882661730051 0
1570354590080 0.012830332852900028 0
1570354591565 0.012265939265489578 0
1570354593030 0.017824441194534302 0
1570354594602 0.01284236740320921 0
1570354596102 0.020166361704468727 0
1570354597742 0.015707941725850105 0
1570354599373 0.010926568880677223 0
1570354600961 0.012463394552469254 0
1570354602573 0.014099234715104103 0
1570354604146 0.01357448473572731 0
1570354605836 0.01623503491282463 0
1570354607412 0.01803949847817421 0
1570354609097 0.015622046776115894 0
1570354610748 0.011645262129604816 0
1570354612359 0.013803954236209393 0
1570354613941 0.01409960351884365 0
1570354615594 0.015897929668426514 0
1570354617136 0.014965701848268509 0
1570354618720 0.01357327401638031 0
1570354620379 0.01447094976902008 0
1570354621977 0.011636752635240555 0
1570354623681 0.013418124988675117 0
1570354625337 0.010564153082668781 0
1570354626917 0.011947687715291977 0
1570354628533 0.015331652015447617 0
1570354630149 0.016202520579099655 0
1570354631764 0.01089087501168251 0
1570354633431 0.015809405595064163 0
1570354635029 0.017299054190516472 0
1570354636638 0.012474313378334045 0
1570354638292 0.013284774497151375 0
1570354639928 0.014014266431331635 0
1570354641611 0.01229691319167614 0
1570354643273 0.018021835014224052 0
1570354644870 0.015448611229658127 0
1570354646460 0.017036911100149155 0
1570354648084 0.01385965570807457 0
1570354649777 0.016815748065710068 0
1570354651445 0.013849333859980106 0
1570354653195 0.011789144948124886 0
1570354654905 0.018302273005247116 0
1570354656549 0.016807837411761284 0
1570354658215 0.017419394105672836 0
1570354659891 0.011053023859858513 0
1570354661585 0.018830738961696625 0
1570354663189 0.01577037386596203 0
1570354664856 0.011178214102983475 0
1570354666470 0.01324164867401123 0
1570354668067 0.01218822319060564 0
1570354669719 0.011574357748031616 0
1570354671305 0.013595271855592728 0
1570354672876 0.012591340579092503 0
1570354674415 0.015515643171966076 0
1570354675975 0.009354235604405403 0
1570354677604 0.015444598160684109 0
1570354679254 0.013289647176861763 0
1570354680938 0.011144682765007019 0
1570354682559 0.01145891472697258 0
1570354684178 0.012050267308950424 0
1570354685899 0.016639376059174538 0
1570354687523 0.011425325646996498 0
1570354689192 0.015144462697207928 0
1570354690782 0.014704696834087372 0
1570354692488 0.015422003343701363 0
1570354694106 0.021632764488458633 0
1570354695742 0.015312929637730122 0
1570354697366 0.01371847465634346 0
1570354699049 0.014026936143636703 0
1570354700677 0.010751314461231232 0
1570354702289 0.01693745329976082 0
1570354703857 0.010605700314044952 0
1570354705534 0.013675129041075706 0
1570354707214 0.017301736399531364 0
1570354708779 0.01245421078056097 0
1570354710397 0.015010146424174309 0
1570354711955 0.013052395544946194 0
1570354713461 0.015905220061540604 0
1570354715194 0.015353703871369362 0
1570354716749 0.015837587416172028 0
1570354718415 0.010477283969521523 0
1570354720013 0.014253209345042706 0
1570354721729 0.013442088849842548 0
1570354723377 0.011880888603627682 0
1570354724999 0.015418415889143944 0
1570354726604 0.01712089404463768 0
1570354728266 0.012277133762836456 0
1570354729809 0.008893161080777645 0
1570354731475 0.01605619490146637 0
1570354733145 0.01614956744015217 0
1570354734817 0.016542844474315643 0
1570354736483 0.017059529200196266 0
1570354738260 0.01133695151656866 0
1570354739935 0.011703540571033955 0
1570354741689 0.012378601357340813 0
1570354743408 0.014432493597269058 0
1570354745202 0.012428312562406063 0
1570354746759 0.014803030528128147 0
1570354748329 0.01445457898080349 0
1570354749883 0.014074191451072693 0
1570354751435 0.0129224369302392 0
1570354753112 0.01413089968264103 0
1570354754683 0.014398457482457161 0
1570354756241 0.0159913320094347 0
1570354757863 0.013334757648408413 0
1570354759380 0.012143000960350037 0
1570354761097 0.019266294315457344 0
1570354762806 0.010840438306331635 0
1570354764426 0.013125664554536343 0
1570354766125 0.014840822666883469 0
1570354767834 0.01646455191075802 0
1570354769552 0.01618323102593422 0
1570354771353 0.013869883492588997 0
1570354773125 0.012952812016010284 0
1570354774826 0.01193748228251934 0
1570354776537 0.013547277078032494 0
1570354778322 0.01675610989332199 0
1570354780127 0.012921571731567383 0
1570354781798 0.014295971021056175 0
1570354783571 0.011845981702208519 0
1570354785284 0.020087670534849167 0
1570354787042 0.01310296356678009 0
1570354788808 0.02228887379169464 0
1570354790537 0.01608460023999214 0
1570354792259 0.015317974612116814 0
1570354793958 0.011555451899766922 0
1570354795653 0.014311492443084717 0
1570354797376 0.01399937178939581 0
1570354799142 0.016623251140117645 0
1570354800901 0.01260247454047203 0
1570354802664 0.017551107332110405 0
1570354804356 0.015527257695794106 0
1570354806111 0.010986516252160072 0
1570354807806 0.012098300270736217 0
1570354809492 0.016339197754859924 0
1570354811189 0.019744038581848145 0
1570354812889 0.01721029356122017 0
1570354814634 0.01448991522192955 0
1570354816361 0.015147771686315536 0
1570354818036 0.016011513769626617 0
1570354819697 0.01755252480506897 0
1570354821361 0.009454267099499702 0
1570354822899 0.013962996192276478 0
1570354824464 0.012764696963131428 0
1570354826044 0.0118817538022995 0
1570354827634 0.012234075926244259 0
1570354829400 0.01508877519518137 0
1570354831089 0.011791225522756577 0
1570354832819 0.013435682281851768 0
1570354834590 0.009916465729475021 0
1570354836200 0.01661060005426407 0
1570354837882 0.012067439965903759 0
1570354839632 0.014075398445129395 0
1570354841306 0.017406297847628593 0
1570354843049 0.014271309599280357 0
1570354844641 0.013195531442761421 0
1570354846262 0.01723397709429264 0
1570354847930 0.01377837359905243 0
1570354849526 0.012412668205797672 0
1570354851139 0.016976581886410713 0
1570354852811 0.012938402593135834 0
1570354854485 0.015526223927736282 0
1570354856122 0.013504676520824432 0
1570354857776 0.013598158024251461 0
1570354859477 0.01168814580887556 0
1570354861150 0.012403622269630432 0
1570354862812 0.020264189690351486 0
1570354864492 0.013650180771946907 0
1570354866141 0.014885745011270046 0
1570354867870 0.01204341184347868 0
1570354869551 0.009138403460383415 0
1570354871228 0.016141368076205254 0
1570354872839 0.0127496849745512 0
1570354874530 0.01218658871948719 0
1570354876196 0.017103562131524086 0
1570354877886 0.01443606149405241 0
1570354879552 0.012233488261699677 0
1570354881304 0.01439615897834301 0
1570354883014 0.010186715051531792 0
1570354884704 0.016992807388305664 0
1570354886414 0.012606333009898663 0
1570354888184 0.01601319946348667 0
1570354889887 0.018024079501628876 0
1570354891623 0.01218454260379076 0
1570354893312 0.01311971340328455 0
1570354894984 0.010519030503928661 0
1570354896690 0.012658527120947838 0
1570354898456 0.009911531582474709 0
1570354900277 0.015610747039318085 0
1570354901907 0.01754576340317726 0
1570354903562 0.012267488986253738 0
1570354905244 0.013211756944656372 0
1570354907043 0.017801523208618164 0
1570354908715 0.009194763377308846 0
1570354910362 0.01611822471022606 0
1570354911895 0.010166572406888008 0
1570354913605 0.01344284601509571 0
1570354915281 0.0160219669342041 0
1570354917033 0.011231985874474049 0
1570354918765 0.013263408094644547 0
1570354920577 0.01623723655939102 0
1570354922381 0.014663904905319214 0
1570354923970 0.015568877570331097 0
1570354925531 0.013169163838028908 0
1570354927250 0.01728212460875511 0
1570354928981 0.010333321988582611 0
1570354930721 0.01430632546544075 0
1570354932423 0.012360038235783577 0
1570354934181 0.012625373899936676 0
1570354935898 0.009805569425225258 0
1570354937636 0.010686798952519894 0
1570354939318 0.011866694316267967 0
1570354941097 0.014683021232485771 0
1570354942888 0.011043477803468704 0
1570354944456 0.013763763010501862 0
1570354946161 0.011296325363218784 0
1570354947958 0.018350521102547646 0
1570354949737 0.013536673970520496 0
1570354951467 0.012455984950065613 0
1570354953089 0.013070286251604557 0
1570354954881 0.010234445333480835 0
1570354956593 0.012419579550623894 0
1570354958303 0.012641744688153267 0
1570354959952 0.016017034649848938 0
1570354961507 0.011128503829240799 0
1570354963242 0.012491563335061073 0
1570354964998 0.012953129597008228 0
1570354966704 0.01733759045600891 0
1570354968438 0.012039786204695702 0
1570354970246 0.014484655112028122 0
1570354971990 0.013749678619205952 0
1570354973590 0.01372592244297266 0
1570354975339 0.0158041100949049 0
1570354977039 0.01166367158293724 0
1570354978767 0.01361194346100092 0
1570354980480 0.011436531320214272 0
1570354982240 0.019603732973337173 0
1570354983989 0.01434217020869255 0
1570354985721 0.012578414753079414 0
1570354987330 0.014363694004714489 0
1570354988942 0.009888584725558758 0
1570354990683 0.015611589886248112 0
1570354992428 0.012217570096254349 0
1570354994110 0.010929579846560955 0
1570354995899 0.012580310925841331 0
1570354997600 0.008714217692613602 0
1570354999352 0.014967754483222961 0
1570355001066 0.009831653907895088 0
1570355002845 0.00819694809615612 0
1570355004581 0.01569594442844391 0
1570355006356 0.012861435301601887 0
1570355008063 0.01599583402276039 0
1570355009850 0.01269464660435915 0
1570355011565 0.017025798559188843 0
1570355013259 0.012115223333239555 0
1570355014956 0.010773882269859314 0
1570355016662 0.011849193833768368 0
1570355018430 0.007739778608083725 0
1570355020189 0.010674938559532166 0
1570355021892 0.010494092479348183 0
1570355023469 0.011649428866803646 0
1570355025105 0.015494653023779392 0
1570355026809 0.015140203759074211 0
1570355028549 0.01712895929813385 0
1570355030351 0.013524026609957218 0
1570355032147 0.012995455414056778 0
1570355033869 0.013535233214497566 0
1570355035583 0.011362219229340553 0
1570355037309 0.01499693002551794 0
1570355039064 0.014884931035339832 0
1570355040786 0.010545950382947922 0
1570355042484 0.010435410775244236 0
1570355044311 0.015242130495607853 0
1570355045978 0.012875526212155819 0
1570355047632 0.01092206034809351 0
1570355049354 0.014847959391772747 0
1570355051156 0.015199268236756325 0
1570355052940 0.013979759067296982 0
1570355054688 0.010075544007122517 0
1570355056398 0.011547461152076721 0
1570355058139 0.016769345849752426 0
1570355059982 0.012158606201410294 0
1570355061708 0.010132335126399994 0
1570355063469 0.012435423210263252 0
1570355065212 0.01035349816083908 0
1570355067077 0.014278080314397812 0
1570355068847 0.010366182774305344 0
1570355070559 0.01623646914958954 0
1570355072302 0.014281027019023895 0
1570355074069 0.009796828031539917 0
1570355075945 0.010518264025449753 0
1570355077593 0.012633765116333961 0
1570355079214 0.01028049923479557 0
1570355081022 0.014747710898518562 0
1570355082755 0.013649718835949898 0
1570355084432 0.013556431978940964 0
1570355086209 0.008546149358153343 0
1570355087937 0.013606768101453781 0
1570355089740 0.01112622581422329 0
1570355091548 0.009815245866775513 0
1570355093259 0.01135077141225338 0
1570355094877 0.015736963599920273 0
1570355096664 0.011300058104097843 0
1570355098400 0.012424727901816368 0
1570355100165 0.014192081987857819 0
1570355101951 0.008577127940952778 0
1570355103709 0.013342954218387604 0
1570355105453 0.014272934757173061 0
1570355107167 0.011690130457282066 0
1570355108924 0.010124051943421364 0
1570355110655 0.01398975308984518 0
1570355112387 0.011265339329838753 0
1570355113983 0.008834787644445896 0
1570355115717 0.010112014599144459 0
1570355117534 0.013764307834208012 0
1570355119287 0.01333160512149334 0
1570355121107 0.0138294268399477 0
1570355122900 0.012516717426478863 0
1570355124637 0.013722850009799004 0
1570355126410 0.010232457891106606 0
1570355128218 0.013307314366102219 0
1570355129958 0.013482565060257912 0
1570355131780 0.01276947557926178 0
1570355133522 0.01114528439939022 0
1570355135266 0.0131670031696558 0
1570355137109 0.011202998459339142 0
1570355138820 0.01247446145862341 0
1570355140555 0.01355802733451128 0
1570355142279 0.012638536281883717 0
1570355144072 0.012175703421235085 0
1570355145766 0.019751232117414474 0
1570355147547 0.011839764192700386 0
1570355149287 0.011027179658412933 0
1570355151038 0.012978630140423775 0
1570355152763 0.010270358994603157 0
1570355154487 0.012818004935979843 0
1570355156305 0.010263398289680481 0
1570355158085 0.008450798690319061 0
1570355159846 0.015158675611019135 0
1570355161539 0.006692205090075731 0
1570355163258 0.015020221471786499 0
1570355165020 0.014684328809380531 0
1570355166758 0.018280304968357086 0
1570355168500 0.014313653111457825 0
1570355170272 0.01103160995990038 0
1570355172100 0.015782879665493965 0
1570355173829 0.010406090877950191 0
1570355175577 0.013172691687941551 0
1570355177344 0.015074493363499641 0
1570355179170 0.009131424129009247 0
1570355180965 0.014449467882514 0
1570355182721 0.01536908932030201 0
1570355184542 0.010276339016854763 0
1570355186315 0.013255730271339417 0
1570355188040 0.010613895952701569 0
1570355189817 0.009915562346577644 0
1570355191562 0.013953322544693947 0
1570355193348 0.011086948215961456 0
1570355195082 0.011006888002157211 0
1570355196840 0.012106385082006454 0
1570355198641 0.012381049804389477 0
1570355200503 0.012513680383563042 0
1570355202240 0.008844137191772461 0
1570355203930 0.01398148387670517 0
1570355205635 0.009853959083557129 0
1570355207395 0.00871538557112217 0
1570355209192 0.015650000423192978 0
1570355210952 0.012348635122179985 0
1570355212773 0.009999112226068974 0
1570355214615 0.010029357858002186 0
1570355216374 0.00784034002572298 0
1570355218218 0.010192504152655602 0
1570355219916 0.013089342042803764 0
1570355221669 0.0074630314484238625 0
1570355223447 0.014265812002122402 0
1570355225156 0.012826637364923954 0
1570355226832 0.010736429132521152 0
1570355228618 0.011013926938176155 0
1570355230298 0.009929637424647808 0
1570355232021 0.01165299117565155 0
1570355233852 0.009908762760460377 0
1570355235707 0.013720095157623291 0
1570355237508 0.011569039896130562 0
1570355239266 0.016423888504505157 0
1570355241053 0.013708754442632198 0
1570355242865 0.013604927808046341 0
1570355244680 0.010310404933989048 0
1570355246438 0.009891407564282417 0
1570355248267 0.009960399009287357 0
1570355250089 0.014043929055333138 0
1570355251857 0.010970610193908215 0
1570355253614 0.011238005012273788 0
1570355255496 0.013919428922235966 0
1570355257276 0.013601148501038551 0
1570355259162 0.012231854721903801 0
1570355260810 0.0155741386115551 0
1570355262607 0.011234089732170105 0
1570355264443 0.012010406702756882 0
1570355266203 0.01571395993232727 0
1570355267970 0.009688924998044968 0
1570355269748 0.01706768199801445 0
1570355271498 0.01235925778746605 0
1570355273191 0.014059202745556831 0
1570355274912 0.010889013297855854 0
1570355276702 0.011242649517953396 0
1570355278495 0.01666082814335823 0
1570355280293 0.012345533818006516 0
1570355282134 0.010668482631444931 0
1570355283979 0.011053568683564663 0
1570355285845 0.013772680424153805 0
1570355287623 0.012246526777744293 0
1570355289399 0.017461301758885384 0
1570355291217 0.01072513498365879 0
1570355293031 0.010641049593687057 0
1570355294882 0.012649326585233212 0
1570355296673 0.016449615359306335 0
1570355298506 0.011989284306764603 0
1570355300195 0.011123580858111382 0
1570355301969 0.013920517638325691 0
1570355303695 0.008127467706799507 0
1570355305546 0.01865551620721817 0
1570355307274 0.014983786270022392 0
1570355308950 0.013481482863426208 0
1570355310645 0.009267687797546387 0
1570355312444 0.015980996191501617 0
1570355314310 0.00939459353685379 0
1570355316065 0.01655779778957367 0
1570355317888 0.012576250359416008 0
1570355319594 0.017675215378403664 0
1570355321305 0.013043981976807117 0
1570355323022 0.01229961309581995 0
1570355324730 0.009496020153164864 0
1570355326432 0.010904817841947079 0
1570355328142 0.011780086904764175 0
1570355329908 0.011242115870118141 0
1570355331699 0.010109449736773968 0
1570355333465 0.01132228784263134 0
1570355335257 0.010531383566558361 0
1570355337101 0.01413365826010704 0
1570355338886 0.01079668290913105 0
1570355340666 0.015249868854880333 0
1570355342432 0.014461574144661427 0
1570355344260 0.009649891406297684 0
1570355346018 0.011469056829810143 0
1570355347817 0.009993784129619598 0
1570355349630 0.010355314239859581 0
1570355351452 0.015187143348157406 0
1570355353252 0.008847607299685478 0
1570355355032 0.008387605659663677 0
1570355356911 0.008908940479159355 0
1570355358764 0.010176089592278004 0
1570355360409 0.014360666275024414 0
1570355362234 0.010540314018726349 0
1570355363986 0.010632481426000595 0
1570355365796 0.010555402375757694 0
1570355367626 0.0082427728921175 0
1570355369373 0.009440958499908447 0
1570355371169 0.013078175485134125 0
1570355372982 0.011485576629638672 0
1570355374751 0.012125933542847633 0
1570355376559 0.009610805660486221 0
1570355378465 0.013525594025850296 0
1570355380232 0.012519104406237602 0
1570355382035 0.012034936808049679 0
1570355383828 0.013792091980576515 0
1570355385666 0.012230262160301208 0
1570355387450 0.013869884423911572 0
1570355389247 0.010588454082608223 0
1570355391041 0.010217616334557533 0
1570355392869 0.009260688908398151 0
1570355394640 0.011565027758479118 0
1570355396441 0.011343749240040779 0
1570355398218 0.010907894931733608 0
1570355400090 0.008273713290691376 0
1570355401868 0.009452508762478828 0
1570355403653 0.011517315171658993 0
1570355405463 0.01275695115327835 0
1570355407275 0.009878206066787243 0
1570355409095 0.01085465308278799 0
1570355410883 0.010881190188229084 0
1570355412647 0.011599967256188393 0
1570355414404 0.009596860967576504 0
1570355416308 0.01477922685444355 0
1570355418118 0.011010284535586834 0
1570355419938 0.010461020283401012 0
1570355421721 0.007609249092638493 0
1570355423519 0.008680837228894234 0
1570355425315 0.012834294699132442 0
1570355427102 0.011163887567818165 0
1570355428889 0.010452084243297577 0
1570355430701 0.014190672896802425 0
1570355432488 0.010906780138611794 0
1570355434325 0.013231857679784298 0
1570355436114 0.011696597561240196 0
1570355437907 0.011373525485396385 0
1570355439701 0.009582268074154854 0
1570355441587 0.008738157339394093 0
1570355443408 0.00951881892979145 0
1570355445185 0.012109214439988136 0
1570355446952 0.012755639851093292 0
1570355448834 0.012982306070625782 0
1570355450564 0.010708835907280445 0
1570355452290 0.009621873497962952 0
1570355454089 0.011157816275954247 0
1570355455882 0.00965529028326273 0
1570355457731 0.0077535356394946575 0
1570355459568 0.014059295877814293 0
1570355461377 0.012330280616879463 0
1570355463230 0.009228777140378952 0
1570355465043 0.009762204252183437 0
1570355466878 0.010754643939435482 0
1570355468715 0.0115699153393507 0
1570355470532 0.008250524289906025 0
1570355472384 0.010311145335435867 0
1570355474219 0.012557300738990307 0
1570355476008 0.013521766290068626 0
1570355477835 0.011328089982271194 0
1570355479699 0.008312249556183815 0
1570355481352 0.011397935450077057 0
1570355483029 0.014468615874648094 0
1570355484889 0.013823261484503746 0
1570355486676 0.015222407877445221 0
1570355488487 0.008833317086100578 0
1570355490313 0.009319977834820747 0
1570355492011 0.011624704115092754 0
1570355493869 0.011149970814585686 0
1570355495550 0.013108061626553535 0
1570355497316 0.012260936200618744 0
1570355499070 0.008389420807361603 0
1570355500809 0.010823116637766361 0
1570355502594 0.009404425509274006 0
1570355504391 0.012215150520205498 0
1570355506271 0.009409850463271141 0
1570355508086 0.009900636039674282 0
1570355509805 0.013455010950565338 0
1570355511676 0.010199235752224922 0
1570355513548 0.010941809043288231 0
1570355515463 0.009570682421326637 0
1570355517341 0.010472765192389488 0
1570355519153 0.009669146500527859 0
1570355521007 0.01188526302576065 0
1570355522902 0.012212105095386505 0
1570355524730 0.010946210473775864 0
1570355526544 0.012192323803901672 0
1570355528404 0.008182377554476261 0
1570355530288 0.01240284088999033 0
1570355532147 0.012706907466053963 0
1570355533979 0.01052531972527504 0
1570355535823 0.007704311050474644 0
1570355537711 0.008905994705855846 0
1570355539588 0.011727806180715561 0
1570355541365 0.010083925910294056 0
1570355543098 0.012208797037601471 0
1570355544974 0.010792667977511883 0
1570355546811 0.008368903771042824 0
1570355548658 0.010897794738411903 0
1570355550492 0.01036093570291996 0
1570355552281 0.009238054044544697 0
1570355554106 0.011583501473069191 0
1570355555961 0.009760851040482521 0
1570355557796 0.008997081778943539 0
1570355559623 0.011252069845795631 0
1570355561470 0.011926421895623207 0
1570355563383 0.010065642185509205 0
1570355565241 0.011242549866437912 0
1570355567077 0.007507221773266792 0
1570355568906 0.012488236650824547 0
1570355570764 0.010184606537222862 0
1570355572738 0.011064724996685982 0
1570355574557 0.008797870948910713 0
1570355576412 0.011288058012723923 0
1570355578243 0.00950261764228344 0
1570355580068 0.01262042485177517 0
1570355581967 0.01496332697570324 0
1570355583764 0.009397860616445541 0
1570355585597 0.014184814877808094 0
1570355587439 0.011120630428195 0
1570355589306 0.010019374080002308 0
1570355591175 0.007871508598327637 0
1570355593064 0.012009751051664352 0
1570355594905 0.012913953512907028 0
1570355596819 0.009647905826568604 0
1570355598662 0.008577262051403522 0
1570355600525 0.01409713551402092 0
1570355602380 0.010046526789665222 0
1570355604222 0.012528207153081894 0
1570355606087 0.014591525308787823 0
1570355607931 0.014014266431331635 0
1570355609748 0.011493553407490253 0
1570355611612 0.01174175925552845 0
1570355613495 0.011609857901930809 0
1570355615284 0.008690979331731796 0
1570355617114 0.00934474729001522 0
1570355619041 0.011069743894040585 0
1570355620985 0.011025754734873772 0
1570355622831 0.011494044214487076 0
1570355624663 0.009378286078572273 0
1570355626483 0.010300693102180958 0
1570355628322 0.011353671550750732 0
1570355630152 0.011278893798589706 0
1570355631987 0.011514421552419662 0
1570355633853 0.00919441320002079 0
1570355635703 0.011786418035626411 0
1570355637569 0.0104091577231884 0
1570355639476 0.011267183348536491 0
1570355641350 0.014861248433589935 0
1570355643241 0.009018274024128914 0
1570355645070 0.010920912027359009 0
1570355646901 0.00986393354833126 0
1570355648699 0.01316746324300766 0
1570355650521 0.01604485884308815 0
1570355652239 0.010516975075006485 0
1570355654068 0.010030850768089294 0
1570355655968 0.009486345574259758 0
1570355657809 0.009563213214278221 0
1570355659658 0.009973060339689255 0
1570355661599 0.00835709273815155 0
1570355663553 0.012684483081102371 0
1570355665269 0.008396544493734837 0
1570355667117 0.010813362896442413 0
1570355668955 0.011195939034223557 0
1570355670866 0.01495605893433094 0
1570355672694 0.013253302313387394 0
1570355674449 0.008074421435594559 0
1570355676270 0.013500118628144264 0
1570355678208 0.008237792178988457 0
1570355680145 0.011527633294463158 0
1570355681978 0.012125341221690178 0
1570355683824 0.010004252195358276 0
1570355685666 0.011076634749770164 0
1570355687473 0.013584213331341743 0
1570355689295 0.007729018107056618 0
1570355691116 0.012825701385736465 0
1570355692962 0.011532696895301342 0
1570355694723 0.01090287510305643 0
1570355696511 0.008062802255153656 0
1570355698237 0.012906817719340324 0
1570355700134 0.008495091460645199 0
1570355701959 0.009145477786660194 0
1570355703738 0.011800635606050491 0
1570355705485 0.01101168617606163 0
1570355707446 0.010300181806087494 0
1570355709300 0.012958012521266937 0
1570355711187 0.01020793803036213 0
1570355713038 0.013667391613125801 0
1570355714775 0.014671295881271362 0
1570355716618 0.012636752799153328 0
1570355718449 0.009950954467058182 0
1570355720301 0.012254470959305763 0
1570355722153 0.010861102491617203 0
1570355724004 0.007988663390278816 0
1570355725831 0.01236420776695013 0
1570355727659 0.0057600135914981365 0
1570355729666 0.010233692824840546 0
1570355731476 0.010273219086229801 0
1570355733247 0.01057733129709959 0
1570355735068 0.010986683890223503 0
1570355736802 0.01089388132095337 0
1570355738672 0.008988804183900356 0
1570355740497 0.018296439200639725 0
1570355742292 0.009491346776485443 0
1570355744206 0.011954073794186115 0
1570355746035 0.014543978497385979 0
1570355747894 0.009584683924913406 0
1570355749680 0.010724267922341824 0
1570355751582 0.008235391229391098 0
1570355753431 0.010586676187813282 0
1570355755317 0.008962615393102169 0
1570355757181 0.010336790233850479 0
1570355759035 0.010763955302536488 0
1570355760887 0.009319238364696503 0
1570355762791 0.010141648352146149 0
1570355764642 0.013679745607078075 0
1570355766529 0.008285606279969215 0
1570355768391 0.01190534234046936 0
1570355770268 0.008760817348957062 0
1570355772169 0.011297852732241154 0
1570355774044 0.009583387523889542 0
1570355775797 0.009854673407971859 0
1570355777521 0.009570343419909477 0
1570355779343 0.012959839776158333 0
1570355781190 0.01138484850525856 0
1570355783004 0.010375230573117733 0
1570355784864 0.012964134104549885 0
1570355786528 0.00856737419962883 0
1570355788223 0.013419031165540218 0
1570355789930 0.009334953501820564 0
1570355791727 0.008691202849149704 0
1570355793556 0.009575353935360909 0
1570355795432 0.010432281531393528 0
1570355797286 0.010837670415639877 0
1570355799160 0.007634086534380913 0
1570355801022 0.010310396552085876 0
1570355802930 0.010238833725452423 0
1570355804774 0.012433008290827274 0
1570355806607 0.011255143210291862 0
1570355808391 0.00941486656665802 0
1570355810355 0.009173818863928318 0
1570355812257 0.007588495500385761 0
1570355814083 0.009270776063203812 0
1570355815958 0.008619740605354309 0
1570355817915 0.010433914139866829 0
1570355819727 0.010536275804042816 0
1570355821588 0.011447147466242313 0
1570355823414 0.006939026527106762 0
1570355825302 0.010223789140582085 0
1570355827214 0.007828839123249054 0
1570355829053 0.009052938781678677 0
1570355830899 0.01091726217418909 0
1570355832759 0.011569123715162277 0
1570355834600 0.010929716750979424 0
1570355836467 0.012439019978046417 0
1570355838304 0.010477656498551369 0
1570355840237 0.014646384865045547 0
1570355842130 0.01202940009534359 0
1570355843979 0.009666879661381245 0
1570355845878 0.013768749311566353 0
1570355847810 0.009366383776068687 0
1570355849675 0.009692991152405739 0
1570355851563 0.009051843546330929 0
1570355853439 0.01310106460005045 0
1570355855344 0.009354425594210625 0
1570355857312 0.009255627170205116 0
1570355859095 0.013076208531856537 0
1570355860968 0.011075652204453945 0
1570355862865 0.009916415438055992 0
1570355864705 0.010573482140898705 0
1570355866555 0.01010908093303442 0
1570355868419 0.011557330377399921 0
1570355870223 0.010019125416874886 0
1570355872146 0.011574777774512768 0
1570355873969 0.008958777412772179 0
1570355875850 0.010379698127508163 0
1570355877698 0.009896041825413704 0
1570355879529 0.014128021895885468 0
1570355881391 0.01122852973639965 0
1570355883262 0.011874111369252205 0
1570355885102 0.010657420381903648 0
1570355886992 0.008391162380576134 0
1570355888823 0.009296423755586147 0
1570355890693 0.009112918749451637 0
1570355892502 0.009860275313258171 0
1570355894404 0.00934351421892643 0
1570355896176 0.009488771669566631 0
1570355897997 0.007471345365047455 0
1570355899871 0.010110188275575638 0
1570355901797 0.009397203102707863 0
1570355903710 0.012410000897943974 0
1570355905594 0.010878732427954674 0
1570355907560 0.010770140215754509 0
1570355909448 0.013540214858949184 0
1570355911314 0.014216503128409386 0
1570355913184 0.013104548677802086 0
1570355915094 0.00956504512578249 0
1570355916813 0.01041482388973236 0
1570355918682 0.007724527269601822 0
1570355920567 0.007985813543200493 0
1570355922318 0.012130580842494965 0
1570355924167 0.014870967715978622 0
1570355926046 0.010445133782923222 0
1570355927876 0.011839663609862328 0
1570355929708 0.008144378662109375 0
1570355931559 0.016986005008220673 0
1570355933441 0.008401826024055481 0
1570355935307 0.011701637879014015 0
1570355937175 0.010529869236052036 0
1570355939002 0.009563613682985306 0
1570355940858 0.008695105090737343 0
1570355942713 0.009126070886850357 0
1570355944567 0.01056671142578125 0
1570355946424 0.012737685814499855 0
1570355948301 0.010635375045239925 0
1570355950200 0.010222818702459335 0
1570355952182 0.011039160192012787 0
1570355954107 0.011306436732411385 0
1570355955990 0.007359751500189304 0
1570355957886 0.009998777881264687 0
1570355959863 0.009485657326877117 0
1570355961810 0.007853822782635689 0
1570355963683 0.01127262320369482 0
1570355965590 0.01206230465322733 0
1570355967590 0.008879318833351135 0
1570355969551 0.013537690043449402 0
1570355971489 0.011970644816756248 0
1570355973462 0.009290406480431557 0
1570355975442 0.013480206951498985 0
1570355977328 0.008167477324604988 0
1570355979275 0.007263594307005405 0
1570355981181 0.011144578456878662 0
1570355983113 0.012828809209167957 0
1570355984992 0.011653715744614601 0
1570355986901 0.0071390727534890175 0
1570355988796 0.007818903774023056 0
1570355990701 0.011405443772673607 0
1570355992642 0.008360756561160088 0
1570355994520 0.01116655021905899 0
1570355996418 0.009894058108329773 0
1570355998336 0.007016269024461508 0
1570356000290 0.006871027871966362 0
1570356002189 0.008711865171790123 0
1570356004096 0.010743724182248116 0
1570356006045 0.007858156226575375 0
1570356007970 0.008817403577268124 0
1570356009882 0.008134840056300163 0
1570356011779 0.0127774178981781 0
1570356013755 0.008995022624731064 0
1570356015717 0.012224702164530754 0
1570356017576 0.010054212063550949 0
1570356019475 0.00922712218016386 0
1570356021457 0.007225580047816038 0
1570356023410 0.010313917882740498 0
1570356025331 0.012516450136899948 0
1570356027231 0.011921627447009087 0
1570356029193 0.009189056232571602 0
1570356031162 0.01196605246514082 0
1570356033049 0.009571269154548645 0
1570356034943 0.007744822651147842 0
1570356036909 0.010849532671272755 0
1570356038851 0.012308334931731224 0
1570356040802 0.011688336730003357 0
1570356042632 0.011882822960615158 0
1570356044464 0.007177075371146202 0
1570356046413 0.009246757254004478 0
1570356048324 0.009161185473203659 0
1570356050244 0.010566029697656631 0
1570356052225 0.00911637581884861 0
1570356054208 0.01111927442252636 0
1570356056113 0.00831543281674385 0
1570356058040 0.00881127081811428 0
1570356060009 0.009629398584365845 0
1570356061962 0.008448428474366665 0
1570356063879 0.005996984429657459 0
1570356065891 0.00829579308629036 0
1570356067782 0.010901054367423058 0
1570356069660 0.009750418365001678 0
1570356071540 0.009623493999242783 0
1570356073431 0.008414337411522865 0
1570356075299 0.011432268656790257 0
1570356077216 0.008599372580647469 0
1570356079146 0.014556903392076492 0
1570356081103 0.012794217094779015 0
1570356082891 0.007993556559085846 0
1570356084788 0.011155401356518269 0
1570356086749 0.01320720836520195 0
1570356088665 0.011644141748547554 0
1570356090630 0.009047726169228554 0
1570356092590 0.010171158239245415 0
1570356094485 0.00884197186678648 0
1570356096399 0.00912815984338522 0
1570356098367 0.009931882843375206 0
1570356100336 0.007472682744264603 0
1570356102251 0.012969261035323143 0
1570356104183 0.010129236616194248 0
1570356106166 0.009995756670832634 0
1570356108138 0.010151591151952744 0
1570356110080 0.009203988127410412 0
1570356112001 0.007782271131873131 0
1570356113921 0.010322198271751404 0
1570356115821 0.009445372968912125 0
1570356117631 0.008110389113426208 0
1570356119554 0.008527977392077446 0
1570356121465 0.008232132531702518 0
1570356123311 0.010806379839777946 0
1570356125153 0.008792219683527946 0
1570356126992 0.00966652762144804 0
1570356128980 0.010627105832099915 0
1570356130951 0.010165056213736534 0
1570356132913 0.011369135230779648 0
1570356134911 0.009333117865025997 0
1570356136824 0.006625444162636995 0
1570356138730 0.01360926404595375 0
1570356140685 0.009239763021469116 0
1570356142591 0.008978277444839478 0
1570356144514 0.009594801813364029 0
1570356146453 0.009553760290145874 0
1570356148366 0.009007777087390423 0
1570356150298 0.0077385189943015575 0
1570356152289 0.006418624427169561 0
1570356154247 0.012483390048146248 0
1570356156174 0.009789559058845043 0
1570356158146 0.00958325807005167 0
1570356160206 0.007163165137171745 0
1570356162137 0.012067796662449837 0
1570356164110 0.008639072999358177 0
1570356166112 0.011968925595283508 0
1570356168026 0.007615314330905676 0
1570356170018 0.009048014879226685 0
1570356171983 0.0099486680701375 0
1570356173926 0.009337343275547028 0
1570356175854 0.009877357631921768 0
1570356177805 0.010052487254142761 0
1570356179779 0.011796769686043262 0
1570356181785 0.010225244797766209 0
1570356183780 0.010673023760318756 0
1570356185647 0.008386146277189255 0
1570356187526 0.007711215876042843 0
1570356189444 0.011266134679317474 0
1570356191402 0.008939992636442184 0
1570356193407 0.012145106680691242 0
1570356195334 0.010892688296735287 0
1570356197360 0.008980900049209595 0
1570356199327 0.009725136682391167 0
1570356201274 0.0075090667232871056 0
1570356203217 0.010228845290839672 0
1570356205143 0.00957389548420906 0
1570356207181 0.010097109712660313 0
1570356209101 0.009878686629235744 0
1570356211028 0.00954761914908886 0
1570356212970 0.009793391451239586 0
1570356214980 0.014172584749758244 0
1570356217087 0.007872097194194794 0
1570356219070 0.010110875591635704 0
1570356221007 0.010005820542573929 0
1570356223007 0.00999162532389164 0
1570356224964 0.011477436870336533 0
1570356226917 0.011053329333662987 0
1570356228848 0.009197160601615906 0
1570356230828 0.011134057305753231 0
1570356232804 0.00906766951084137 0
1570356234771 0.011284889653325081 0
1570356236793 0.009538741782307625 0
1570356238692 0.010478457435965538 0
1570356240675 0.013922234065830708 0
1570356242602 0.009101473726332188 0
1570356244618 0.008079910650849342 0
1570356246672 0.006662268191576004 0
1570356248645 0.010489312931895256 0
1570356250613 0.009993662126362324 0
1570356252417 0.007966159842908382 0
1570356254346 0.009201123379170895 0
1570356256259 0.007949942722916603 0
1570356258210 0.008090387098491192 0
1570356260193 0.011870088055729866 0
1570356262191 0.007852566428482533 0
1570356264149 0.009581051766872406 0
1570356266112 0.007989855483174324 0
1570356268065 0.00990765355527401 0
1570356270177 0.009146452881395817 0
1570356272135 0.009430425241589546 0
1570356274074 0.009568162262439728 0
1570356276007 0.008310777135193348 0
1570356278066 0.010859763249754906 0
1570356280111 0.014014463871717453 0
1570356282064 0.010447614826261997 0
1570356284027 0.0077185360714793205 0
1570356286044 0.009737305343151093 0
1570356288025 0.009005945175886154 0
1570356289967 0.009082620963454247 0
1570356292001 0.012531915679574013 0
1570356293986 0.01059227716177702 0
1570356295969 0.00923820398747921 0
1570356297934 0.012107523158192635 0
1570356299826 0.007536236196756363 0
1570356301712 0.01022855844348669 0
1570356303637 0.008802591823041439 0
1570356305562 0.00996420718729496 0
1570356307493 0.010002506896853447 0
1570356309415 0.008686833083629608 0
1570356311401 0.009270234033465385 0
1570356313406 0.009471029043197632 0
1570356315368 0.007890765555202961 0
1570356317362 0.009798901155591011 0
1570356319368 0.011225465685129166 0
1570356321385 0.008122967556118965 0
1570356323323 0.009299611672759056 0
1570356325280 0.008160104043781757 0
1570356327221 0.00993861723691225 0
1570356329122 0.009077409282326698 0
1570356331025 0.010070785880088806 0
1570356332944 0.011803118512034416 0
1570356334919 0.009673181921243668 0
1570356336849 0.009775406681001186 0
1570356338786 0.008877977728843689 0
1570356340803 0.00943269208073616 0
1570356342753 0.009970027022063732 0
1570356344662 0.008278872817754745 0
1570356346593 0.009496758691966534 0
1570356348554 0.014796644449234009 0
1570356350609 0.012569805607199669 0
1570356352533 0.009473863989114761 0
1570356354536 0.009698277339339256 0
1570356356482 0.008099174126982689 0
1570356358428 0.009198371320962906 0
1570356360346 0.008983196690678596 0
1570356362272 0.008975130505859852 0
1570356364217 0.006902881897985935 0
1570356366119 0.01351928897202015 0
1570356368037 0.006380043923854828 0
1570356369946 0.010039272718131542 0
1570356371932 0.011588037945330143 0
1570356373851 0.009258195757865906 0
1570356375798 0.008002372458577156 0
1570356377703 0.008423415943980217 0
1570356379641 0.009351300075650215 0
1570356381662 0.009173667058348656 0
1570356383604 0.011605718173086643 0
1570356385533 0.009362866170704365 0
1570356387554 0.007412352133542299 0
1570356389535 0.008587353862822056 0
1570356391453 0.008402889594435692 0
1570356393381 0.008445990271866322 0
1570356395336 0.01006796583533287 0
1570356397324 0.009073905646800995 0
1570356399324 0.010337314568459988 0
1570356401253 0.00813292060047388 0
1570356403253 0.012478597462177277 0
1570356405163 0.011912012472748756 0
1570356407087 0.006926599889993668 0
1570356409013 0.008810577914118767 0
1570356411116 0.010581334121525288 0
1570356413034 0.008845723234117031 0
1570356415053 0.009159833192825317 0
1570356417094 0.007049183826893568 0
1570356419118 0.009230009280145168 0
1570356421093 0.007524593733251095 0
1570356423143 0.009816637262701988 0
1570356425113 0.009100805968046188 0
1570356427069 0.007877535186707973 0
1570356428966 0.010749168694019318 0
1570356430794 0.010335542261600494 0
1570356432760 0.010795632377266884 0
1570356434797 0.0073138694278895855 0
1570356436747 0.00989498384296894 0
1570356438579 0.006666604429483414 0
1570356440449 0.00672548171132803 0
1570356442395 0.009989311918616295 0
1570356444226 0.00893737468868494 0
1570356446125 0.007640349678695202 0
1570356448033 0.008314082399010658 0
1570356450018 0.007913583889603615 0
1570356452035 0.009925800375640392 0
1570356454016 0.007560056634247303 0
1570356455992 0.008549589663743973 0
1570356457988 0.008466284722089767 0
1570356459974 0.007231921423226595 0
1570356461967 0.00978983473032713 0
1570356463917 0.009171976707875729 0
1570356465907 0.012346085160970688 0
1570356467811 0.00742647610604763 0
1570356469793 0.008267389610409737 0
1570356471829 0.009326046332716942 0
1570356473811 0.006155442912131548 0
1570356475790 0.007445507682859898 0
1570356477779 0.009503809735178947 0
1570356479763 0.010361002758145332 0
1570356481727 0.01024285051971674 0
1570356483761 0.009990392252802849 0
1570356485779 0.009476585313677788 0
1570356487848 0.006888404954224825 0
1570356489885 0.01115654781460762 0
1570356491867 0.009693881496787071 0
1570356493866 0.010869575664401054 0
1570356495969 0.010209334082901478 0
1570356497940 0.008105333894491196 0
1570356499929 0.0077440692111849785 0
1570356501855 0.009670299477875233 0
1570356503885 0.00928732380270958 0
1570356505850 0.007130676880478859 0
1570356507860 0.011399002745747566 0
1570356509948 0.013039298355579376 0
1570356512029 0.00960761122405529 0
1570356513964 0.0050729066133499146 0
1570356515861 0.010083922185003757 0
1570356517724 0.007740465924143791 0
1570356519736 0.007127691060304642 0
1570356521710 0.008754976093769073 0
1570356523667 0.009855217300355434 0
1570356525643 0.01001384574919939 0
1570356527602 0.007512898184359074 0
1570356529574 0.007635599002242088 0
1570356531545 0.009007887914776802 0
1570356533595 0.007468218915164471 0
1570356535559 0.007711132988333702 0
1570356537542 0.007652177009731531 0
1570356539527 0.008512014523148537 0
1570356541513 0.01022717822343111 0
1570356543518 0.00813012383878231 0
1570356545494 0.009357457980513573 0
1570356547462 0.009326598607003689 0
